***** PARAMETERS PRP *****

Number of Customers = 20
Number of Products = 8
Number of Vehicles = 5
Number of Periods = 12

B = Production capacity
	26225

b_p = Time required to produce item p
 	1	1	1	1	1	1	1	1

c_p = Production cost of item p
 	80	80	80	80	30	30	80	30

s_p = Setup cost of item p
 	800	800	800	800	300	300	800	300

M = Big number
	104901

U_pi = Maximum inventory upper bound of item p at site i
 	104901	227	164	213	288	173	115	340	233	239	262	198	76	296	266	237	134	207	258	189	147
	104901	111	95	104	157	156	216	189	106	198	346	141	306	147	178	275	266	140	284	172	165
	104901	294	185	154	199	154	144	118	220	129	119	244	201	199	300	168	164	140	107	107	168
	104901	120	89	234	194	308	98	94	158	237	312	208	103	156	240	115	164	164	115	89	147
	104901	222	133	175	119	269	187	181	176	181	291	161	145	314	107	123	268	110	202	161	255
	104901	191	202	127	213	105	168	226	99	97	146	269	235	87	161	151	294	182	244	176	187
	104901	199	282	108	269	179	119	263	239	125	181	120	190	125	175	126	147	283	241	102	194
	104901	261	169	101	155	243	260	257	129	146	210	192	250	202	194	87	172	75	198	345	312

I_pi0 = Initial inventory of item p at site i
 	0	24	49	169	146	173	95	294	98	218	48	47	47	246	88	153	80	177	205	167	50
	0	107	86	98	33	108	152	45	58	71	136	85	96	106	136	86	176	115	261	151	145
	0	149	105	35	56	143	79	78	198	94	70	62	15	83	231	105	147	62	96	88	58
	0	80	76	68	178	156	75	65	100	118	151	48	51	69	175	58	95	160	96	89	30
	0	200	19	175	100	43	180	98	85	82	150	123	79	79	60	116	79	34	129	155	137
	0	69	97	95	65	25	16	78	70	25	39	49	55	54	79	62	176	122	42	139	81
	0	193	249	73	176	163	88	120	94	43	168	97	139	93	121	93	117	193	57	51	161
	0	226	115	33	118	241	203	72	40	126	156	121	82	194	191	85	109	69	147	331	25

h_pi = Inventory cost of item p at site i
 	8	0	0	0	0	0	0	0	0	0	0	0	0	0	0	0	0	0	0	0	0
	8	0	0	0	0	0	0	0	0	0	0	0	0	0	0	0	0	0	0	0	0
	8	0	0	0	0	0	0	0	0	0	0	0	0	0	0	0	0	0	0	0	0
	8	0	0	0	0	0	0	0	0	0	0	0	0	0	0	0	0	0	0	0	0
	3	0	0	0	0	0	0	0	0	0	0	0	0	0	0	0	0	0	0	0	0
	3	0	0	0	0	0	0	0	0	0	0	0	0	0	0	0	0	0	0	0	0
	8	0	0	0	0	0	0	0	0	0	0	0	0	0	0	0	0	0	0	0	0
	3	0	0	0	0	0	0	0	0	0	0	0	0	0	0	0	0	0	0	0	0

C = Vehicle capacity
	2768

f = Fixed transportation cost
	21315

a_ik = Transportation cost for traveling from node i to node k
 	0	179	408	439	341	533	140	449	185	234	392	495	470	564	421	429	574	529	360	353	380
	179	0	277	276	357	357	74	271	235	309	372	566	292	399	314	491	451	361	409	403	204
	408	277	0	371	303	344	351	240	313	366	253	527	250	447	511	455	600	192	381	381	271
	439	276	371	0	594	136	300	153	501	576	581	818	159	126	183	742	230	292	659	655	103
	341	357	303	594	0	617	397	507	157	134	82	230	523	700	669	155	799	494	79	79	495
	533	357	344	136	617	0	401	110	555	628	586	846	96	115	313	771	316	202	690	687	153
	140	74	351	300	397	401	0	327	257	326	424	590	348	425	293	518	441	429	439	433	250
	449	271	240	153	507	110	327	0	452	523	477	737	21	208	328	662	378	142	581	578	90
	185	235	313	501	157	555	257	452	0	75	214	334	471	619	544	262	685	482	184	177	414
	234	309	366	576	134	628	326	523	75	0	209	266	541	694	616	197	759	544	128	120	488
	392	372	253	581	82	586	424	477	214	209	0	277	491	678	677	210	797	443	150	153	479
	495	566	527	818	230	846	590	737	334	266	277	0	753	928	877	77	1015	718	160	164	722
	470	292	250	159	523	96	348	21	471	541	491	753	0	200	338	678	379	134	598	595	107
	564	399	447	126	700	115	425	208	619	694	678	928	200	0	251	852	212	317	770	766	208
	421	314	511	183	669	313	293	328	544	616	677	877	338	251	0	803	156	469	722	716	252
	429	491	455	742	155	771	518	662	262	197	210	77	678	852	803	0	940	646	84	88	646
	574	451	600	230	799	316	441	378	685	759	797	1015	379	212	156	940	0	510	858	852	330
	529	361	192	292	494	202	429	142	482	544	443	718	134	317	469	646	510	0	572	571	225
	360	409	381	659	79	690	439	581	184	128	150	160	598	770	722	84	858	572	0	8	563
	353	403	381	655	79	687	433	578	177	120	153	164	595	766	716	88	852	571	8	0	559
	380	204	271	103	495	153	250	90	414	488	479	722	107	208	252	646	330	225	563	559	0

coordXY = Coordinates (x,y): line zero => x line one => y column => customers
 	112	198	473	193	434	313	126	339	286	303	499	474	349	216	12	449	5	480	418	411	257
	622	466	433	191	733	129	483	235	683	756	684	959	217	68	214	887	59	242	810	808	271

d_pit = Demand of item p at customer i in period t
 	24	38	24	33	60	80	98	77	25	92	74	55
	49	95	17	38	97	64	60	33	34	39	39	89
	93	76	13	33	34	18	83	65	54	85	64	22
	91	55	33	65	92	16	43	19	49	99	94	36
	87	86	59	77	80	30	28	24	74	47	12	88
	36	59	50	47	78	75	49	36	31	82	53	95
	74	86	59	75	96	44	87	64	16	79	83	54
	98	92	59	84	38	47	43	51	63	23	83	19
	26	99	93	58	77	78	57	72	17	40	27	74
	23	25	12	68	73	63	93	36	93	80	40	22
	47	51	72	92	41	94	37	54	75	98	79	52
	47	69	15	58	29	47	18	25	29	14	85	22
	52	83	98	13	53	79	93	14	14	28	95	88
	75	13	56	38	61	64	20	51	87	98	55	21
	32	41	80	35	19	59	68	64	71	28	30	41
	80	95	62	98	61	53	96	75	25	56	62	39
	78	99	83	88	46	64	25	52	78	67	56	91
	44	63	80	18	63	94	96	54	96	40	32	95
	72	80	15	78	92	63	81	67	21	32	89	65
	50	31	69	65	51	26	70	44	44	35	73	28

	94	13	68	52	15	14	66	79	91	100	10	65
	74	12	49	41	55	55	39	91	10	28	59	59
	30	68	32	65	62	93	58	34	75	19	38	51
	33	63	45	68	12	51	34	13	96	77	88	48
	20	34	18	36	60	42	35	47	40	16	75	44
	37	38	77	88	38	25	24	48	42	51	81	98
	24	21	42	79	86	78	93	76	33	95	42	88
	22	36	42	86	95	74	21	95	57	30	23	57
	71	98	48	99	52	99	48	42	72	20	65	79
	95	41	51	52	32	71	99	84	68	88	74	75
	85	32	38	85	19	32	19	76	11	40	63	64
	96	51	30	91	80	51	18	69	99	45	29	75
	61	45	41	29	53	85	44	13	43	15	62	95
	21	80	11	24	52	85	68	93	70	45	83	80
	86	17	78	51	87	20	92	40	40	17	35	96
	38	90	48	19	81	91	49	90	62	38	13	20
	33	82	84	48	44	25	10	12	60	13	96	52
	86	92	68	15	92	47	42	16	28	86	19	91
	71	80	76	54	30	95	14	39	93	49	48	40
	56	89	62	59	84	14	19	58	29	60	46	83

	93	56	44	32	92	17	33	87	70	15	92	74
	78	27	91	89	93	37	95	75	18	46	41	50
	35	29	61	53	95	59	99	46	42	13	24	61
	56	37	97	69	54	83	66	67	29	99	87	52
	46	97	54	94	93	78	46	61	81	100	96	78
	79	83	15	37	11	50	54	57	28	52	55	53
	24	54	57	87	60	98	40	88	32	95	45	26
	20	69	74	35	46	59	56	53	46	65	58	78
	28	66	48	35	46	14	49	45	54	78	38	13
	70	15	88	70	45	92	14	52	76	47	86	56
	45	17	79	61	22	69	22	28	68	66	80	29
	15	48	18	11	86	67	22	75	47	18	41	35
	46	18	19	74	79	96	12	17	71	77	59	28
	57	55	35	84	69	80	89	67	33	71	27	52
	19	86	15	47	16	13	53	20	29	99	84	23
	41	31	50	25	48	58	23	59	52	36	23	45
	62	99	61	84	15	57	79	55	90	52	94	91
	96	23	56	20	31	35	73	91	29	78	79	28
	88	60	77	70	52	57	16	49	52	34	51	36
	58	56	38	95	20	83	52	88	43	55	32	50

	67	13	41	99	47	54	93	85	53	61	23	81
	20	40	16	58	99	62	49	37	26	55	29	41
	68	53	55	68	70	87	24	57	89	22	66	43
	30	91	24	33	38	70	69	69	91	84	78	98
	65	91	50	63	47	46	45	95	43	83	68	42
	75	63	11	29	61	94	12	39	48	38	37	79
	65	39	40	40	30	75	47	61	15	52	49	49
	51	19	30	80	43	53	12	29	58	11	52	37
	49	33	36	26	75	53	39	56	70	66	48	17
	70	39	42	79	93	50	70	91	48	73	73	21
	48	40	45	17	21	91	19	32	72	56	38	20
	51	53	19	61	98	76	11	61	54	62	55	14
	69	66	27	39	66	11	87	27	81	63	48	39
	73	35	67	27	61	24	32	38	60	77	51	32
	58	74	100	43	49	61	30	53	76	61	65	20
	24	28	43	99	24	20	37	88	14	49	47	19
	21	47	92	45	78	50	51	64	56	49	37	65
	75	21	55	64	14	87	18	74	79	81	61	62
	89	20	56	59	23	28	18	43	33	23	43	99
	16	14	94	31	17	90	34	94	41	73	26	58

	64	72	64	93	89	93	56	46	54	99	94	65
	19	54	67	48	16	17	87	71	50	25	35	42
	61	70	44	76	60	64	69	38	51	71	48	46
	100	77	49	99	47	50	25	71	36	14	61	83
	43	30	93	20	80	72	55	17	78	72	27	58
	71	39	70	57	89	92	94	44	29	24	47	91
	98	89	12	69	75	57	45	43	55	61	77	44
	20	15	50	93	62	30	60	80	18	29	49	22
	82	34	61	75	19	84	31	87	69	99	52	29
	75	75	40	75	43	11	85	70	15	90	49	70
	91	21	11	72	57	46	96	65	49	95	17	25
	79	36	67	25	57	68	61	29	81	23	42	12
	79	58	86	25	59	85	94	42	74	38	55	58
	60	94	69	36	36	39	18	87	27	60	67	48
	14	13	89	71	80	75	37	93	94	69	78	24
	79	68	71	62	49	61	41	16	47	27	29	94
	34	98	81	18	83	74	31	45	11	10	99	78
	35	94	50	82	38	18	32	50	42	56	95	15
	59	53	43	27	95	57	70	70	22	11	97	39
	42	95	41	26	84	73	42	19	33	99	26	33

	69	75	35	96	91	69	13	48	53	74	45	95
	97	24	78	100	27	64	33	50	93	78	91	72
	95	49	42	49	97	47	99	85	35	76	14	72
	65	29	21	32	73	55	92	72	72	41	56	32
	25	85	71	37	39	45	37	33	71	83	62	44
	16	83	71	11	68	20	15	79	36	31	33	41
	16	47	15	60	62	83	22	20	52	76	40	49
	70	63	16	61	21	18	51	55	13	91	87	47
	25	32	56	90	58	22	70	39	53	38	76	24
	39	41	15	56	56	61	50	20	24	59	78	84
	49	84	12	71	85	80	66	38	31	96	97	97
	27	28	35	43	75	68	22	57	18	75	39	78
	54	52	64	62	30	20	21	28	37	74	11	69
	79	52	64	42	58	63	27	97	19	51	56	35
	62	91	42	39	19	90	25	85	30	25	34	62
	84	35	57	53	71	76	25	89	68	70	20	58
	65	57	37	19	11	81	39	82	27	45	49	35
	42	40	88	14	46	16	61	20	13	89	60	97
	84	55	82	59	25	82	70	50	66	85	21	23
	81	30	51	19	72	29	49	92	73	76	87	88

	97	66	30	51	93	60	14	73	51	95	68	96
	65	38	72	74	52	25	87	27	92	61	15	69
	15	58	96	50	13	91	13	16	83	81	87	46
	58	99	19	82	39	17	87	17	69	22	54	83
	10	13	95	45	22	32	42	29	28	15	86	13
	88	89	49	11	71	94	54	83	39	41	64	28
	89	31	45	44	63	60	55	95	70	24	25	29
	53	41	81	19	46	81	16	31	20	47	99	40
	43	84	36	40	72	100	87	60	38	40	60	90
	70	24	74	42	32	27	17	79	50	12	32	83
	84	13	95	67	14	57	73	78	25	98	62	51
	83	56	53	45	82	65	83	58	82	24	49	80
	93	68	63	53	47	14	63	78	52	64	64	90
	68	53	94	28	55	29	19	77	78	85	59	55
	93	44	86	74	45	91	34	24	64	18	89	94
	49	68	55	41	31	45	67	87	15	92	15	22
	88	50	55	41	79	79	16	74	53	32	91	21
	57	69	37	68	47	60	56	14	22	68	50	30
	38	13	16	16	45	32	33	28	11	77	18	82
	89	72	61	70	51	48	41	84	41	68	64	87

	62	32	82	50	93	75	11	89	80	98	59	51
	77	38	70	16	44	71	88	99	79	57	16	21
	33	43	52	61	75	38	96	34	49	52	53	19
	52	17	49	46	53	72	79	34	51	36	73	58
	78	86	77	49	81	95	28	34	25	72	59	45
	18	87	82	16	74	82	58	31	47	31	42	57
	19	24	29	33	68	87	69	88	30	70	16	84
	40	85	67	51	23	27	28	48	71	11	53	13
	21	61	44	47	36	22	90	94	65	67	11	25
	97	59	58	48	38	55	46	75	47	13	77	18
	81	40	94	96	86	16	75	85	22	50	26	98
	82	55	90	83	82	69	29	51	68	53	29	58
	51	91	52	70	54	36	57	83	60	80	93	80
	76	24	41	50	13	55	59	71	29	43	56	65
	25	33	27	23	74	26	72	59	66	26	51	39
	60	49	75	93	36	39	24	78	26	81	31	95
	33	36	43	58	15	12	97	21	15	56	39	23
	63	84	80	31	38	34	54	18	54	92	34	13
	93	99	70	69	86	63	60	52	87	40	98	10
	25	100	62	79	11	30	99	63	83	59	90	47

