 Le nombre total de clients est : 50

 Le nombre total de périodes est : 20

 Le cout kilométrique est : 15

  1 :      9     47    109  234  340  374  397  146  369  258  200  142  165  349  212  227  103   92  247  173  137  152
  2 :     10     96    224  381  340  145  354  290  221  398  301  332  220  218  115  180  111  189  232  199   56   67
  3 :     54     13    277  154  223  151  307  329  177  301  278  248  144  258  172  224  241  209  171  115  145  202
  4 :     27     83    371  326  343  397  132  208  175  113  263  240  126  167  194  135  107   93  192   70  101  126
  5 :      3     34    377  152  324  248  198  384  175  226  283  366  174  344   55   82  114  121  114   61  129  226
  6 :     83     46    119  324  181  135  118  370  166  233  312  249  164  314   59   71  187  205   84  162   54  213
  7 :     97     34    323  367  220  208  397  293  263  210  380  114  233  198  241   93   67  236  105  164  203  194
  8 :     53     23    151   78   30   85  182   49  112   85  147   78  297  161  147  118  248  286  389  101  356  355
  9 :     48     89     52   27   51   20   34  182  133   51  162  119  101   55  272  329  180  343  350  110  116  268
 10 :     39      0    159  141  110   24  154   38  193  132  279  270  134  278  335  193  238  289  225  138  146  332
 11 :     58     21     88   72  109  101  144  121   54  133  206  197  177  302  105  234  192  259  257  204  122  309
 12 :     96     10    184  158   51  177   62  172   57  163  219  308  138   78  169  115  228  299  331  213  342  313
 13 :     35     91    158   68   33   64  185  195  125  166  108  251  139   83  128  301  269  380  270  280  282  296
 14 :     42     16     61  176  173  191  113   94   30  181   88   57  178  154  256  208  229  236  131  291  336  252
 15 :     14     95    173  119  100  139  134   64   30   94   79  119   66  254  302  237   98  167  152  192  223  101
 16 :     84     17    124   22  152   60  199  134  194   56  323  113  255  269  214   78  112  217  191  190  292  252
 17 :     77     53    159  148  129   92  174  106  163  177  102   61   58  127  336  213  198  197  106  324  321  237
 18 :     31     32     57  171  104   41  142  185   96  157  283  303  247  187  340  279  269  161  190  229  275  237
 19 :     68      9    151  145   39  161  146  195  178  159  249  186  145  261  152  333  318  320  131  151  254  210
 20 :     19      1     39  190  110  171  182  149   96   24  345   93  154  232  349  143  272  383  200  224  243  293
 21 :     16     19    185   78  152  145  150  178   21  102  239  103   56  184  303   80  273  324  190  150  358  272
 22 :     24     71     27   87   99  135   25   94  101   50  164  174  260  115  120  160  264  218  157  196  156  127
 23 :     50     50    157   55  109  177  171  190  147  196  308  156  185  251   86  297  270  298  308  241  284  163
 24 :     84     99     41  112  175  120   84  123   22   40   90   56  295  320  349  321  135  339  377  263  272  146
 25 :     20     68     97   46  178  126  130   77   58   22  253  313  342   68  238  220  257  399  358  192  328  315
 26 :     15     38     77   95  149  177   43  141  191   69  151  283  302  213  304  336  105  287  365  231  174  307
 27 :     15     37     53   42  173   80   99  186  136  116  166  292  113  281   75   62  329  357  201  244  384  162
 28 :     33     34    219  298  282  212  305  176  165  365  186  340  199  255  256  154  239  243  225  132  158   58
 29 :     83     10    280  404  209  328  359  181  188  216  301  228  188  218  267  192  247  153  153  291  118   59
 30 :     73     20    333  373  275  205  497  301  194  485  486  175  190  123  132  128  103  202  173  220   42   25
 31 :     48     24    413  293  460  461  452  311  163  467  300  170  289  174  101  264  298  169  260  211  173  136
 32 :      1      9    396  476  485  174  466  384  225  262  478  202  277  256  112  179  113  206  228  151  185   58
 33 :     28     90    486  457  405  352  369  217  278  439  157  426  196  286  281  256  171  224  107  235  188  155
 34 :     44     88    482  379  440  475  160  492  406  226  436  454  194  120  164  171  155  280  205  113  116  134
 35 :     57     94    447  484  444  489  274  277  251  310  390  350  269  102  185  240  299  124  224  206  191  106
 36 :     98     11    207  383  439  353  468  322  311  466  169  258  169  275  231  150  297  297  150  164  100   88
 37 :      2     83    440  290  332  280  260  286  268  490  370  474  259  110  185  156  228  230  240  148  124  139
 38 :     53     95    293  379  486  318  204  269  209  499  463  398  292  202  222  232  215  149  263  235  171   81
 39 :     79     66    429  350  226  267  175  381  267  494  337  336  277  123  149  166  232  129  241  213   27  194
 40 :      9     11    252  477  392  417  396  401  482  239  326  438  267  132  161  263  100  280  131  215   22  154
 41 :     79     99    295  107  141  174  200  222  169  220  245  162  165  112  137  184  277  144  124  150  180  234
 42 :     98     79    206  150  237  246  226  149  286  258  276  253  251  104  232  119  186  176  109  111  160  278
 43 :     77     90    138  271  286  154  113  232  165  260  137  259  120  190  170  126  252  190  136  256  192  265
 44 :     99     61    224  196  107  258  205  297  267  114  283  274  230  193  152  101  158  267  154  190  136  230
 45 :     59     81    292  159  296  149  233  240  151  229  229  255  278  215  135  201  246  172  131  259  135  290
 46 :     57     56    226  178  131  243  215  151  293  237  119  127  159  126  288  108  187  205  179  137  188  150
 47 :     39     50    214  263  207  161  242  259  113  169  120  149  149  182  159  261  246  184  221  256  294  258
 48 :      5     95    170  117  145  194  106  199  279  102  286  192  173  201  165  173  142  281  146  150  285  285
 49 :     72      2    250  273  246  175  242  290  224  275  291  107  261  107  264  225  153  167  275  146  219  102
 50 :     81     31    142  112  120  199  219  152  104  139  140  134  170  128  250  293  106  144  281  230  196  285
