 Le nombre total de clients est : 100

 Le nombre total de périodes est : 20

 Le cout kilométrique est : 15

  1 :     35     34    348  246  168  465  285  117  270  264  272  179  265  276  267  215  278  138  154  175  331  384
  2 :     55     74    263  421  494  439  255  453  442   67  157   84  146  216   89  212  106  207  151  104  214  162
  3 :     66     89    438  157  301  114  270  205  161  213   72   78  244  223   81  199  305  231  369  277  145  294
  4 :     92      1    316  148  380  460  426  460  148  204  217  165  156  298  255  114  296  105  148  153  202  268
  5 :     26     60    346  306  187  479  145  152  457  133  108  231   85   59  201  199  245  250  281  316  119  375
  6 :     75     66    474  188  281  347  267  303  200   78  278  193  169  238  177  154  324  368  300  335  248  335
  7 :     47     94    478  489  394  342  209  326  272  174  256   90  265  147  297  124  164  272  123  232  273  179
  8 :     88     43    208  434  371  100  125  373  350  218  100  269  107  154  290  283  110  366  183  175  230  378
  9 :     96     97    369  372  305  216  491  479  237  201  180  117  191   75  126  167  376  122  345  338  204  306
 10 :     75     64    423  305  234  221  488  371  163  184  177   78  187  269  254   77  366  189  120  357  260  116
 11 :      2     20    118  281  315  385  346  455  398   82  227  229  235  270  221  104  356  374  282  210  329  365
 12 :     35     96    405  377  325  353  300  225  156  220  124  124  125  152  274  135  269  355  127  262  269  185
 13 :     70     67    177  460  235  426  123  202  338  161  280  225  168  273   66   72  161  370  212  356  123  262
 14 :     25     41    332  155  440  175  349  175  219  234  202  163  170  183  197  118  320  241  140  157  290  369
 15 :     18     46    475  494  357  123  490  459  348  196  153   60  156  251  122   98  290  165  307  199  262  203
 16 :     63     77    323  340  344  422  464  366  188  181   73  184  178  103  167   82  334  129  180  232  147  282
 17 :      4     43    495  371  151  201  299  484  227  238  217  285  155  265  270  255  134  399  365  330  228  258
 18 :     47     23    292  211  483  389  115  439  253  185  180  165  150  116  183   64  320  280  288  380  255  238
 19 :     76     30    142  331  495  398  174  208  168  198  154  176  119   68  270  189  151  204  392  219  281  268
 20 :     68     37    172  414  226  125  403  287  100  110  111   57   74  168  181  289  319  276  234  295  322  308
 21 :     15      7    359  200  154  292  206  194  411   96  204  156  261  181  210  128  272  379  100  243  322  317
 22 :     43     47    395  379  490  417  142  449  217  269  169   97  168  248   52  222  259  389  238  127  299  292
 23 :     88     68    404  118  421  440  393  217  123  104   54  278  175  201  186  100  193  221  359  145  283  188
 24 :     43     13    126  106  207  309  360  187  137  188  191   93  169  215  245  264  155  258  327  392  127  387
 25 :     13      7    141  419  493  435  384  358  111   96  201  105  177  134  102  208  177  136  312  342  230  153
 26 :     32     18    178  350  357  463  101  315  128   72  214  156   54   96  200   70  174  257  331  143  212  385
 27 :     22     48    155  117  136  128  195  340  285  312  188  309  263  150  274  313  268  349  174  287  413  187
 28 :     12     90    181  153  118   37  253  288  284  197  286  170  338  221  199  308  276  334  323  152  106  367
 29 :     34     12    105   96  153   51  286  165  179  317  170  288  233  267  307  238  346  189  335  280  337  240
 30 :     74     62     53  171  152  152  304  321  283  162  322  290  275  345  303  169  183  243  220  288  404  233
 31 :     36      9    143  124  125  157  235  260  205  206  229  177  268  170  174  194  344  254  178  203  189  479
 32 :     56     53    124   53  126   74  179  210  172  249  212  258  230  256  180  191  296  267  182  186  289  176
 33 :     68     69     97   89  115  178  189  247  273  295  288  159  218  323  302  253  341  227  246  289  233  166
 34 :      6     87    120  121  151   78  228  298  231  271  264  210  270  162  190  242  271  221  338  316  486  230
 35 :     11     97    129  104  148  134  182  159  187  189  324  226  198  346  152  172  290  185  248  320  210  442
 36 :     51     43     40   68  172   64  288  345  269  223  228  348  320  294  334  206  278  286  226  293  225  363
 37 :     91     61     80  175   69   35  162  156  272  201  163  297  196  301  260  299  281  208  311  323  442  466
 38 :     73     35     43  131   58  184  225  335  154  173  332  218  173  294  325  332  242  223  201  219  372  152
 39 :     78     17    159  197   59  142  217  187  199  307  306  299  283  259  208  181  348  326  221  218  258  133
 40 :     93     18     95  105   30  147  302  274  285  211  170  242  228  278  223  261  272  276  291  185  362  420
 41 :      0     57    174   86   87  120  165  283  228  301  280  281  220  187  211  259  346  260  243  295  397  478
 42 :     58     40    147   69   70  147  295  268  217  299  179  240  338  307  289  216  297  260  235  348  230  425
 43 :     55     95     54   57  165   67  232  329  212  233  277  168  201  188  170  314  291  321  291  217  294  399
 44 :     34      4    155   34  126   30  243  315  316  217  171  213  324  178  183  236  242  174  164  213  415  400
 45 :     38     78    162  158   59  182  188  225  233  160  274  322  197  263  234  252  275  309  342  178  221  122
 46 :     13     84    164  161  197   79  251  237  302  185  347  184  261  302  186  286  280  207  216  249  344  189
 47 :     71     32    143   62  114  189  224  252  248  345  153  274  280  204  177  339  289  187  244  321  129  139
 48 :     11     53     62  180   45  192  321  318  163  262  331  289  282  189  333  205  162  291  278  193  483  139
 49 :     32     42    140   94  170   94  165  218  292  276  228  160  321  158  204  341  269  275  197  266  185  463
 50 :     91     54    135  148  180  183  277  248  330  279  203  302  188  271  199  308  167  290  187  343  393  421
 51 :      3     58    194   96  161   66  166  155  312  338  317  286  196  255  310  320  235  339  228  242  159  296
 52 :     76      0    181  151  191  128  265  321  196  180  180  220  329  173  316  274  228  205  292  300  275  406
 53 :     17     32    125  126   75  186  194  165  305  278  273  287  279  280  255  233  228  323  337  230  133  242
 54 :     50     27     52  154  141  158  196  314  183  152  305  336  160  335  181  272  273  308  341  213  303  312
 55 :     24     47    137  150   93   61  319  316  206  248  310  200  329  248  224  225  167  279  209  295  113  169
 56 :      3     54     78  157  165  174  321  204  323  334  278  343  332  200  276  239  302  307  172  170  322  337
 57 :     77     27    173   89  152   66  224  151  189  331  259  346  286  234  179  336  201  222  163  266  448  162
 58 :     57     83    119  121  164   44  318  324  192  271  239  331  317  287  191  236  274  155  240  270  381  312
 59 :      8     49     98  143   41  173  321  167  175  303  293  170  190  255  306  288  281  335  171  159  351  402
 60 :     83     17    176  180   34   47  184  239  260  205  230  289  230  344  278  258  180  157  262  290  319  398
 61 :     46     86     95  112  100  156  172  160  236  261  298  330  287  206  260  262  211  205  168  311  136  290
 62 :     76     67    106  178  142   32  276  170  214  253  152  202  202  189  221  250  178  239  232  344  108  279
 63 :     89     56     87  194   89   63  296  227  264  169  311  206  160  345  349  323  160  309  233  223  321  135
 64 :     54     95    194  172   82   45   28   71  249   25  105  160  267  193  316  427  178  237  166  192  431  233
 65 :      9     40    149   57   88  198   76  127  223   62  116  112  238  256  203  426  176  156  327  263  213  196
 66 :     16     13    112  118   46  219   22  220  212   62   43  119  234  210  240  151  387  403  273  283  190  263
 67 :      8     25    227  116   86  119   88  212  141  177   23   89  272  431  386  374  386  313  307  330  418  369
 68 :     17     77     37  141  185  115  136  160  136   68  205  181  168  384  198  345  216  317  320  291  433  421
 69 :     77     89    142  224  216  127  123   28  183  150  175   30  359  422  207  196  311  407  443  261  175  262
 70 :     56     12    198   61  142   88   68  139  107  249   85  181  433  271  192  180  267  229  282  208  321  346
 71 :     49     36     51  150   91   32   29  128   41   44   29  171  195  406  364  212  305  256  265  405  316  162
 72 :     81      5     65   99  175  202  149   27  128  205  141   61  272  159  391  249  403  161  334  269  174  291
 73 :     36     92    161  144  189   43  246  200   30  111  186  171  333  284  412  436  429  193  316  257  347  443
 74 :      4     82     28   52  228  130   67  178  100  171   96  238  287  335  367  172  420  252  343  362  396  271
 75 :      7     21     78   59  167  190  196  222  227  125  238   63  381  252  296  255  333  409  446  268  355  173
 76 :     43     87    226   61   20   53   64  172  236  214  185  100  389  446  303  226  338  243  355  350  441  420
 77 :     57     29    171  198   55  156   75   52  129   78  199   99  248  183  236  266  411  240  185  250  313  370
 78 :     81     17    160   44  139  128  100  109  117   43   87  133  413  242  210  195  256  194  223  416  286  164
 79 :     97     83    169   22   24  161  208  235   81   94   88  135  351  204  239  390  307  365  269  415  429  346
 80 :     96     72    248  120   20  160  107  142  161   60   28   94  235  265  342  440  410  207  277  354  179  175
 81 :     70     95     56   72  184   96  196   72  161  230  169   22  168  161  253  357  162  259  432  392  208  312
 82 :     51     15    218  141   69  130  179  167  195  229  221  242  348  361  297  357  281  218  411  247  180  301
 83 :      5     94    171   96  133   43  202  240  187   49  172  158  309  394  271  219  432  448  337  303  358  374
 84 :     57     31    229  228  123   30  191   36  156  193  202  144  160  258  419  432  256  335  412  236  366  203
 85 :     77     75    115  172   98   97   92   85   86   76  164   45  335  185  414  342  345  444  389  221  401  192
 86 :     91     94     73  165   93  106  123  116  234  170   58  189  356  437  268  341  275  408  247  391  228  152
 87 :     95     89    188  164   58  165   85  224  168   88   79   51  263  312  419  188  321  427  352  163  442  163
 88 :     43     67     41  144   49   33  176  171  234  127  204  222  257  372  170  279  255  302  323  324  407  421
 89 :     76      8     25  194  113  218  241  223   41  138  247   80  401  421  321  370  182  323  413  409  381  433
 90 :     87     32    134  139  214   68  194  180   91  108   73   78  154  319  211  154  283  247  447  380  392  192
 91 :     44     41     64  180   83   90  146  157  122  235  195  142  232  219  412  404  156  395  203  226  435  198
 92 :     14     74    194  200   63  122   65   87  228   32  129  102  211  438  352  237  155  224  422  233  377  241
 93 :     66     32    132  153  107   65   45  119  139  120  211  109  416  268  223  247  210  189  226  331  301  282
 94 :     29     40    243  249   44  102  165  141   33   44   47   31  190  339  410  220  220  434  333  378  413  263
 95 :     54     46    147  222   67  129  108  125  161  241   22  161  163  334  344  434  393  327  250  403  361  417
 96 :     97     95     76   94  230  245   71  191  201  216  163  169  287  393  223  260  397  403  320  403  209  153
 97 :     14     24    196  220  243  148  163  179  244  217  199  100  392  359  313  203  418  216  216  294  157  399
 98 :     51     44    195  106   84  244  108  198  115  132  212  221  254  155  271  158  262  236  235  426  293  289
 99 :     56     34     53   53  192  181   75   92  234   76   73   83  264  288  378  292  289  438  379  405  396  346
100 :     53     46    150  236  164  147  132  176  186   26  210   90  433  176  217  250  173  151  449  242  364  208
