 Le nombre total de clients est : 50

 Le nombre total de périodes est : 20

 Le cout kilométrique est : 15

  1 :     90     52    199  344  133  285  156  271  193  145  372  308  245  333  246   78  135  181  188  122   93  224
  2 :     55     45    365  326  198  255  361  248  201  216  113  308  163  172  202   95  158  196  198  223  130  202
  3 :      8     67    340  168  186  385  252  294  308  122  343  343  241  255  114   53  199  137  147   91  173   87
  4 :     76     26    275  316  325  343  193  265  134  168  367  219  294  222   77  128   71  132  148  201  220  167
  5 :     50      2    187  281  183  322  239  135  265  121  165  290  156  342  107  113  151  208  229  201  178  112
  6 :      3     41    379  211  219  149  387  149  184  301  235  181  220  296  124   82  186  197   54  138   94   87
  7 :     14     76    270  184  149  116  161  389  182  152  354  225  256  182  226   68  117  235  246  161  147  236
  8 :     98     73     56   37  141   94  157   50   43   46  189  177   79  296  225   98   68  221  136  368  344  159
  9 :     41     19    104   23  176  139   35  121  167   20  322  342  167  169   77  292  233  141  135  349  123  339
 10 :     47     32    141  138  115   23   57  194  147  112  308   55  274  252  196  125  156  210  300  277  243  339
 11 :     81     11    125   27   88  108  198  141   38   84  103  249  203   66  222  330  272  155  381  388  201  357
 12 :     30      4     53   54  114   46  198   77   55   27  272  134  345   58  224  347   80  100  206  247  335  125
 13 :     62     26    134  183  128  152  111   40   90   61  304  321  116  240  339  213  271  277  287  293  215  365
 14 :     92     90    131   72   84  192  130   47   22  149  286  169  128  305  233  244  127  364  262  237  292  379
 15 :     61     80     61  139  186  119   46  172  120  199  223  248  161   91  344  284  110  101  350  194  233  261
 16 :     10     52    115   62   26  171   53   68  130   94   56  198  152  155  167   91  293  171  175  358  347  144
 17 :     72     68    133   95  119   76  121   87  150  188  109  200  253  270  223   64  340  113  277  289  280  285
 18 :     61     57     85  147  100   52  107  110  189  139  140  157   71  115  245  109  299  255  347  220  295  182
 19 :     73     13     51   75  116  192  173   97  139  135  201  293  257   59  209  102   54  394  222  304  174  272
 20 :     11     22     83  169  175   84   43   78  145   75   52  336  216  198  117  324  336  199  146  135  256  314
 21 :     27     59     20  158  156  106   43  157   67   80  242  150  274  194  235  134  312  390  268  350  247  128
 22 :     33     94    196   67   42  116   56   57  186   84  127  293  312   87  304  137   89  209  160  332  112  276
 23 :     44     47     20   32  102   30   55   70   81   34  104  255  192  251  279   68  185  339  184  368  197  239
 24 :     97     56    189   48  121  122  120   65   65  127  277  291   99  146  155  340  306  173  118  126  126  270
 25 :     60     37    159   71  100  133   36   95  132  151  153  337  279  240  184  213  186  102  167  123  202  218
 26 :      9     33     87  194  145  138   73   69  117  138  294  144  150  247  234  261  332  303  381  320  208  202
 27 :     48     43    132   48  123  117  107  140  179  121  195  307  290  323  237  244  117  371  344  346  368  293
 28 :     92     28    225  196  230  352  185  281  256  348  275  218  297  245  191  143  180  159  237  109  188   50
 29 :      7      6    247  232  401  307  490  239  209  451  439  273  257  211  282  269  214  296  110  169   35   85
 30 :      2     19    377  194  177  218  260  271  496  227  396  465  117  217  211  238  291  228  268  129  113  181
 31 :     82     87    284  345  285  404  188  176  230  186  461  328  181  246  247  188  252  194  114  256   21  173
 32 :     51     46    297  453  437  429  214  290  374  386  179  323  221  133  274  212  278  201  289  131   66  132
 33 :     78     59    418  453  181  414  305  328  216  176  301  342  297  210  146  186  269  209  174  227  123  152
 34 :     18     13    354  484  463  242  335  359  296  194  281  347  181  189  274  288  157  195  296  203  187   71
 35 :     84      0    415  261  311  457  312  286  229  155  212  198  160  104  214  223  272  137  199  285   68  128
 36 :     78     74    225  291  220  270  440  238  439  166  282  402  288  186  256  270  276  231  135  128  119   27
 37 :     86     91    367  451  241  355  410  164  332  438  456  435  123  215  195  284  164  189  118  128  186  183
 38 :     13     33    384  455  169  227  271  337  468  227  486  469  136  107  103  227  219  162  116  134   26  144
 39 :     91      7    465  440  485  481  466  499  387  250  275  155  151  282  181  185  101  134  188  169  172   59
 40 :     32     34    215  303  222  454  291  415  152  253  359  409  278  268  218  259  283  190  122  208   55   64
 41 :     43     10    247  184  200  252  256  276  244  236  261  109  102  124  276  232  132  242  279  137  153  123
 42 :     93     56    118  114  115  228  252  190  275  213  215  234  264  261  226  183  276  143  112  279  190  159
 43 :     42     43    223  106  232  272  210  152  224  242  160  167  189  116  253  143  175  257  295  217  194  131
 44 :     20      6    207  119  168  290  138  132  106  140  214  219  203  225  270  172  232  257  190  132  239  265
 45 :     65     28    169  130  136  214  280  178  267  174  112  266  187  181  103  275  114  281  189  165  166  210
 46 :     20     15    188  209  147  234  284  287  270  133  282  273  243  226  114  255  202  135  248  126  239  152
 47 :     80     51    294  282  279  207  104  243  242  207  299  222  207  216  145  109  119  140  286  280  231  130
 48 :      3     29    131  156  229  158  286  114  175  250  111  204  291  215  104  158  166  298  204  139  212  133
 49 :     69     66    238  151  266  210  281  141  228  252  151  238  265  241  237  136  211  287  236  188  196  197
 50 :      2      3    174  201  251  150  293  111  204  217  179  146  104  113  166  190  169  249  148  142  135  100
