 Le nombre total de clients est : 200

 Le nombre total de périodes est : 20

 Le cout kilométrique est : 15

  1 :     42     59    219  281   92  234  181  136  127  103  125  191   65  198   68  120  140   83   73  345  179  184
  2 :     74     62    160  255  245   55   54  112  238   78   76  106  123  154  162  182  136  199  125  339  201  307
  3 :     88     24    234  181  129   78  178  290  190   58   62   69   61   56  149  157  132  128   99  347  199  291
  4 :     41     42    283   85  165   95  100  151  101  131  167  137   51  111   91  128   61  172  184  183  209  222
  5 :     15     14    155  287  265  255  201  230  174  140   95  188  178   60  118  179  167  191  131  236  312  217
  6 :     75     55    261  241  203  100  140  150  164  178  193  138  135   92   90   72  167  181   70  294  176  157
  7 :     84     91    123  196  287  155  262   71  138  173  145  181  138   82  165  149  145  134  113  195  293  151
  8 :     41     68     89   69  285  295  129  279  135  196   79   85  126   96  186  114  105  106   62  160  271  162
  9 :     34     34    204   64  178  247   95  253   74   67   76  171  125  106  198  163  150  183  116  341  266  225
 10 :     25     80    107  254  181  254   95  190   98  125  105  138  152  181  170  124   90  186  184  167  317  348
 11 :     11     60    276  178   74  230  294  260  239  176  107  124   86  130  148  150  195   50   53  180  345  181
 12 :     19      6    174  224  164  289  229  126  230   82  167  119  144  153  192  169  151   97   85  280  238  211
 13 :     48     24    284  280  141  280  254  102  151  114   53  192  163  139  117  192  181  120  141  202  265  283
 14 :     48     39    282  276  115  118  132  291  195   68   85   70   86  165  137  154  143  105   98  279  334  161
 15 :      1      3    210  187   80   93  244  122  106   64  178  184  106  184   92  153  171  149  166  198  322  347
 16 :     61      7     75  183  161  234  183  217  212  103   80   87  134  172   55  159  115  112   82  315  348  180
 17 :     42     58    148  213  211  147  126   64   67  109  185  152   59   62  117   67   94  118   84  292  290  334
 18 :     80     95    222  152  246  233  115   63  264   71  101  188   67  100   69  112  120  163   52  187  318  180
 19 :      6     79    120  127  219  199  290   81  134   73  145  139  179  175  134  104  178  182   91  212  264  157
 20 :     98     59    118  148  247  189  136  149  165  143   99  173   55  168  128  160   52   80  154  181  246  210
 21 :      0     14    268  225  193  114  242  283  240   65  103  158   85   83  157   95  145  185  120  159  167  174
 22 :     39     18     73  118  145  243  260  295  206  107   89   69   50   90   54  131  109  129  176  288  321  201
 23 :     62     75    224  167  290  103  143  248   78  124   92   57   67  157  146  191  174   68  133  241  170  238
 24 :     76     27    115   77  293  158  212  105  207  184  176  128   64  123   57  157  178   98  148  308  293  271
 25 :     78     25    201  179  223  193   78  253  211   96  122  125  141   77   98   85  112   97  122  277  222  268
 26 :     94     29    140  189   62  110  249  133   70  128   79   62  199  116  170  104  172   78  141  156  180  260
 27 :     60     53    193  229  230  220   82  123  173   88  179   99   62  139  167   52   51   69  119  337  283  260
 28 :     27     97    223  255  150  273   82  192  258   56   85   87  166  151  151  110  112  171  178  160  330  207
 29 :     71     19    221  190  218   87   57  162  286   57   67   57  101   68  152   58  143  111   64  202  328  212
 30 :     32     43    170  152  106  142  119   79   56  139  186   96  117  179  142   90  124   92  115  287  327  241
 31 :     16     93     62  131  125   54  216  246   66  171  118   83  132   50  173  113   55  176  190  222  174  208
 32 :     36     22    166  188  291  152  169  218  288   91  142  186   74  113  132  183  158  187  124  288  180  256
 33 :     81     63    242   91  218  172  179  255  234   56  135  145  130   99  136  167  131   63  199  222  246  297
 34 :     27     11    276  169  139  225  203  176  127   53  182  133  117  183  194  157  100   56  169  214  312  290
 35 :     36     36     50   99  197   82  173  183  138   84  140   94  191  190   95  127  185  130   79  214  223  177
 36 :      9     67    298  206  147  135  179  199  237   85   63  114  145  130  176  106   71  173  154  274  339  216
 37 :     87      8     63  299   93  261  253   76  262  169   97  168  110  105  147  158   53   99   82  205  336  179
 38 :     10     70    204  209  181  286  242  215  121   78  124  188  100  168   87  107  116  189  104  178  198  266
 39 :     89     28    190  121  259   72   65  286  117  116  188  133  190  164   77   64  121  100  162  196  346  256
 40 :     45     48     86  163  238  118  268  186  192  156  144  177  115  150  168  166   54  196  106  236  157  211
 41 :     14     32    202  173   79  233  152  189   76  147  140  156  179  109   83  196  169   83   64  308  293  304
 42 :     38     79     79  194   91  263   78  219  175  133  140  197   68   99  151  103  175   67   63  232  269  259
 43 :     74     65    297  238  154  256  103  162  204   65   91  150   54  136  105  198  169  184  104  173  226  207
 44 :      0     79    177  247  263  226  277  223  264  158  163   90   59  165  141   97  174  162  199  303  301  303
 45 :      1     83     51  126  125  128   51  212   96  127  118   75  177   78   85  141  180  112   86  154  333  326
 46 :     60     68    181  264   82  175  225  143  208  154  140  162   74  176  172  160  191  124   68  202  237  333
 47 :     86     34    289  119  247   61  209  291  249   83  194   69  160   87  172   74  157  128  156  239  224  180
 48 :     58     16    192  226   63  276  169  168  107  170  131  174  128  123  178  184  112   75   54  342  302  215
 49 :     69     24     54  126  132  238  240   61   89   93  122   50   63  160  136   96  120  107  103  317  308  206
 50 :     89     78    285  208  132  252  108  198  119  184  198  182  169  121  174   68   61   85  174  255  196  318
 51 :     90     60    241  277  295  246  134  175  131  119   58  136  119   72  102   69  160  195   74  195  224  181
 52 :      3     99    200  152  246  105  151  235  140   79  166  142  134   91  184  164   96  154  112  311  161  295
 53 :     92     77    135  119  172   76  217  118   78  195   72  166  194  131  181  197  192  172  190  163  306  341
 54 :     68     10    101   97   64  190  174   59  141  171  129   81  107  101   87  136  141  191  175  164  326  254
 55 :     85     46    121  218  180  202  124  248  211  171  113   63  162  122   65  122  171   58   90  177  166  293
 56 :     82     97     76  242  222  289   67  252   98   54  121   73  105   75  182   95   62  190   64  269  240  210
 57 :     63     65     66  232  213  213  282  145  185  155  129  176  112  163   53   62  107   91  186  330  274  340
 58 :     42     62    258  135  258  205  205  262  269  132  138  169  129   84   61  154   65  132  171  302  244  319
 59 :     77     23    205  273   60   68  252  122   81  173  191  147  136  154  187  163   53  150  192  185  213  297
 60 :     77     51    267  196  207  188  288  230  104   76   50   62  140  162  194  188  143  154  110  339  321  157
 61 :     66     57    197  131  175  179  465  449  376  469  378  324  371   82   63   64   46   59   47   82   93   54
 62 :     24     78    159  106  186  143  340  394  462  324  471  386  321   21   63   40   88   97   63   51   44   61
 63 :     43     84    109  142  197  154  352  471  451  491  388  491  458   86   45   95   65   96   22   74   74   81
 64 :     74     18    152  115  143  174  377  476  366  383  332  434  494   65   93   27   76   47   45   99   88   79
 65 :     41     13    161  196  122  160  478  426  477  432  313  419  426   48   41   29   67   48   48   87   67   78
 66 :     63     90    113  177  106  146  419  430  364  426  302  474  347   51   41   88   21   48   72   45   51   53
 67 :     10     28    199  120  157  162  349  317  357  397  478  486  479   77   50   68   21   81   67   97   99   33
 68 :     56     73    100  196  150  130  434  440  497  440  354  425  467   42   21   40   85   70   80   42   77   76
 69 :     16     38    120  155  142  109  428  376  478  333  305  416  312   22   37   33   51   54   23   39   52   97
 70 :     43     70    168  148  172  121  463  332  461  450  405  452  470   23   61   77   55   31   83   47   97   24
 71 :     89     82    198  140  187  151  374  475  318  447  317  324  401   37   71   61   97   25   47   42   79   99
 72 :     92     65    132  168  190  161  328  470  482  343  460  318  498   48   65   73   20   59   64   48   22   90
 73 :     39     74    131  122  168  163  321  454  482  370  408  377  361   64   50   99   22   67   37   44   27   28
 74 :     32     20    142  141  102  161  420  464  320  333  445  333  319   80   27   42   57   22   21   31   24   23
 75 :     11     62    114  199  183  171  321  356  432  312  330  492  369   67   72   59   44   99   21   43   20   89
 76 :     16     79    122  145  109  135  312  412  469  356  420  396  460   41   46   95   76   82   49   37   26   29
 77 :     91     59    181  136  171  172  389  399  411  358  457  395  309   27   25   20   38   25   78   82   98   95
 78 :     92     56    176  183  150  144  423  496  333  357  309  477  390   31   39   56   86   42   55   70   32   51
 79 :     81     83    100  108  190  189  355  406  400  411  381  356  434   44   21   27   98   30   79   22   53   29
 80 :     55     44    135  120  164  114  366  370  476  488  361  450  451   39   84   65   82   41   77   91   64   36
 81 :     71     17    148  118  198  185  346  483  386  408  339  385  432   65   28   29   64   47   42   86   31   66
 82 :     78     97    103  102  184  112  309  491  432  304  345  446  418   40   40   38   75   27   73   51   55   46
 83 :     92     13    125  181  173  190  320  452  423  332  407  302  310   67   71   86   34   54   91   79   98   75
 84 :     57     42    168  194  113  190  493  317  439  466  413  499  331   84   71   72   62   58   82   83   87   75
 85 :     99     89    185  122  192  129  300  490  352  472  468  432  453   40   49   93   64   57   58   31   87   82
 86 :     14     56    180  120  170  170  405  366  432  350  393  401  466   98   40   69   71   33   70   69   41   30
 87 :     62     29    174  109  152  172  384  429  406  361  356  496  321   33   24   73   86   29   34   57   64   54
 88 :     58     44    163  103  168  119  367  308  310  312  443  469  398   65   42   33   89   27   29   92   33   43
 89 :     72     25    191  147  148  174  452  412  418  424  416  433  352   38   43   55   91   30   68   29   61   30
 90 :     91     94    110  155  128  107  344  399  304  464  492  473  483   74   23   39   84   91   72   90   51   36
 91 :      1      0    124  110  178  167  324  491  324  487  305  478  332   66   60   82   87   81   56   45   20   29
 92 :     81     17    166  176  171  159  405  319  342  405  418  435  441   83   85   52   49   84   72   43   49   65
 93 :     31     11    133  154  150  163  390  411  350  343  470  493  351   43   24   39   41   66   63   77   59   28
 94 :     80     69    138  109  155  125  374  375  370  466  376  476  477   99   24   23   47   64   48   69   61   65
 95 :     25     40    183  198  196  190  436  372  422  439  326  344  429   75   46   81   80   89   37   60   89   57
 96 :     12     48    131  107  143  117  331  482  358  398  361  399  406   64   91   87   73   58   41   20   69   80
 97 :     63     53    176  152  169  107  384  329  390  489  497  327  348   66   33   92   61   28   37   26   81   47
 98 :      1     81    110  115  150  193  489  312  378  443  327  397  340   44   94   56   99   43   31   25   78   36
 99 :     30     55    117  168  196  114  428  350  315  486  428  473  476   70   22   76   49   57   40   33   31   51
100 :     71     87    131  128  197  178  311  493  335  407  452  312  386   62   24   94   63   65   65   72   49   40
101 :     64     17    184  173  143  126  488  371  307  489  458  399  433   45   46   34   30   96   28   29   70   62
102 :     90     19    136  119  134  186  336  495  384  312  497  347  344   76   40   81   26   36   39   48   73   22
103 :     58     87    109  188  157  117  425  419  486  363  301  447  315   81   63   61   28   88   25   32   66   63
104 :     78     94    131  167  137  152  462  381  434  356  342  385  313   46   60   30   94   95   83   45   99   96
105 :     14     80    155  158  151  129  492  341  433  414  486  362  318   35   77   51   79   92   48   35   53   21
106 :     69      0    115  155  131  130  355  497  498  454  328  405  476   48   94   92   99   57   62   52   83   89
107 :     66     55    198  114  139  155  476  348  427  303  466  360  314   51   96   30   29   99   29   34   42   88
108 :     25     82    122  109  105  165  440  308  491  384  313  343  390   39   43   58   97   71   87   99   41   54
109 :     42     66    105  127  154  139  316  319  481  375  343  490  484   44   59   73   56   81   81   70   62   80
110 :     16     15    137  149  163  114  316  479  341  346  338  359  313   27   81   53   78   33   63   74   91   97
111 :     97      1    141  187  118  151  301  307  486  403  428  334  485   49   99   64   29   40   62   57   94   54
112 :     43     57    108  108  155  150  436  498  497  346  379  325  495   41   98   62   20   53   59   37   46   99
113 :     95     96    104  105  183  147  322  364  343  433  487  310  398   88   60   46   94   22   49   78   27   31
114 :     32     75    112  179  143  131  302  332  310  386  306  452  304   96   62   95   96   34   33   39   80   40
115 :     48     34    107  117  134  112  442  426  384  321  368  408  374   37   80   50   27   92   32   96   90   58
116 :     70     67    162  174  192  106  471  331  460  449  437  370  400   34   98   85   93   91   23   74   90   88
117 :     10     26    100  122  127  108  379  300  495  355  305  473  356   34   28   43   66   51   94   21   36   62
118 :     10     50    198  177  122  199  458  403  375  467  414  359  431   47   37   78   76   45   79   28   35   51
119 :     35     70    140  199  148  144  496  364  383  394  351  314  310   89   35   53   41   41   79   63   38   44
120 :     21     42    132  102  179  147  369  437  310  335  353  367  369   47   99   72   55   51   44   37   62   35
121 :     78     95    115  101  196  187  331  473  384  320  484  374  345   46   40   95   62   27   96   78   41   78
122 :      4     16    137  127  162  121  315  333  437  375  309  369  367   34   25   45   73   53   30   22   41   22
123 :     67     83    137  112  136  137  458  302  380  348  397  320  402   62   56   66   35   36   29   89   28   60
124 :     57     39    162  152  129  126  466  434  398  416  419  362  365   64   36   57   91   98   74   79   81   72
125 :     16     70    144  139  197  130  392  479  445  491  350  324  381   52   25   99   67   33   70   56   83   76
126 :     99     97    123  146  197  173  442  419  302  441  306  302  393   30   35   64   83   78   61   50   39   35
127 :     11     40    147  137  116  174  482  331  301  455  392  446  446   28   91   21   99   68   32   46   35   33
128 :     52     88    104  145  111  118  477  477  358  324  466  308  469   39   49   60   57   30   25   52   41   35
129 :     36     83    164  186  127  136  338  456  313  360  374  333  449   29   50   39   54   74   30   25   93   91
130 :     76     12    145  154  180  128  438  372  425  454  301  362  341   72   50   76   27   87   58   83   88   74
131 :     65     51     71   78  115  123  181  177  160  173  188  169  277  288  305  342  439  345  417  378  463  325
132 :     64     30    140   72  142  162  183  127  132  105  142  186  210  401  491  482  401  332  332  392  330  324
133 :     10     82    109  121  124  195  146  104  177  109  120  172  483  324  208  487  414  332  329  397  484  350
134 :     87     14     89  100  103  102  107  154  192  191  157  112  373  337  363  419  423  317  476  478  364  490
135 :     21     13     59   94  103  134  105  116  142  157  130  153  274  346  220  336  313  370  349  438  458  349
136 :      2     67    112  104  106  106  185  178  104  122  129  148  448  467  387  422  397  447  331  446  465  346
137 :     43     71     58  106   76  176  199  139  183  198  133  192  361  365  464  475  300  344  318  333  365  308
138 :     16     37    128  135  105  178  116  178  176  172  114  133  205  214  499  219  324  427  435  345  397  382
139 :     37     48    120   62   63  158  121  108  131  182  168  180  310  380  422  213  309  376  445  423  325  422
140 :     97      2    113  109  134  150  139  155  100  141  137  186  225  257  290  305  480  407  324  310  343  405
141 :     41     53     72  140   92  193  196  105  171  124  132  111  327  217  211  445  405  444  359  495  312  348
142 :     54     40    120  117  116  153  178  129  155  129  114  175  428  324  200  373  463  448  361  479  326  309
143 :      7     51     59   63  119  111  159  156  191  170  106  157  415  342  323  449  493  451  342  434  332  477
144 :     66     83     68  114  109  194  192  164  180  122  150  193  353  410  273  304  436  398  382  458  443  437
145 :     77     78    101  149  142  174  185  163  130  129  135  160  362  404  380  206  418  309  346  332  343  445
146 :     66     48    123  101   72  153  111  180  187  176  197  164  206  214  202  391  413  395  317  490  309  401
147 :     27     36     50   61   59  178  132  127  100  192  114  118  379  499  367  396  400  399  433  371  468  328
148 :     87     50     86   83   73  184  157  152  150  102  126  154  487  482  254  334  322  439  354  496  343  468
149 :     62     81    122   54   99  154  121  161  100  155  185  167  315  392  310  437  359  375  361  440  485  413
150 :     58     12    130   81  130  108  183  141  157  136  136  139  486  266  329  438  387  436  439  489  372  303
151 :     99     41    110   69  138  107  172  171  112  170  166  173  367  472  276  466  318  438  428  349  466  352
152 :      9     16    108   65   82  129  142  144  123  145  115  193  303  394  441  258  437  381  468  467  307  497
153 :     84     60     51   74   97  186  103  140  111  132  126  132  292  300  235  242  313  455  430  451  311  406
154 :     54     61     54  121  143  147  192  162  186  105  186  153  233  470  359  269  499  415  336  402  491  440
155 :     70     51     94   82  140  114  130  123  192  120  161  171  468  319  231  264  381  331  465  466  383  438
156 :     60     59     51   97  121  137  195  114  161  189  169  148  285  349  222  409  389  354  373  397  427  477
157 :     85     74    133  118  135  164  171  177  183  134  193  109  360  444  319  289  397  324  336  389  387  339
158 :     62      7     85  110   72  117  151  111  170  105  153  175  461  206  362  251  478  397  490  411  405  417
159 :     14     29     93   77   69  192  137  119  119  128  194  176  271  348  232  440  307  347  434  465  420  385
160 :     69     29    124   79   77  113  135  172  174  128  126  147  429  299  281  401  332  337  460  486  411  400
161 :     32     29     94   75  142  114  152  188  179  181  137  165  253  253  354  353  397  323  395  408  493  376
162 :     76     34     71  135  147  149  175  183  167  180  114  199  371  263  359  488  406  461  400  465  464  484
163 :     48      8    123  119  112  176  188  184  175  171  157  114  231  472  463  313  469  319  347  396  487  472
164 :     83     16     82   86  111  175  100  153  177  131  199  104  332  482  413  423  400  356  410  423  337  421
165 :     52     58     92   62  129  103  115  199  187  119  129  147  289  236  305  439  341  303  430  322  444  318
166 :     21     85     79  108   59  161  194  164  138  198  192  166  469  440  339  382  485  447  366  341  347  424
167 :     67     94    132  132  129  123  133  144  162  148  121  118  396  430  306  366  343  405  375  385  364  440
168 :     86     18     77  142   82  188  120  148  131  174  116  176  492  496  329  411  482  382  317  404  421  397
169 :      8     60    114  115  100  157  108  192  153  144  124  156  225  308  354  224  324  362  434  357  345  334
170 :     73     58     82  140  144  121  110  170  122  188  190  130  329  462  354  347  369  318  368  353  371  371
171 :     54     56    114  124   67  103  199  177  182  195  177  115  241  237  457  364  438  491  414  488  334  410
172 :     25     31     90  121  118  109  172  160  119  157  136  138  310  452  363  250  368  323  492  313  371  454
173 :     13      1    147  100  119  110  139  191  110  122  176  195  411  377  310  430  366  445  498  435  449  442
174 :     79      0     58  144  122  115  147  175  129  191  102  117  210  374  313  324  482  463  395  426  493  428
175 :      8     25    118  116   65  156  137  127  108  166  121  132  418  255  397  480  482  466  450  392  440  349
176 :     25     50     65   67   57  177  168  134  110  192  139  142  445  369  294  422  351  343  405  426  385  370
177 :     54     97    113   70  141  193  122  136  174  132  106  162  397  402  224  216  386  427  441  435  347  376
178 :     71      1     91  123   62  121  137  149  139  104  130  183  351  301  220  397  398  343  314  458  485  314
179 :     56     81    101   59  110  150  125  137  175  100  143  173  287  235  498  456  490  358  359  304  312  463
180 :     10     56    145   88   73  103  186  118  113  114  122  128  396  247  275  394  366  310  346  303  326  374
181 :      4     20     73  119   77  122  132  159  185  198  110  104  492  478  461  304  339  445  477  374  326  499
182 :     93     82    109  148  112  141  187  184  152  104  121  137  403  411  420  495  387  401  388  332  414  479
183 :     76     56    137   75   63  174  110  140  119  121  115  155  364  406  399  419  474  459  464  438  477  463
184 :     18     15     53   78  120  195  105  185  182  157  109  123  366  355  226  374  359  455  447  486  378  430
185 :     49     80    132  127  115  140  188  154  169  195  156  154  325  292  455  474  458  319  390  317  316  440
186 :     10     99    109  134   51  161  172  126  112  187  162  142  455  311  279  201  477  459  467  315  487  462
187 :     14     16     66   50  130  109  198  149  137  122  194  149  212  318  220  307  350  443  468  461  318  434
188 :     24     66     69   62   56  150  174  172  129  115  188  108  427  353  200  405  469  352  482  346  406  346
189 :     99     28    124  108  127  158  188  119  113  164  186  126  228  455  322  279  493  464  361  437  487  335
190 :     36     28     55   81  112  118  122  165  166  162  129  169  234  457  487  385  469  355  391  307  447  347
191 :      1     67    137   74   79  150  150  167  154  131  183  122  330  322  431  336  441  430  479  422  300  477
192 :     57     20     80   88  147  141  159  170  173  111  184  147  331  333  280  219  390  449  420  481  460  370
193 :     13     44    135  118  130  126  114  189  140  106  149  158  257  363  213  468  455  388  332  452  313  466
194 :     44     62    118   74   99  167  197  171  151  164  148  102  430  250  286  300  420  450  372  383  372  356
195 :     75     38    101  127   56  173  161  159  112  121  147  126  320  292  400  361  426  403  417  366  342  399
196 :     19     53     96  121   88  167  154  137  190  192  186  169  258  363  332  480  494  423  489  488  371  493
197 :     13     33     56  130   96  138  140  131  166  183  131  149  219  438  489  339  455  387  322  332  460  466
198 :     93      5    141  142  130  136  126  108  102  180  198  198  239  454  484  482  397  436  313  309  322  425
199 :     99     83    138  142   74  187  188  187  162  143  136  184  487  303  247  340  359  380  390  438  388  331
200 :      2     96     81   99  109  163  114  195  132  128  124  128  231  284  439  310  417  450  489  471  432  459
