 Le nombre total de clients est : 50

 Le nombre total de périodes est : 20

 Le cout kilométrique est : 15

  1 :     14     82    246  232  160  349  249  199  146  200  319  271  267  137  243  174  246   75  213  218   82   59
  2 :     68     78    265  373  152  372  228  319  137  305  385  295  377  212  169   54   99  126   55  241  103  152
  3 :     11     58    311  168  360  157  152  191  241  264  298  275  299  358  167  247  137  113  139  147   61  247
  4 :      3     73    349  189  249  153  289  385  231  256  319  107  125  277   64  223  182  185   98  101  194  241
  5 :      4     27    139  111  132  365  143  176  282  208  355  295  170  124   88  217   60  229  162  166  188  173
  6 :     96     80    191  214  211  172  278  330  213  251  195  378  260  194  139   95  129  201  234   87  223  143
  7 :      5     87    327  177  292  395  136  385  221  316  306  382  305  179  224  221  152  162  107  233   71  105
  8 :     39     63    178  185  151   83   33  161  148   74   97  201  118  349  347  301  211  104  147  178  378  352
  9 :     29     80    128   83   57   68   29  100  182  150  210  151  290  188  175  276  315  254  299  333  104  214
 10 :     68      1    147   93   20  126  137   25  134  149  340  225  120  232  224  197  328  321  397  334  119  128
 11 :     71     35    138   82  140   84   33   37   91  167  117  197  100  139  318  308  112  104  194  345  350  113
 12 :     29     34     46   69   33  160   57  111  186   88  215  251  236  136  224  233  303  217  317  250  186  222
 13 :     73     12    144  127   43   61  198   25   36  105   88  104  224  205  187  219  323  255  350  245  189  166
 14 :     49      3     85   64  101   51  108  177  190   93  126  322  316  267  141  275   80  207  222  375  198  292
 15 :     91     44    183  136   28  178   75   77   74   59  213  104  244  326  116  131  170  224  380  120  325  365
 16 :      5     96     21   91   68  107  114   80  172   42  301  161   85  216  274  120   64  232  225  327  334  392
 17 :     63     86    192   50   69  187  107  158   54   90  246  260  336  120  195  304  156  256  232  163  305  326
 18 :     93     92    134   74  150  157  194  110  195  124  232  295  166  286  271  153  233  284  389  298  141  146
 19 :     83     52     23   33  172   40  196   40   38  150  215  294  291  297  315  259   61  367  209  361  199  363
 20 :     93      4    191  137   66   30  170   45  175   82  233  293  154  271   62  302  277  288  329  324  391  217
 21 :     64     63     36   41  153   44  113  120  139   29  262  208  220   58  227  333  280  180  226  197  216  322
 22 :     42     22     68  149  152   54   63   86  166  122  127  149  303  316  236  128   52  229  337  255  395  199
 23 :      8     90     93   59  100   74   80   37  156   66  292  259  242  219  293  271  172  113  278  218  279  125
 24 :      3     58    181  154  120   40  158   38   86   49  207  129  347   59   86  232  223  137  232  351  382  285
 25 :     78     98    170  133   47   55   41   80  127   72  225  192  100  328  166  179  336  320  145  313  337  276
 26 :     30     90    155  184  167   89  155  197  118   43   96  233  191  245  154  275  134  130  208  331  212  222
 27 :     63     87     20   39   61  127   69   73  118  107  289  237  251  300   88  298  300  312  150  378  146  210
 28 :     39      4    218  161  279  246  322  472  268  290  436  282  233  235  119  187  136  233  250  132  180  118
 29 :     48     41    252  171  254  317  181  479  381  195  406  272  138  275  142  147  270  171  274  213   24   93
 30 :     77     39    387  279  490  487  299  238  496  425  452  325  190  293  295  108  181  116  197  103  112  117
 31 :     85     66    362  153  476  177  465  228  478  400  442  367  297  196  265  155  256  185  253  175   73  127
 32 :     90     32    441  151  276  163  158  337  298  357  413  300  256  291  184  172  260  256  191  247  119   25
 33 :     57     39    180  452  325  399  449  254  220  176  401  394  297  126  278  159  170  247  259  105   96  186
 34 :     93     59    288  236  297  396  214  352  482  468  293  155  139  170  266  125  118  101  167  127  164   66
 35 :     51     46    344  487  247  312  199  390  369  227  282  371  154  269  298  161  121  167  285  298   22  159
 36 :     36     79    487  284  188  153  300  324  332  164  207  245  254  123  266  210  165  138  190  256  167   89
 37 :     24     32    428  278  153  223  245  316  447  249  173  153  285  181  295  169  186  169  150  199   42  165
 38 :     77     81    222  286  355  368  475  387  334  212  175  151  201  141  193  225  210  131  144  287  193  193
 39 :     75     40    312  323  341  466  159  164  496  304  330  182  118  129  198  267  100  111  173  182  163  155
 40 :     47     26    412  353  289  378  161  456  393  272  233  400  231  225  259  111  118  214  192  254   38  159
 41 :     10     57    229  132  238  144  177  172  188  206  299  225  198  176  167  250  147  165  297  155  242  243
 42 :     19     87    113  233  136  155  299  208  244  294  265  192  275  250  119  272  136  254  135  208  143  267
 43 :     13     58    153  103  194  234  283  206  181  139  238  164  143  107  234  246  273  126  160  100  263  155
 44 :     79     99    109  250  216  171  225  153  130  286  119  102  196  152  166  111  168  274  229  294  234  265
 45 :     13     47    210  135  226  167  267  283  190  199  208  100  104  114  292  122  112  257  107  180  193  295
 46 :     94     99    228  127  195  173  273  208  215  107  119  287  137  137  186  231  182  226  276  101  285  151
 47 :     57      4    166  112  148  112  295  170  285  245  291  134  137  107  284  144  205  129  128  200  297  287
 48 :     80     71    157  286  171  225  200  286  159  133  208  140  247  172  242  288  292  218  227  256  133  276
 49 :     72     27    173  202  211  125  211  274  191  245  229  143  244  201  199  190  292  173  288  278  161  283
 50 :     70     89    285  132  194  228  203  253  106  101  137  222  104  197  282  296  293  101  224  104  282  297
