 Le nombre total de clients est : 50

 Le nombre total de périodes est : 20

 Le cout kilométrique est : 15

  1 :     78     66    365  227  366  189  105  315  213  119  380  295  160  131  174   65  215   75  211   70   94  115
  2 :     57     64    157  338  350  366  182  199  321  368  220  208  376  235  106  219   71  228   97   54  121  219
  3 :     10     20    294  165  162  283  337  204  110  393  339  373  355  394  220  241  148  199  165  173  113  154
  4 :     96     78    219  155  136  380  337  379  397  110  389  362  233  266  111  233  164  231  134  127  195  131
  5 :     44     66    169  316  294  171  391  258  165  120  275  169  365  138   58  165  181   53  221  244  137   92
  6 :      6     54    298  273  146  144  173  283  360  173  194  363  361  144  137  114  190  208  201  164   56   53
  7 :     92     29    302  181  327  154  369  366  231  288  245  116  219  231  122  143   78   64  159  114  126  113
  8 :     82     70    188   41  109  118  178  161  121  121  304  128  194   52  124  258  109  260  154  282  271  273
  9 :     26     32    171  160  167   97  188   46  131  187  276   53   83  327  220  218   62  204  333  304  339  195
 10 :     22     37     60   68   82  158  116  192   56  169  207  285  337  277   69  177   87  213  322  312  237  368
 11 :     73     66     44  163   90   34  184  151   28  104  221  126  130  110  249  216  125  152  279  252  316  299
 12 :     29     67     45   34  104   32  121  126   40  186  137  244  265   87  140  286  128  123  354  313  276  188
 13 :      7     57    117  139  197   87  182  165  134   65   88  340  185  288  242  204  281  353  183  315  304  292
 14 :     96     44    170  133  102   26  105   79   25   35  117  122  184  165  167  329  271  140  335  389  116  157
 15 :     41     41     48  183  117  187   89  148  104  146   81  157   99  314  286  214  170  201  172  258  314  279
 16 :      6     94     55   54   53   53   65  146  110  197  235  254  199  126  294  138  348  328  278  261  383  215
 17 :     24     23    152  175  196   87  160   53   93  121  325  202  230  252  110  332   57  326  211  311  315  315
 18 :     23     50    139   28  132  132  118  131   20   98  163   76  282  121  146  298  293  359  238  241  229  290
 19 :     36     54    181  169  118   32  104   71  148  168  175   78   98  210  295  323  146  386  252  173  176  118
 20 :     88     21     50   95  120  174   34  101  199   47  218   54   78   82  257   68  136  157  316  171  173  225
 21 :     75     98     90  154  129  168   85   29  154  106  134  161  114  331  116  344  178  386  143  132  177  348
 22 :     10     65    157  164  179   68   90   91   88  116  131  231   51   80  220  164   82  227  312  289  287  260
 23 :     59     97     33  132   49  109  194  126   99  120  213  267  159  232  116  220  347  306  112  320  358  112
 24 :     60     52    188   20  188   59  159   48  197  112  271  346   52  136  242  325  146  208  280  384  118  241
 25 :     14     44    196  125  105  104  102   95  194  164  312  151  234  217   77  150   91  339  302  284  155  332
 26 :     67     39    189   74  124  194   73  199  157   59  270  267  256  278   94  273  245  292  245  277  231  241
 27 :     69     48    132  128   33   72  129  187  100   96  230  290  165  326   87  279  226  113  160  214  226  265
 28 :     12     33    214  232  224  388  414  256  478  378  287  264  198  180  127  190  158  252  158  149  142   32
 29 :     52      8    366  390  366  277  498  310  455  176  379  163  257  244  188  228  184  134  183  117  199   36
 30 :     16     62    386  183  476  488  480  200  261  300  436  221  208  281  275  277  201  117  142  243   72  141
 31 :     82     75    412  416  353  259  409  199  279  204  414  239  231  228  181  166  244  151  110  287   94   36
 32 :     43     46    417  265  478  399  335  376  182  194  329  185  213  174  264  137  261  235  220  122  165   80
 33 :     61     28    373  278  350  344  445  366  199  353  295  280  281  156  149  187  219  291  289  272   66  198
 34 :     86     63    183  272  183  426  300  406  339  185  162  176  167  188  218  148  147  142  230  136  110  111
 35 :     71     35    207  242  317  187  280  422  187  188  307  266  273  183  257  137  230  188  127  268   37  140
 36 :     62     17    449  327  213  185  447  174  479  400  292  315  215  140  293  167  173  293  242  205  128  184
 37 :     67     30    356  286  465  217  415  365  497  458  453  274  251  246  110  224  142  168  234  279   30  189
 38 :     11      9    233  179  335  210  359  325  319  418  175  480  170  137  241  136  215  141  162  143   34  100
 39 :     69     74    377  281  362  235  408  380  211  341  282  443  106  160  272  101  217  145  289  186   57   96
 40 :     83      6    440  319  238  221  203  407  443  216  302  313  296  279  196  217  187  221  110  156  142  144
 41 :     57     30    102  183  116  270  244  125  266  230  177  299  102  253  196  135  299  256  126  238  237  231
 42 :     36      7    282  179  180  288  153  118  285  170  295  173  205  118  270  276  260  177  168  284  114  235
 43 :     65     28    101  129  171  262  161  279  251  137  111  222  147  194  226  128  267  129  274  226  173  270
 44 :     28     15    240  248  160  126  298  156  117  100  109  111  294  292  163  226  179  147  276  163  123  204
 45 :     74     34    231  113  249  269  189  256  134  228  287  277  262  121  242  160  200  275  115  132  117  276
 46 :     13      3    124  156  215  173  134  230  199  120  184  222  151  111  235  229  124  105  260  273  112  232
 47 :      6     20    144  109  111  220  191  130  101  212  154  259  278  223  146  121  172  212  199  268  189  173
 48 :     29     84    134  213  217  248  178  274  235  138  148  245  269  149  236  208  248  117  121  135  206  174
 49 :     19     34    122  258  135  224  163  285  132  209  107  157  182  218  288  173  233  137  238  130  102  160
 50 :      0     81    153  281  245  215  134  110  201  160  146  132  211  270  141  264  115  146  289  218  220  173
