 Le nombre total de clients est : 50

 Le nombre total de périodes est : 20

 Le cout kilométrique est : 15

  1 :     60     18    128  145  222  272  370  256  170  123  221  162  182  316   83  221  184  181   99  125   83   81
  2 :     75     55    218  398  111  172  345  388  344  132  200  169  243  230  194  152  132  115  179  200  245  208
  3 :      4     37    303  229  391  313  295  289  184  198  369  224  215  348  104  218  198  105  170   64  106   58
  4 :     72     39    164  152  396  375  332  182  326  373  238  310  119  168  200  232  241  108  222  190  209  214
  5 :     67      5    305  224  386  333  205  307  227  150  283  162  113  300  150  151  193  242  218  189  235  158
  6 :     88     91    147  117  280  383  150  117  263  137  192  326  231  105   78  127   89  208  210  116  139  199
  7 :     99     39    171  324  107  325  183  348  375  376  364  261  357  396  209  134  139  207   68  114  126  156
  8 :     93     91     90  128   66  127   54   32   86  185  235   92  254  194  200  261  273  342  267  194  376  379
  9 :     59     22     57  179  153  176  149  182   94  131  120  274  313  143  251  158  309  317  272  181  363  373
 10 :     55     12     22  118  125   95   98   46  138  129  109  177   77  318  317  175  343  144  290  263  168  108
 11 :     90     47    147   91  196   34   55  116   35   78  254   73  265  278  241  349  204  154  159  105  304  309
 12 :      9     56     57   61  161   84   86  173  126  173  209  248  168  123  228   54  257  168  107  133  306  123
 13 :     86     65    126  175   97  174  141  167  174   46  332  285  286  116   86  105  316  147  179  220  232  377
 14 :     25      3    199  198  137  189  136   59   56  148  221  113  135  133  146  211  346  334  390  227  156  395
 15 :     62     21     57   76  196  105   91  185  111  112  311   53  226  164  172   80  237  259  215  392  396  331
 16 :     77     53     89   88  183  137  107   31  189   59  204  180  137  257  197   98  244  159  359  115  218  109
 17 :     17      4    161  129  162  149  141  138   73  131  141   79  132  246  152  239  270  378  186  310  262  207
 18 :     12     69     92   83   72  108  147  138  190  196  148  136  336  198  285  344  212  180  170  313  318  124
 19 :     12     88     63  128  115   61   69  182   58  188  230  344  118  175  237  348  264  383  350  163  222  217
 20 :     19     23     59   32   33  162  148  175  112  162  346   56  296  159   88  171  283  207  273  202  292  123
 21 :     31     77     51  113   35   58   88  192  129  145  244   73  166  189  289  273  158  115  363  179  180  127
 22 :     94     37    199  189  147  143   26  133  174  175  316  309  181   84  133  213   78  342  305  147  302  376
 23 :     54     48    169  187  149  154   85  131  141  168  206  149  107   82  337  152  122  101  272  313  315  355
 24 :     17     27     52   61   84   20   96  193  189  162   80  141  142  313  164  213  222  270  138  101  318  199
 25 :     23     95    187   67  104   29   53   44   21   86  295  328  268  219  234  189  277  374  194  225  232  298
 26 :     12     51     45   88   31  149  194  101  194  180  115  324  218  120  321  251  342  107  355  205  284  265
 27 :     13     71     64  168  141  190  196  129  190   30   56  310  254  271  240   58  309  220  147  263  355  202
 28 :     22     45    327  232  426  385  347  352  317  151  434  463  187  225  267  289  131  210  147  114  122  111
 29 :      0     36    171  274  427  409  459  251  161  371  315  484  291  111  288  148  143  204  177  112   78  186
 30 :     72     77    455  207  197  425  457  400  180  267  475  342  146  123  209  248  290  136  106  128   61  103
 31 :     30     97    476  194  414  216  490  160  452  214  374  431  220  259  196  211  265  274  106  134  171   47
 32 :     45     79    422  315  259  243  374  273  160  288  348  367  107  222  199  185  234  218  260  252  160  188
 33 :     86     51    280  470  211  449  400  299  468  221  493  417  136  213  119  236  236  253  119  176  133   20
 34 :     43      2    299  416  180  338  166  473  223  473  406  213  113  154  240  128  241  208  223  207  184  106
 35 :     59     35    496  188  389  314  278  320  161  411  295  265  115  205  271  161  236  233  246  253  168  198
 36 :     63     50    487  405  185  408  225  434  219  390  342  353  163  186  284  243  113  260  229  117  126  140
 37 :     17     60    379  320  270  164  357  446  484  155  384  283  136  140  138  177  163  138  234  295  191  103
 38 :     60     32    166  339  390  266  380  407  298  399  481  363  206  170  133  167  226  177  197  266  160  182
 39 :     70     66    349  397  264  209  207  457  332  195  479  271  126  273  170  217  297  269  264  113   21  132
 40 :     18      0    395  215  151  265  335  403  474  168  435  366  127  115  287  234  122  142  261  130   93   35
 41 :     43     54    120  170  255  184  251  193  192  182  171  243  162  239  200  279  218  159  124  244  148  182
 42 :     20     95    287  174  177  216  287  250  255  254  129  183  197  132  242  296  188  216  196  137  269  151
 43 :     44     40    153  124  127  231  265  283  275  274  116  100  157  206  294  180  121  228  273  293  249  103
 44 :     15     91    275  142  139  155  228  128  231  127  231  251  284  167  250  178  194  277  207  256  135  273
 45 :     30     93    298  203  257  292  259  145  145  221  196  255  210  133  229  129  134  123  171  267  196  159
 46 :     86     37    218  258  159  276  213  134  163  284  197  233  184  192  290  186  163  121  174  171  244  237
 47 :     79     80    218  201  198  127  233  100  211  140  107  186  235  166  163  282  241  283  171  296  261  150
 48 :     21      5    109  267  285  135  220  174  217  246  177  118  197  245  248  236  167  151  271  149  245  186
 49 :     56      9    209  223  204  209  142  293  159  146  129  161  116  187  221  124  238  267  273  246  162  164
 50 :     83     27    200  158  299  175  215  274  268  227  120  217  297  201  230  166  145  237  270  140  142  137
