 Le nombre total de clients est : 50

 Le nombre total de périodes est : 20

 Le cout kilométrique est : 15

  1 :     27     21    334  170  138  359  269  257  283  397  391  278  142  250  119  166  108  158  228  247   58   69
  2 :     44      1    135  197  246  225  170  250  319  250  174  168  346  145  192  179  231  231  220  144  202  170
  3 :      3     74    283  199  174  268  374  223  352  112  378  165  279  216   87  248  155  126  188  156  217   91
  4 :     27     18    385  182  342  378  278  260  327  321  207  361  385  129  162   54  136   55  211   50  100  191
  5 :     22      4    312  126  280  269  147  322  168  278  218  203  379  281  150  186   70  223  227  235  164   70
  6 :     56     57    134  306  242  264  186  365  142  259  319  294  196  153  136  173  147   92  206  204  138  188
  7 :     37     64    368  341  291  392  250  182  369  399  300  308  225  260  235  238  183  209  113  105  173  212
  8 :      1      4    104  154  101  141  153   84  185   53  286  329  327  271  203  343  121  373  120  246  239  367
  9 :      3     11     97   67   64  183  103  166   93   99   71  223   83  293  228  146   63  114  206  235  348  178
 10 :     19     72     70   49  175   26  198  135   23   63  132  189  302   68  184  151  311  201  279  169  115  113
 11 :     47     51     82  102   52   76   44   87  142   62  181   50  223   84  259  289  179  358  336  134  364  307
 12 :     21     46    129   84  197   25  155   37   25   64  157  262  330  195  321  300  302  157  145  251  363  292
 13 :     31     80     74  117   96  108   21   99   40   80  281  154  243  307  213  255   80  354  102  377  376  342
 14 :     41     21    167  160   80  184  102  128  118   20   93  189  286  121   90  280  192  322  303  169  181  130
 15 :     26     32    125   75   96  182   68  116  118   83  245  181  235  187   96  219  260  231  341  346  262  371
 16 :      3     53     96  116  178   60  163  186  116   36  284  133  308  276   69   65  291  319  243  156  290  363
 17 :     78     19    104   28   70   59   74  155  125  169  105   76  231  139  348  106  157  242  263  294  299  292
 18 :     93     98    174  162  158   49   25   42   39   55  303  300   86   64  174  195  229  278  165  311  192  270
 19 :     80     76    161   85  197   28  159   44   71  101   57  286   70  149  219  177  106  165  256  103  229  357
 20 :     25     56    128  190   55  173  163  181  149  164  340  301  143   57  212   67  215  292  315  196  353  347
 21 :     34      5    191   35   47   62  107  186  195  155  260  337   80  240  173  275  308  388  314  189  320  180
 22 :     10     17    196   93  145  164  157  119   38  176  301  255  124  102  161  270   50  248  141  349  221  320
 23 :     29     20    166   34  183  157  104   54  128  108  341  286   56  341  299  340  302  374  109  268  180  364
 24 :     28      3    194   62  157  137   55   66   75  178  308  219  240  164  269   71  272  247  266  166  188  125
 25 :      0     87    119  147   49  165  192  170   82  107  220  131  312  189  135  205  124  310  379  371  309  268
 26 :     92     13     98   49  115  176  130   39   54   21  167  226  156   83  132  262  239  256  337  342  352  358
 27 :      7     73     30   25   53  117   79   66   68  190  137  137   84  118  175  223  130  243  168  317  195  206
 28 :     20     65    382  185  322  268  264  454  281  175  272  313  266  148  258  137  233  252  187  212  134   69
 29 :     93     84    369  232  231  254  275  188  323  331  216  468  213  138  131  125  217  175  216  276  144  188
 30 :      2     41    325  151  289  375  242  296  430  201  222  466  261  121  223  183  184  249  117  144   77   43
 31 :     63     14    478  197  222  398  470  402  425  209  422  245  112  269  151  223  224  111  293  183  189   99
 32 :     71     31    388  152  493  156  290  184  495  438  210  454  211  160  196  245  294  205  299  277  199   93
 33 :     43     85    331  468  433  159  413  455  498  308  166  234  223  290  156  250  161  148  252  215  144  109
 34 :     68     76    367  155  275  297  242  245  329  231  427  324  212  176  147  252  272  256  236  129   65  137
 35 :     59     92    293  267  254  368  460  237  247  493  237  390  244  163  129  224  152  276  141  184  131   35
 36 :     15     13    225  364  333  257  276  374  341  485  400  323  131  201  282  183  229  215  256  282   79   29
 37 :     95     49    182  212  407  463  181  269  282  240  332  172  263  136  294  265  124  282  289  182   30  187
 38 :     82     15    382  156  233  150  499  323  376  427  382  477  144  153  129  106  180  156  115  120   41   97
 39 :     71     28    201  151  173  167  188  466  336  321  246  393  232  175  180  150  289  143  138  298   62   26
 40 :     52     40    185  434  376  447  451  435  384  346  211  346  184  223  147  173  141  245  239  278   39  120
 41 :      6      6    180  251  132  113  157  196  161  117  224  211  139  200  156  188  167  230  168  165  136  177
 42 :     98     72    176  242  157  275  243  195  225  240  132  136  180  211  273  218  269  264  167  249  291  212
 43 :     90      9    190  191  167  172  238  206  265  120  246  246  169  245  263  260  250  192  116  189  254  250
 44 :     44     65    216  127  105  266  229  183  225  126  118  171  168  233  110  179  164  168  173  178  220  236
 45 :     49     56    200  157  282  289  100  101  191  281  242  129  130  120  283  198  188  203  185  297  270  143
 46 :     38     85    145  168  164  157  116  266  132  273  140  249  241  180  246  284  155  150  191  138  152  299
 47 :     20     98    278  207  107  165  281  130  296  246  137  106  174  215  189  253  229  111  124  101  169  211
 48 :     18     58    212  156  197  246  159  279  232  296  176  191  270  263  295  293  257  297  101  228  207  211
 49 :     12     68    185  201  152  165  206  197  133  281  290  157  139  221  211  220  278  201  118  191  167  207
 50 :     84     10    294  175  184  165  237  258  182  230  204  222  229  247  117  113  299  226  190  206  158  156
