 Le nombre total de clients est : 200

 Le nombre total de périodes est : 20

 Le cout kilométrique est : 15

  1 :     95      4    286  277  222  206  204  120  231  108  131  143   50  159  100  180   87  135  112  264  215  189
  2 :     54     26     65  242  222  162  164  127   75   51  171  174  119  181  168   73  129   67  110  209  234  216
  3 :     29     86    186  151  181  194   65  128  221   50  177   52  174  124  137  114   68   51  186  311  257  279
  4 :     94     83    275  104   83  250  226  135   66  142  112  152  135  135  109   50  146  112   72  303  332  189
  5 :     35     70    104  235  258  185  223   70  231  190  151  176   96  182  153  116   83  175   98  258  259  237
  6 :     82     51    114  279   70  166  178  135  250   61   92  140   83  161  155  102   58  174   85  171  289  228
  7 :     22     19    209  142  120  155  188  206  160  163  129  126  101   65  103  122   59  134  126  296  190  288
  8 :     63      4    288  216  115  259  153  115  272  138  144  148  194   75   85  102  186  184  179  339  295  267
  9 :     44     98    119  137  274  263  180  109   97  141   55  180  149  192  179  177   89  180   98  285  190  257
 10 :     71     30     84   93   78  212  285   72  197  109  154  137   64   72   87   80  162   70  196  192  222  251
 11 :     18     46     77  240  240  138  237   52   53   61  109  124  177   76  101   61  157  130  130  341  167  257
 12 :     45     19    226  124  246   71  242   81  294  162   80   55   70  112  177  180  103  157  192  316  251  158
 13 :     82     22    102   88  205  225  137  299  296  120   64   62  157  183  191  190  116  160  186  202  209  154
 14 :     43     58    265  122  272  167  286  236  225  180  197  166  179  130  171  149  185   99  108  261  168  299
 15 :     16     35    276  262  122  271  254  131  281   60  131  141   87   67  158  174  129  149  157  340  154  309
 16 :     35     95    242  278  279  266  274  266  188  112  162  177  130   65  149  176   66   89  144  195  213  198
 17 :     10     39    252   81   80  220  181  213   91  141  101  107   55   72   98  152  166  123  186  320  185  221
 18 :     33     40    194  155  222  242   90  170   60   87  193  136  155  135  132   75  132  166   84  203  172  263
 19 :     81     68    268   69   56  276  280  261  299   50  176  137   92  121  110   54  143  177  114  305  309  269
 20 :     13     39    135  210  259   81  221  185  275   80   90  132  158  106  150  106  162  165   58  232  329  312
 21 :     25     32     56  201  157  154  252  215  298  175  190   92  123  186  175  134  143   83  199  289  224  274
 22 :     36     44     86   96  180  206  142  249  198  141  185   92   73   90   92  143  195  167  167  173  161  286
 23 :     87     64    225  145  278   76  273  256  139  139  159  105  132  148  161   88   98   80  171  216  179  198
 24 :      7      6    190  283  175  202  222  197  226  195  180  104   75   79  103  176  143  108  148  250  346  216
 25 :     58     14    123  236   55  271  256   91   54  124  102   60   71  196   64   51   51  192  190  247  169  248
 26 :     66     30    104   68   52  145  228  193  110  120  133  162  106   56   96   65   84  126  197  226  328  330
 27 :      9      6    217  246  131  238  139  155  219   80   75   95  129   53  123   90  161   55  109  193  188  161
 28 :      7     80    113   82  164  268  125  117  142  116   99  167  130  173  154  184  131  115  133  223  236  234
 29 :     50     54    206  159   95  129   50  252  112   79  161   77  106   55  120  197  105  167   81  213  222  162
 30 :     36     48    107  170   69  228  230  153  159   50   73   71   79   53  181   77   77  132   53  156  156  304
 31 :     29     22    110  221  230  203  238   98  143   59  129   64  164   68   87  108  152  182  181  336  316  240
 32 :     49     71    237   82  107  169  287  201   84   92   88   61  105  137  179   63  163   83  175  202  245  234
 33 :     50     54    229  137  266  157  179   74  272  181  106  189   89  139  167   74  189  190  185  215  342  193
 34 :     52      9    131   96  213  197  256   82   91  198  150   68  175   75  196  132   57   94   86  150  179  228
 35 :     34     53     78  188  127  115  101  274  255  123  164   55   95  106  189   82   82   82  115  270  303  262
 36 :      6     81     57  135  295  175  163  247   69  113  116   66  145  148  106  198   64  184  184  220  249  164
 37 :      5     15    295  294  105  190  177  117   78  175  158  100  159  138  145  113   60  182  108  244  209  299
 38 :      4     51    273  178   59  277  150  116  115   97  166  127  192   74  171  147  133  104   92  284  342  271
 39 :      7     24    231  229  283   86   71  104   65  160   91   77   67   61  129  198  110   92  120  239  214  169
 40 :     82     76    230   88  270  141  137  158   68  143   59  183  102  146  126  138   50   92   68  175  214  208
 41 :     56      2    137  145  116  260  209  170  296  171   72  108   51  102   89  196   88  124  131  245  158  226
 42 :     61      9    146   69  174  176  167  234  175  110  103   85  111   97  118  123  165  159   86  273  292  304
 43 :     21     11     92   70  104  291  150  118   56  171  161   72  134  127   66  119  144  182  119  217  339  181
 44 :     12     54    206  250  294  297  249  266  241  107   68  112  164  114  174  106  194   76   69  333  334  254
 45 :     33     19    177   92  197  242  118  243   94  134   85  179  116   54   51  100   85  115  158  242  263  218
 46 :     67     84    289  282  294   93   92  226   69  112   75  179  194  180  100   58  194  175   67  322  221  277
 47 :     32     12    298   79  151  130  206  232  236   71   74  154  132   55  169   93  175  115   60  258  158  311
 48 :     46     10    262  181  299  174  298  157  134  183   70  186  175  178  113  149  122  174  134  151  150  217
 49 :     43     74    130  144   85  128  128  114  156  172  120  151  138  181   99   59  174  169  178  307  287  235
 50 :     31     11    294  272  299   92  120  147  212  118  142   98  145   64   73  184  136   60  199  182  325  282
 51 :     77     13    157  273  284   67  108  143  264  118  137   82   54   53  131   93  102  188  119  181  310  287
 52 :     52     12     75   91  291  198  127   98  244  178  159   81  110  167   94  191   93  110   71  345  268  202
 53 :     72     49     51  288  220  247   58  291  185   82  169  192  118   76  193   76  168   77  129  227  261  271
 54 :     24     29    245  147  184  297   97  123  104   93   70  162   94  132  133   53  132  150   94  173  323  301
 55 :     61     57    210  246  216  150   89  244  134   96  164  124  164   91   92  150  116   84  137  186  180  229
 56 :      2     62    194  200  204  132  211  248  231  179  174  195  128  197   59  147   59  159   65  194  190  153
 57 :     72     66    221  246  153  166  244  240  268  169  187   67  109  173  175  165   88   56   89  212  298  345
 58 :     71     49     95   79  210   94   81  174  144  132   75  165   83  151  171   87  163   88   84  179  293  300
 59 :     57     15    241  117  172  167  255  212  182  167  131  129  120  147  137   50   95  136  115  338  269  255
 60 :     71     71    221  142   96  239  274  260  145  131  158   53  124  148  107  198  131  184   77  241  281  269
 61 :     62     52    171  148  171  145  347  419  498  381  316  303  443   88   31   62   20   32   94   45   23   41
 62 :      3     61    159  143  170  119  318  344  442  354  473  495  340   96   28   76   97   68   27   78   33   31
 63 :     95     14    177  185  165  168  495  484  365  392  458  452  404   66   94   37   66   97   91   98   51   84
 64 :     36     67    122  183  120  101  498  395  453  356  405  315  463   58   51   81   73   95   50   34   60   95
 65 :     51     66    165  178  142  126  432  329  380  316  475  303  435   72   29   32   71   27   97   40   25   31
 66 :      5     22    101  144  106  171  347  368  499  360  383  307  404   42   56   38   35   93   36   68   98   82
 67 :     84     25    100  194  175  196  367  467  490  463  469  471  416   35   41   23   78   75   43   63   95   68
 68 :     42     36    196  139  120  118  356  414  489  382  304  378  452   90   27   73   63   45   57   36   85   90
 69 :     98     98    198  133  182  190  324  441  381  435  392  361  422   98   44   39   46   47   60   35   90   75
 70 :     43     59    190  142  167  161  384  341  477  355  395  487  411   81   92   91   60   85   75   27   71   26
 71 :     12      5    135  197  199  119  456  340  486  359  438  482  471   66   56   64   53   38   43   98   98   44
 72 :     93     28    180  192  121  110  386  333  320  450  463  466  471   43   85   71   27   71   26   57   82   51
 73 :      8      2    109  114  186  188  415  386  492  325  398  357  366   26   31   91   44   65   69   33   67   99
 74 :     79     20    186  139  144  191  431  367  362  331  366  416  468   75   66   30   76   66   98   40   54   78
 75 :     56     18    143  156  155  177  479  357  408  475  387  489  368   89   90   23   56   41   93   21   45   47
 76 :     82     11    106  156  171  116  497  404  389  304  451  372  437   49   41   33   41   83   29   91   55   88
 77 :     19     85    161  148  131  185  330  476  306  382  442  335  407   77   82   85   25   66   89   52   26   24
 78 :     50     44    181  138  100  140  473  348  440  352  496  305  405   81   51   21   48   54   75   72   64   40
 79 :     46     91    190  176  129  151  313  330  363  494  402  474  335   97   52   65   43   64   90   65   57   47
 80 :     53      1    121  145  127  142  361  470  360  434  313  438  464   52   62   48   63   80   74   77   50   81
 81 :     40     22    104  104  163  118  343  487  426  423  439  399  482   79   22   31   26   63   85   28   76   50
 82 :     18     83    108  195  143  150  433  447  336  343  415  405  329   62   90   47   23   20   70   89   58   66
 83 :      9     28    115  124  119  126  369  316  440  436  392  427  447   93   95   48   45   63   51   77   26   41
 84 :     45     91    169  138  193  141  373  338  355  431  451  422  356   59   64   56   46   99   69   21   56   47
 85 :      0     77    119  150  108  192  337  467  425  334  369  415  476   74   62   42   89   44   52   28   42   45
 86 :      8     21    184  194  169  181  427  324  476  490  392  499  350   94   96   92   78   77   78   39   58   61
 87 :     11     32    133  169  185  112  413  453  383  402  358  301  307   32   40   31   22   93   22   88   88   51
 88 :     33     60    148  139  162  169  364  421  469  354  308  466  397   72   54   33   27   50   75   38   98   71
 89 :     88     22    130  169  133  108  413  322  418  325  321  472  377   22   46   20   56   38   26   96   31   21
 90 :     58     89    132  126  142  178  471  464  359  460  455  491  475   48   95   61   80   39   79   44   81   36
 91 :      1     23    122  191  173  185  420  387  465  384  435  464  352   51   53   54   87   54   66   47   93   28
 92 :     76     96    123  159  129  173  470  449  347  412  339  454  377   74   94   35   53   31   20   63   98   42
 93 :     99     52    146  179  150  165  403  397  462  377  472  330  387   60   21   56   59   48   67   95   81   78
 94 :     58     88    173  110  163  108  390  455  351  339  306  314  333   49   82   47   37   22   62   77   44   62
 95 :     55     54    109  119  189  138  347  447  443  397  309  468  373   47   40   71   83   37   36   33   61   29
 96 :     58     16    183  111  114  185  491  353  444  343  377  398  353   94   62   79   35   54   54   57   91   80
 97 :     77     10    195  157  181  186  401  362  399  378  436  448  486   69   51   21   98   79   85   61   95   52
 98 :     96      3    118  147  149  178  439  323  339  363  361  416  390   28   52   94   55   80   34   69   79   85
 99 :     20     35    195  134  128  172  428  480  362  423  354  319  494   60   22   32   92   94   97   64   42   85
100 :     31     81    131  108  143  128  397  499  353  428  313  403  402   88   26   46   81   20   81   69   25   69
101 :     58      0    185  103  175  143  473  473  427  408  494  478  489   82   54   22   57   43   83   63   97   30
102 :      1     29    167  165  155  146  314  393  407  406  431  491  348   38   82   92   94   35   83   57   25   25
103 :     57     46    184  133  103  136  395  357  372  434  486  422  487   59   49   28   39   77   86   90   89   42
104 :     60     21    184  105  107  130  398  361  355  377  484  465  421   93   34   76   30   97   50   79   20   88
105 :     15     10    188  116  135  172  482  346  300  481  359  399  478   53   65   27   80   76   28   43   28   65
106 :     86     81    124  180  165  106  330  348  391  430  340  355  392   98   35   68   82   22   79   26   70   57
107 :     88     60    123  147  191  164  330  431  333  438  457  490  499   31   71   30   34   66   73   60   65   82
108 :     69     44    146  156  176  148  483  412  403  411  360  477  400   56   33   28   22   67   80   27   95   84
109 :      0     28    184  108  115  180  375  300  352  471  356  483  318   47   78   48   37   76   44   89   99   34
110 :     93     20    171  153  144  164  303  436  454  348  450  433  309   79   57   87   35   65   39   95   66   22
111 :     32     60    143  135  116  106  495  481  497  327  339  343  432   46   45   56   50   73   31   82   65   84
112 :     81     65    170  192  103  102  344  323  332  468  466  489  347   38   60   35   67   24   79   29   82   88
113 :     91     61    130  112  100  126  397  319  381  320  346  406  383   38   64   95   70   62   54   26   33   90
114 :     38     66    107  195  182  125  360  438  472  473  360  475  338   93   86   74   29   43   41   88   23   84
115 :     59     57    194  122  106  179  392  446  432  426  444  444  371   61   73   22   41   46   78   60   87   70
116 :     62     19    104  107  168  145  328  405  384  372  492  453  463   33   23   59   73   28   78   72   94   70
117 :     31     55    173  179  170  198  325  354  452  337  489  445  493   91   36   94   68   92   39   44   39   71
118 :     50     23    140  123  172  174  493  335  405  358  355  345  367   29   39   33   23   69   86   65   34   71
119 :     25     12    157  175  138  105  473  385  399  312  378  389  371   96   41   34   41   39   34   85   76   20
120 :     69     80    183  124  139  114  445  412  352  455  365  496  396   84   55   97   70   53   44   82   61   71
121 :     77     13    142  103  140  114  305  392  451  399  342  402  350   94   54   96   76   93   56   78   78   85
122 :     21     92    178  189  161  158  443  486  474  409  400  423  357   39   50   91   82   80   37   22   35   81
123 :     21     51    193  178  111  159  388  389  445  410  403  442  452   83   51   73   93   27   71   86   40   95
124 :     87     80    144  132  147  164  471  497  387  397  378  458  354   68   87   91   92   21   98   69   29   88
125 :     40     15    144  114  191  132  316  312  494  413  401  313  313   54   87   39   62   39   60   35   64   97
126 :     45     93    123  195  125  154  478  482  359  318  464  353  345   93   25   57   39   40   52   71   91   48
127 :     14     85    156  148  134  186  448  461  373  331  450  374  381   20   60   28   84   80   82   87   45   63
128 :     79     32    130  171  155  173  472  374  335  366  428  335  468   70   86   32   66   71   89   67   85   36
129 :     31     33    128  155  152  167  407  496  396  379  464  462  487   66   63   29   35   47   29   43   29   98
130 :     63     81    114  123  162  136  380  327  469  442  360  445  491   74   24   71   55   78   79   75   65   62
131 :     93     30    101  139   73  158  102  191  194  116  193  175  431  292  256  396  483  469  373  431  417  494
132 :     28     41    122   81  119  155  116  127  138  120  145  183  225  237  417  256  370  486  392  463  316  497
133 :      0     56     65  111   80  139  174  189  139  179  148  148  284  339  441  450  348  317  389  373  431  426
134 :      9     70    139  115  117  191  101  190  197  100  195  150  290  353  499  366  437  429  475  407  457  442
135 :     11     23     57   88  145  110  184  119  182  174  162  173  454  211  240  293  305  459  349  491  324  349
136 :     77     30     54  135   77  166  143  106  181  155  120  135  466  202  244  423  320  474  448  490  392  328
137 :     89      1    102  120  134  170  176  145  136  138  142  105  489  427  456  484  367  406  456  447  319  300
138 :     49     44    130  107   50  151  127  116  149  165  153  104  254  310  496  255  322  374  489  440  485  363
139 :     29     45     57   70   91  153  103  163  119  182  171  175  204  474  304  459  438  485  344  410  485  411
140 :     78     54     50  133   67  123  187  176  174  198  116  101  276  213  438  250  430  362  422  369  482  324
141 :     66     39     88   70  130  109  130  168  138  198  143  147  403  470  370  381  493  385  490  484  343  391
142 :     30     84     87   74   62  100  123  126  151  156  150  164  364  275  330  358  375  358  372  412  448  367
143 :     61     35     95   86  128  123  193  101  154  157  103  169  314  222  294  422  461  452  388  351  413  432
144 :     33     20     75   86  124  127  115  107  172  130  121  121  205  228  409  300  346  445  467  385  495  476
145 :     74      9    139   65  138  174  126  145  101  146  158  155  330  403  309  254  312  325  426  371  335  463
146 :     83      6    143  127  126  146  156  157  189  184  178  190  206  212  242  317  311  471  434  360  382  363
147 :     84     21     99  100  147  174  109  101  145  105  149  182  374  386  291  310  317  410  419  307  455  472
148 :     58     77     92   56   65  120  174  137  168  150  175  135  253  213  485  330  464  454  432  452  491  469
149 :     95     99     95   50  111  184  166  193  195  153  180  110  241  491  295  246  365  350  374  439  423  412
150 :     88      8    130   72  112  100  102  170  153  146  150  147  474  413  366  349  327  350  342  330  408  473
151 :     14     73     92  109   96  148  120  172  125  157  170  189  423  475  409  360  355  483  363  358  420  451
152 :     90     50    121   82   68  194  143  114  115  161  191  186  296  345  329  358  474  493  456  386  437  369
153 :     89     83    101   66   84  144  156  189  146  166  155  126  384  289  252  355  474  316  309  326  440  440
154 :      0     57    131   59   77  112  181  184  111  135  107  174  483  260  290  273  459  385  435  488  456  496
155 :     64     25    112  139  107  178  159  153  186  106  194  193  479  241  371  352  338  353  374  325  301  391
156 :     33     37     59   52   94  101  156  167  135  183  189  175  271  389  232  348  309  430  386  464  370  469
157 :     21     58     81   91  108  157  122  169  118  123  187  152  495  323  484  294  386  453  379  482  434  386
158 :     56     53    129   52   56  113  143  197  152  128  186  112  226  270  362  364  433  457  388  454  365  367
159 :     46     59    102   60  138  167  100  175  124  187  115  111  360  319  308  424  333  448  456  410  400  345
160 :      6     90     59  137   72  160  198  123  183  130  179  164  427  386  266  278  377  441  422  432  488  394
161 :     37     38     56   55  117  113  157  105  193  146  100  185  304  295  313  422  382  419  433  364  399  440
162 :     29     67     88   51   66  106  119  190  152  116  157  194  207  221  300  225  364  385  385  456  326  468
163 :     37     10     90   77   67  199  140  134  110  139  173  126  413  406  334  214  433  454  441  315  307  366
164 :     58     17     69   89   64  115  174  197  106  162  115  195  477  352  203  390  389  312  385  474  421  449
165 :     98     21    115   91  118  169  187  119  131  169  164  111  230  438  320  258  424  363  465  413  386  434
166 :     18     10     73  143   93  136  148  141  185  187  126  131  459  344  319  448  327  381  401  488  477  321
167 :     81     30    103  148  110  176  181  177  194  198  119  111  312  341  438  494  376  422  352  486  475  422
168 :     63     48     83  145   91  115  157  146  179  172  190  116  496  460  394  303  454  470  433  371  329  403
169 :     79     55     64  141  122  188  169  186  146  142  180  183  454  393  246  459  423  498  466  374  303  418
170 :     45      0    120  134   71  147  178  142  131  169  137  157  373  219  495  264  448  325  440  465  480  467
171 :     80     60     92   71  137  104  113  196  138  134  197  149  467  470  241  319  364  338  351  368  387  406
172 :     13      6    101   50   56  144  115  120  159  164  104  178  426  450  233  277  401  466  334  437  319  335
173 :     56     14    117  145   97  144  153  103  173  185  156  167  429  360  271  290  489  392  317  330  346  446
174 :     46     31    127   82   73  197  171  102  107  144  185  139  388  282  387  372  433  485  490  435  348  450
175 :     85     96     80   79  113  164  143  110  177  126  164  192  435  499  239  324  361  375  405  336  470  300
176 :     13     75     54  137   59  134  175  141  122  114  118  103  231  220  280  471  480  399  385  483  420  373
177 :      4     61    110   91  113  140  182  173  157  106  120  165  491  297  394  380  355  457  340  466  408  442
178 :     67     44     68   82  115  160  133  181  130  193  183  183  473  400  401  270  373  315  353  395  449  489
179 :     93     61    109  141  115  130  121  133  164  124  128  153  418  467  375  492  462  424  317  387  337  399
180 :     73     70    113  121   52  135  186  194  143  171  136  117  423  245  380  253  434  348  433  488  307  352
181 :     91     19     80  135  147  111  157  166  120  160  172  100  320  290  462  477  497  304  456  492  399  463
182 :     58     93    139  127  124  130  151  180  179  137  164  171  312  353  238  234  368  422  346  485  484  325
183 :     41     68    148  115   81  144  178  100  127  120  147  104  437  386  302  490  323  324  398  349  312  334
184 :      4      1     61  105   75  103  145  164  119  196  138  106  459  307  375  305  307  439  383  353  344  319
185 :     69     37     99  108  119  182  135  173  155  108  146  118  306  487  492  255  492  468  336  344  330  313
186 :     63     16    148  130  148  120  193  171  182  184  107  168  278  390  387  413  398  365  452  326  464  419
187 :     96     97    119   92  146  190  152  129  163  169  167  196  254  489  394  240  474  477  449  335  417  400
188 :      9     49     98  138   68  197  122  157  175  190  115  168  274  389  267  351  357  439  380  380  472  433
189 :     72     64    111   75   73  101  172  120  104  126  139  130  373  274  355  248  331  363  444  455  332  327
190 :     18      1    119  110  133  138  171  182  152  152  152  117  397  215  224  319  313  365  335  423  317  304
191 :     54     57    137  125  120  130  129  117  124  140  123  139  291  302  210  352  488  499  389  478  398  492
192 :     80     29    130  137   84  155  150  167  184  128  126  182  463  298  356  411  350  339  478  312  465  477
193 :      5     14    133  111   97  194  196  141  197  173  133  124  347  329  349  341  475  494  309  482  398  405
194 :     43     58     90  111   55  115  196  183  178  127  148  185  358  264  289  301  390  387  384  411  479  439
195 :     29     58    115  128  114  185  189  156  127  129  103  159  481  243  339  206  394  428  445  389  338  325
196 :     88     61    142  139  148  103  146  144  171  189  108  168  242  436  439  342  392  394  309  484  474  361
197 :     39     33    115  107   93  180  156  157  115  191  145  173  439  245  237  223  371  337  329  314  379  394
198 :     35     86     63   74   95  146  122  111  165  192  140  165  414  462  443  282  467  366  355  328  483  460
199 :     50     79     87   68  108  158  193  128  188  134  125  183  341  282  273  473  495  352  438  430  304  352
200 :     80     40     98   93  133  143  191  121  186  186  112  118  460  241  416  296  450  497  326  324  359  358
