 Le nombre total de clients est : 100

 Le nombre total de périodes est : 20

 Le cout kilométrique est : 15

  1 :     11     95    238  315  331  451  308  493  161  290  276  235  275  247  182   85  282  212  160  117  317  235
  2 :      8     59    281  264  209  183  483  160  155  284   78   59  286   82  169  289  142  394  364  365  216  267
  3 :     45     38    103  119  227  414  321  429  110  117  260  225  270  289  161   73  101  110  151  332  386  102
  4 :     42     90    194  207  329  183  243  212  215   85   67  267   50  274   50   71  231  206  334  159  328  177
  5 :     41     25    188  384  318  109  478  141  347   66  107  143  183  169  101  112  116  309  385  136  357  206
  6 :     34     93    473  386  486  122  269  336  410  202  127  200   62  246  111  146  383  382  256  162  172  384
  7 :     21     81    300  445  469  118  399  443  332   55  277  106  273  143   69  280  335  161  159  294  182  107
  8 :     48     68    441  338  135  318  446  164  407   60  267  152  296   96  175  210  392  178  181  198  293  398
  9 :     43     11    295  368  242  138  454  248  311  143  250  210  163  220  248  264  210  244  121  156  366  353
 10 :     54     69    336  367  124  332  245  239  203  184  157  172  165  213  275  152  352  334  274  381  239  356
 11 :     38     88    271  117  369  468  449  422  360  182  141  207  158  226  249  139  342  385  220  251  141  214
 12 :     74      1    110  137  409  297  243  434  148  119   94  101  294   54  135  240  239  179  147  209  311  179
 13 :      0     18    142  319  226  470  270  177  211  162   66   80  177  136   86  118  322  282  266  145  121  186
 14 :     75      4    486  423  426  356  317  245  426  224   69  269  212  260  167  246  349  157  305  219  195  214
 15 :     39     84    498  180  111  402  317  265  282  287  128  227  137  189  293  246  190  336  286  182  356  277
 16 :     19     11    343  239  431  481  336  430  436  290  124  217  285  187  147  124  294  103  268  181  125  172
 17 :     85     80    159  494  142  233  259  384  335  165  118  221  185   63  263  105  188  373  101  162  137  213
 18 :     79     97    151  215  260  349  403  367  276  232  276  267  122  102  210   83  152  121  180  325  208  352
 19 :     52     16    109  162  157  324  487  331  327  268  118  218  179  192   74  105  343  322  153  295  374  277
 20 :     96      3    375  494  220  196  202  228  332  114   91  264  255  282  270  246  103  320  303  290  249  288
 21 :     51      9    169  444  160  439  462  241  114  107  173   56  186  174  130  140  171  354  158  182  129  328
 22 :      8     39    382  459  124  113  460  298  237  249  215  162  236  217  159   86  159  156  374  294  227  144
 23 :     70     58    346  351  331  478  130  201  220  187  217  215  173  101  271  122  148  252  134  388  163  344
 24 :     20     77    352  297  368  497  158  297  411  171  198  243  161  276  198  267  250  306  209  242  304  376
 25 :      3     96    183  464  107  454  148  315  301  120  129  138  185  215  228   99  267  164  298  213  141  223
 26 :     43     14    499  446  172  282  476  309  175  122  242  231   98   88  127  250  143  207  148  208  296  306
 27 :     35     22     51  148   93  176  310  195  335  269  342  294  181  239  269  266  164  168  165  231  381  388
 28 :     83     30     63   36  125   86  334  239  150  188  172  252  348  277  294  252  335  231  328  161  114  104
 29 :     86     21    188   80  124  140  218  167  156  304  305  156  154  302  151  185  324  285  151  262  467  477
 30 :     85     10    114  157  112   36  294  258  339  286  326  295  164  321  304  297  318  166  248  341  316  385
 31 :     14     58     86  107   79   50  272  158  297  243  256  169  235  281  259  321  307  293  266  302  134  425
 32 :     39     66    104  181   85  148  285  261  273  308  229  166  221  253  320  260  261  273  306  248  394  435
 33 :     64     58    195  118   32   85  225  199  169  319  246  257  195  256  176  244  315  171  324  263  121  129
 34 :     36     23     98  107  142  163  332  343  327  276  153  329  245  228  331  344  345  251  179  284  221  254
 35 :     86     65     57  144  104   94  271  338  236  154  220  173  244  154  238  206  315  311  344  221  396  407
 36 :     85      0    121  185  121  132  290  284  178  265  273  211  217  295  262  340  199  316  214  270  166  289
 37 :      0     83     40  158   63  148  212  296  169  177  258  326  342  318  164  317  225  177  298  262  472  317
 38 :     82     63     51  110   78  180  179  348  247  298  254  336  155  284  204  337  150  333  192  330  267  294
 39 :     20     96    177   38   98   83  170  263  228  162  191  204  239  165  240  330  225  165  333  185  497  439
 40 :     40     64    131  125   41   76  178  157  248  273  257  167  227  302  322  312  283  166  204  246  264  303
 41 :     38     76    106  125   43  104  264  163  154  279  213  174  292  164  349  164  265  213  306  256  488  320
 42 :     72     60    110  117   48  191  210  219  199  183  298  198  291  289  177  252  297  293  233  310  220  291
 43 :     56     63    174   71  158  127  274  304  227  287  325  155  311  230  348  336  254  195  199  160  119  162
 44 :     29     14    158   40   76  147  324  262  258  220  334  341  162  339  204  270  274  157  173  241  246  440
 45 :     85     32    155  108  128  194  263  154  176  308  288  218  257  165  326  178  225  276  299  152  252  270
 46 :      1     73     67   90   78   84  176  150  342  211  185  181  242  185  327  262  226  257  306  333  364  375
 47 :     90     43    107  172  138  159  340  317  187  172  167  207  211  248  184  205  318  159  341  150  481  260
 48 :     64     36    185  134  132   69  191  223  333  270  207  311  216  278  319  304  215  266  166  163  277  498
 49 :     94     65     95  121  196   42  240  349  267  209  159  244  308  219  222  265  323  199  154  251  174  457
 50 :     91     93    178  147   71   61  285  223  220  170  259  333  203  184  155  338  240  222  192  247  120  164
 51 :     48     89     91  166  198   62  220  175  264  153  258  329  291  222  289  269  288  174  330  165  387  458
 52 :     21     54    127  148  114  181  295  171  203  233  213  260  307  323  180  181  314  173  293  293  471  117
 53 :     40     14    132  193  117  192  262  201  334  291  218  253  190  229  342  332  267  194  295  161  453  394
 54 :     73     52    182  113  143   52  322  184  252  233  154  160  345  161  341  234  329  218  264  234  327  402
 55 :     76     28    159  193  161   31  151  173  322  223  173  309  307  195  231  283  211  158  317  189  281  466
 56 :     28     33    105   89   44   62  280  297  256  344  347  270  261  311  303  285  212  349  208  259  372  433
 57 :      7     51    121   53   64  189  178  310  164  151  276  158  218  340  186  182  195  335  216  344  407  141
 58 :     63     25     84   93   34  138  189  254  292  343  243  190  221  196  190  296  230  185  250  242  425  227
 59 :     15     75    188   42   90  147  258  203  279  230  208  209  244  229  227  295  299  158  241  221  337  272
 60 :     41     88     92   99   64  177  200  150  331  176  207  278  293  319  190  348  290  284  153  329  208  399
 61 :     63     83    143   70   34   82  208  255  197  206  293  338  227  232  303  228  256  271  200  238  183  360
 62 :     53     43     76   76  118  183  273  255  302  254  195  170  152  218  193  251  288  304  171  256  436  280
 63 :     85     36     83  104   35   30  304  292  173  212  169  338  189  194  156  251  250  295  258  321  223  102
 64 :     26     88    103  231   62  208  140  131  127  107  244  165  404  368  401  347  285  399  382  195  258  162
 65 :     48     64     47  102  181  196   96  202  241  151   43   56  342  328  332  401  218  291  417  440  253  213
 66 :     81     90    114  241  159  112   95  168  158  150  230  225  282  211  423  366  405  340  280  195  277  193
 67 :     64     13    139  152  160  144   57  115  171   72  141  119  186  231  158  335  190  167  299  209  440  159
 68 :     45     63     52  211  130  233   74   47  165   49  197  192  399  189  422  291  243  415  179  424  401  424
 69 :     52     97    165  150   84   79   40  176   30  200   88  176  378  345  263  310  206  209  382  365  380  167
 70 :     24     21    116  234  158  128  233   63  217  220   30  246  342  276  406  237  413  226  358  286  158  408
 71 :     71     13     38   53   59  200  245   92  192   63  124   93  164  237  323  208  312  342  340  252  361  326
 72 :     30     14     30   75   36  156  201  246  135   32  189   53  205  264  355  350  189  219  191  316  412  368
 73 :     95     44     47  230   60  139  220  194   42  204  183  124  157  355  328  407  185  325  185  396  177  371
 74 :     67     55    131   75   75   69   54  242   97  203   73   36  306  325  379  204  332  359  384  224  269  352
 75 :     50     50     61  105  144  212  160  210  197   53   72  197  414  302  165  306  282  257  396  302  365  443
 76 :     69     13    127  100  127   91  130  149  210   26   91   75  404  206  371  231  255  275  373  355  247  392
 77 :     10     28     68  248  217  120  214   57   25  215  123  232  364  382  216  171  404  222  157  312  371  240
 78 :     95     95    201  108   45  140  190  249   54  141  130  160  217  266  271  414  348  243  308  179  362  383
 79 :     44     59    187  235  160  186  195  162  168  102  176  196  159  406  361  230  396  429  259  361  333  352
 80 :     86     12    180   57  206  241  227  120  219  120  159   63  170  259  277  302  282  410  339  438  394  211
 81 :     23     40    135   41  131   56  224   24   94  211   73  112  360  195  282  302  418  392  338  401  431  270
 82 :     68     21     22  108   72  214   67  238  166  232   34  146  186  243  242  362  427  238  319  314  402  420
 83 :     83     92    200   56  246  237  198  185   98  115  110  110  311  365  238  391  210  246  384  422  327  264
 84 :     22     50     84  187  132  124  202   37  206  196  123   93  229  261  313  268  442  380  364  415  267  322
 85 :     38     50     33  174   55  123  217  110  213  138  203  184  415  417  225  155  234  232  316  366  202  269
 86 :      3      7     77   65   60  168   63  247  236  209  181  181  315  351  439  393  424  430  330  359  370  385
 87 :     62     34    117  207  150   79   40  210  146  150   80   50  303  441  283  295  416  373  297  413  353  330
 88 :     17     61     92   70  242  238   60  234   65  232   29   42  211  412  346  313  219  290  301  170  430  431
 89 :     12      6     80  246  135  110  111   82   67  111  223  172  273  154  197  285  246  363  386  303  362  358
 90 :     57     20    220  218   53  114  157  147  213  180   77   38  195  155  152  420  351  304  357  374  190  196
 91 :     23      2     62  120   42  178   86  186   62   39   50  239  441  216  256  369  203  273  251  275  162  317
 92 :     91     74    174  182  233  153  103  129  164  128  130  110  384  203  193  295  335  214  151  410  430  222
 93 :     42     48    160  140  208  125  122   84  196  107  232   85  341  384  392  195  253  154  442  215  399  403
 94 :      9     30    121   46  130  249   74  240  167  231   28  127  197  184  313  412  400  155  201  363  330  300
 95 :     36     56    138   56   71  182   43  171  131  110  107  239  221  169  152  307  206  443  319  387  200  421
 96 :     24     25    149  229  215   93  206   89  197  193  242  150  224  251  177  366  279  231  230  305  437  332
 97 :     42      6    133  168   62  239  135  220   78  216   77  148  152  270  315  415  383  343  256  240  272  421
 98 :     36     17    138  186  236   46  223  124   73   78  219  159  182  377  367  181  377  436  350  327  243  297
 99 :     81      2     93   99  136   75  214   84  214   85  128   23  435  193  366  324  191  230  243  384  161  180
100 :     40     63     93   52  141   62   62  223   69   84  185  129  419  205  286  438  444  423  207  273  369  204
