***** PARAMETERS PRP *****

Number of Customers = 30
Number of Products = 10
Number of Vehicles = 5
Number of Periods = 12

B = Production capacity
	49603

b_p = Time required to produce item p
 	1	1	1	1	1	1	1	1	1	1

c_p = Production cost of item p
 	300	800	300	800	300	800	300	800	300	300

s_p = Setup cost of item p
 	300	800	300	800	300	800	300	800	300	300

M = Big number
	198412

U_pi = Maximum inventory upper bound of item p at site i
 	198412	166	119	120	254	263	174	226	96	124	100	241	138	242	104	141	244	225	252	161	175	101	241	269	122	106	129	165	304	233	155
	198412	226	93	127	100	205	105	331	179	340	165	256	171	155	91	213	238	119	245	163	196	304	258	99	275	225	197	120	113	162	111
	198412	86	161	261	149	116	171	92	231	295	214	141	125	226	208	240	87	187	175	220	300	195	237	180	263	252	113	188	157	224	230
	198412	284	126	263	170	229	252	191	168	164	109	258	210	285	337	257	216	180	306	130	186	183	104	195	243	158	273	132	278	86	105
	198412	238	220	162	114	102	124	170	174	174	289	294	164	170	95	121	338	191	169	97	265	133	289	211	139	154	250	224	97	128	205
	198412	274	148	275	130	283	160	188	224	174	112	103	221	127	160	181	104	278	232	278	136	273	233	283	162	304	243	366	224	167	127
	198412	184	200	264	124	181	140	279	186	283	194	181	146	104	212	263	211	252	300	146	71	125	119	153	123	315	197	230	242	259	106
	198412	102	104	104	214	268	116	106	204	114	175	255	308	264	229	163	162	237	176	282	257	190	300	301	110	92	165	121	300	140	160
	198412	129	207	122	111	178	81	197	126	296	334	193	255	248	201	289	238	206	173	119	199	109	181	279	203	228	242	211	230	236	286
	198412	285	260	278	228	97	187	205	88	229	84	279	113	246	243	243	147	116	182	309	267	323	103	255	178	126	224	223	97	228	216

I_pi0 = Initial inventory of item p at site i
 	0	55	90	115	233	201	59	85	83	81	97	53	81	122	70	38	223	88	79	142	97	95	124	98	73	33	53	126	72	113	154
	0	178	67	65	89	41	94	200	101	87	146	216	118	47	86	77	192	80	107	76	116	82	11	81	131	78	197	68	50	98	90
	0	0	88	237	58	61	101	29	30	159	122	132	52	59	113	221	39	62	165	195	136	137	186	100	204	40	30	160	110	95	15
	0	247	54	118	125	124	252	108	90	91	74	130	44	119	173	198	149	102	118	82	82	145	44	78	126	126	60	73	224	73	61
	0	160	187	53	111	87	124	60	136	172	40	142	74	91	57	80	228	169	45	73	80	133	132	145	88	151	171	80	50	65	145
	0	53	55	65	111	61	154	188	44	140	98	96	115	21	47	44	55	229	75	53	117	169	200	215	153	230	176	195	48	110	125
	0	111	110	165	74	134	12	45	82	82	64	101	48	57	181	143	147	252	133	87	56	64	55	140	98	231	147	191	69	92	71
	0	82	93	38	144	119	12	83	66	99	138	129	286	87	23	154	114	36	88	217	128	106	11	166	92	90	80	115	262	73	144
	0	124	155	74	87	84	53	45	119	249	229	86	87	183	176	44	128	100	145	88	110	78	144	256	137	85	188	179	153	64	202
	0	105	251	162	178	45	102	156	86	134	75	212	39	140	83	204	49	99	152	62	55	273	81	221	105	87	40	27	78	78	133

h_pi = Inventory cost of item p at site i
 	3	3	5	1	8	3	6	6	8	1	9	6	9	3	7	6	8	5	5	4	4	4	4	3	5	3	9	2	2	5	5
	8	2	8	8	7	9	2	3	7	5	5	4	2	4	7	5	3	2	5	9	2	7	8	1	1	6	6	9	4	7	1
	3	4	8	7	3	4	9	8	2	5	3	7	6	6	7	5	5	2	9	9	2	3	4	1	1	8	5	7	7	7	2
	8	3	4	5	4	8	1	3	8	3	4	9	2	6	1	1	3	3	7	1	7	1	7	7	9	3	3	5	7	8	3
	3	6	3	3	6	4	7	1	7	4	1	7	6	2	3	5	5	9	1	5	1	6	2	9	4	7	6	8	5	2	4
	8	2	8	8	7	9	4	8	4	2	5	6	8	8	9	9	1	6	4	3	2	6	2	4	2	2	4	6	1	9	1
	3	5	9	9	4	6	8	5	5	4	7	9	3	8	6	3	9	6	9	9	6	7	4	9	5	3	7	7	9	5	8
	8	8	9	5	9	2	3	7	6	7	4	5	8	2	1	8	3	5	3	1	1	2	2	1	8	2	6	8	5	2	6
	3	2	1	9	6	7	5	5	4	2	3	7	5	2	3	5	7	3	8	7	5	3	7	6	2	5	2	3	3	3	2
	3	3	6	5	7	2	1	8	4	3	9	4	6	5	4	5	9	3	9	5	3	8	7	4	4	7	9	6	3	5	8

C = Vehicle capacity
	3660

f = Fixed transportation cost
	31279

a_ik = Transportation cost for traveling from node i to node k
 	0	963	347	845	182	294	673	830	349	750	103	106	412	435	137	726	275	262	478	491	323	736	576	268	182	524	494	471	704	589	292
	963	0	714	447	996	695	297	133	676	342	995	868	552	528	1009	351	811	701	542	533	642	306	518	890	831	588	565	494	325	384	915
	347	714	0	505	297	106	422	588	370	435	325	245	234	260	326	412	101	219	173	183	185	436	242	177	350	181	164	265	407	337	202
	845	447	505	0	794	556	351	399	709	164	829	740	507	504	828	180	598	633	376	363	562	218	270	658	792	325	352	463	235	366	668
	182	996	297	794	0	303	700	865	473	731	84	179	460	487	55	708	198	339	464	476	372	730	537	140	335	471	461	512	700	613	145
	294	695	106	556	303	0	398	563	266	457	303	189	162	189	315	433	145	114	185	198	87	445	287	223	255	245	205	210	413	312	256
	673	297	422	351	700	398	0	167	421	188	699	575	262	242	713	173	517	414	252	245	350	135	262	597	556	321	284	203	117	87	623
	830	133	588	399	865	563	167	0	548	259	863	735	419	396	877	261	683	569	417	409	509	211	408	763	700	474	445	361	221	253	789
	349	676	370	709	473	266	421	548	0	567	425	296	205	206	454	543	394	159	359	370	191	530	471	455	175	461	405	247	500	359	491
	750	342	435	164	731	457	188	259	567	0	752	645	373	364	757	25	534	513	274	261	442	56	201	606	670	272	271	322	73	211	624
	103	995	325	829	84	303	699	863	425	752	0	136	447	473	35	728	234	309	480	492	356	745	565	199	272	504	485	503	714	613	214
	106	868	245	740	179	189	575	735	296	645	136	0	317	342	161	621	185	175	373	386	227	632	471	203	165	420	388	375	600	489	235
	412	552	234	507	460	162	262	419	205	373	447	317	0	28	464	349	304	152	159	168	91	344	267	383	301	267	208	60	313	182	416
	435	528	260	504	487	189	242	396	206	364	473	342	28	0	491	340	331	174	170	177	117	332	273	411	316	279	221	43	300	165	443
	137	1009	326	828	55	315	713	877	454	757	35	161	464	491	0	734	230	332	487	499	375	753	567	185	304	504	488	519	722	626	195
	726	351	412	180	708	433	173	261	543	25	728	621	349	340	734	0	512	489	250	237	417	51	181	584	646	253	249	298	57	190	603
	275	811	101	598	198	145	517	683	394	534	234	185	304	331	230	512	0	236	272	283	232	536	339	81	326	275	264	346	507	431	113
	262	701	219	633	339	114	414	569	159	513	309	175	152	174	332	489	236	0	258	271	72	490	371	301	160	342	293	211	458	333	336
	478	542	173	376	464	185	252	417	359	274	480	373	159	170	487	250	272	258	0	14	189	267	114	349	418	110	52	147	237	172	374
	491	533	183	363	476	198	245	409	370	261	492	386	168	177	499	237	283	271	14	0	201	255	102	360	431	105	49	152	225	167	383
	323	642	185	562	372	87	350	509	191	442	356	227	91	117	375	417	232	72	189	201	0	420	302	307	231	279	227	149	388	266	341
	736	306	436	218	730	445	135	211	530	56	745	632	344	332	753	51	536	490	267	255	420	0	216	611	644	288	275	289	33	171	631
	576	518	242	270	537	287	262	408	471	201	565	471	267	273	567	181	339	371	114	102	302	216	0	408	530	73	83	242	194	207	424
	268	890	177	658	140	223	597	763	455	606	199	203	383	411	185	584	81	301	349	360	307	611	408	0	363	339	336	426	582	511	36
	182	831	350	792	335	255	556	700	175	670	272	165	301	316	304	646	326	160	418	431	231	644	530	363	0	497	451	358	612	480	396
	524	588	181	325	471	245	321	474	461	272	504	420	267	279	504	253	275	342	110	105	279	288	73	339	497	0	59	257	264	255	354
	494	565	164	352	461	205	284	445	405	271	485	388	208	221	488	249	264	293	52	49	227	275	83	336	451	59	0	199	247	210	357
	471	494	265	463	512	210	203	361	247	322	503	375	60	43	519	298	346	211	147	152	149	289	242	426	358	257	199	0	258	123	458
	704	325	407	235	700	413	117	221	500	73	714	600	313	300	722	57	507	458	237	225	388	33	194	582	612	264	247	258	0	142	603
	589	384	337	366	613	312	87	253	359	211	613	489	182	165	626	190	431	333	172	167	266	171	207	511	480	255	210	123	142	0	538
	292	915	202	668	145	256	623	789	491	624	214	235	416	443	195	603	113	336	374	383	341	631	424	36	396	354	357	458	603	538	0

coordXY = Coordinates (x,y): line zero => x line one => y column => customers
 	255	499	127	66	76	228	377	464	491	211	153	238	347	367	119	216	99	333	207	204	311	265	135	45	402	100	156	353	268	341	10
	56	987	378	879	86	348	717	859	312	804	55	160	457	476	53	780	282	306	531	544	374	791	619	222	162	556	539	516	759	638	214

d_pit = Demand of item p at customer i in period t
 	55	96	54	10	42	77	34	89	84	75	25	21
	90	95	32	74	18	89	29	55	53	39	60	79
	16	99	18	95	38	88	40	70	38	72	66	82
	39	46	58	90	30	30	77	24	21	74	57	63
	55	15	93	38	41	39	44	40	73	34	82	76
	39	20	50	59	45	95	30	77	81	67	71	61
	27	58	91	56	75	83	80	65	58	11	41	34
	83	42	40	95	31	41	79	72	12	27	32	21
	81	56	15	99	32	55	39	29	36	22	22	11
	97	45	84	19	45	49	28	52	64	35	20	61
	53	17	74	22	82	39	93	60	27	26	25	60
	81	69	98	86	82	52	88	69	83	32	64	22
	37	42	43	31	99	58	94	25	11	58	42	40
	35	35	74	51	14	29	95	85	38	29	69	70
	16	22	82	95	43	49	30	84	33	23	59	28
	66	68	89	81	23	77	36	44	57	67	47	77
	88	93	42	36	12	80	89	66	26	44	56	43
	79	26	28	72	94	84	22	68	69	87	49	79
	25	85	32	44	52	33	42	76	85	66	56	47
	21	76	83	38	83	80	34	30	21	93	94	46
	95	57	44	20	21	18	37	34	96	37	62	85
	58	12	54	47	61	78	49	100	86	82	74	21
	47	28	23	71	93	74	55	71	31	39	83	31
	55	18	52	97	64	72	92	42	64	84	75	15
	33	35	15	61	67	87	66	63	58	11	41	97
	53	85	64	56	80	29	90	88	63	86	54	26
	60	40	26	56	22	81	65	98	95	37	59	22
	72	96	34	15	58	60	83	13	80	71	83	64
	64	49	88	46	67	39	20	99	81	54	82	11
	69	85	25	71	23	12	84	21	66	69	39	57

	46	85	15	32	56	84	22	13	91	91	99	45
	67	39	100	86	42	67	23	22	42	37	12	18
	65	84	38	70	54	62	77	80	96	52	33	51
	43	46	70	33	57	16	89	44	12	72	86	32
	23	18	35	45	14	13	81	27	53	73	99	11
	12	25	57	83	25	93	61	35	60	78	71	31
	72	90	27	11	49	79	71	82	93	86	88	46
	39	62	69	81	57	91	69	34	18	80	66	48
	87	95	80	67	70	34	80	90	92	21	56	44
	90	10	46	52	56	63	53	17	97	70	39	66
	81	82	53	47	49	98	18	16	58	38	16	59
	66	52	55	86	28	83	57	64	19	95	66	12
	47	21	98	14	68	99	13	70	44	17	78	50
	69	17	64	16	63	74	24	23	14	49	94	38
	57	20	45	75	21	46	73	88	52	90	35	36
	83	23	14	72	60	20	95	95	49	97	13	92
	66	14	69	99	79	42	88	39	57	33	50	77
	24	83	16	12	96	84	36	15	90	91	26	15
	15	61	95	74	13	19	55	93	21	82	63	62
	66	50	90	20	47	88	13	14	72	11	78	40
	82	48	24	14	68	72	73	87	67	44	67	83
	11	89	50	22	39	85	38	23	56	13	100	92
	31	50	77	93	86	18	35	15	18	19	72	81
	92	39	55	22	97	85	65	76	31	25	23	49
	44	34	58	74	72	95	35	80	34	24	76	50
	10	66	63	58	89	78	19	41	54	11	45	58
	68	97	35	94	12	16	42	91	74	74	75	39
	35	15	94	88	79	88	49	63	67	12	53	33
	23	65	10	25	38	63	78	18	59	35	18	55
	79	11	36	52	73	80	69	68	21	33	57	85

	89	43	51	62	45	38	18	17	18	36	59	38
	88	98	51	34	45	56	16	24	57	14	75	84
	55	73	35	74	78	54	51	61	86	95	72	50
	58	96	76	80	68	23	97	82	85	98	91	38
	61	93	64	52	19	46	57	54	31	41	78	98
	80	21	77	16	53	21	80	91	50	21	98	75
	29	88	33	41	17	29	49	83	31	61	53	40
	30	33	33	30	43	47	88	64	39	65	10	72
	87	72	74	52	62	14	91	98	75	37	20	25
	77	45	100	56	64	13	22	74	13	84	25	69
	40	92	63	96	92	37	71	63	31	99	80	79
	52	75	72	53	86	54	29	34	75	82	95	44
	59	34	31	60	87	67	41	26	49	82	91	52
	51	62	61	45	37	45	71	25	26	87	52	61
	59	19	66	77	35	12	26	92	47	81	43	19
	20	19	27	14	98	14	91	65	63	31	59	19
	62	19	95	64	86	13	36	78	83	93	61	56
	10	95	60	76	19	10	26	34	66	38	12	79
	68	77	22	28	23	14	62	45	25	27	64	72
	60	20	56	77	71	76	39	27	99	99	53	43
	43	94	59	49	14	17	19	78	23	65	29	96
	15	73	98	94	68	84	15	15	53	93	40	64
	57	43	56	33	29	63	79	42	50	14	28	47
	64	34	80	26	22	74	64	30	35	87	88	28
	40	84	35	98	24	30	63	43	58	18	57	54
	30	98	81	58	84	49	49	66	18	36	91	18
	36	44	80	19	27	57	96	38	72	46	23	27
	25	85	85	78	54	21	29	62	17	20	86	66
	42	30	23	66	19	97	58	87	75	51	57	67
	15	72	57	34	11	31	26	98	100	17	68	22

	78	57	94	18	54	95	79	13	61	24	25	83
	54	61	91	75	68	74	57	49	89	23	69	47
	50	68	42	61	16	51	24	87	63	32	71	65
	31	94	81	96	31	61	74	44	20	16	57	75
	30	65	29	46	46	71	81	18	19	31	40	73
	25	62	92	73	66	52	64	20	87	77	72	66
	27	52	29	60	85	77	74	83	76	30	90	81
	49	41	47	64	63	59	86	53	11	42	90	66
	64	27	73	73	60	33	24	95	51	97	40	19
	74	99	28	32	93	48	99	53	43	23	14	46
	68	25	37	53	23	46	85	85	51	15	82	50
	44	81	48	36	55	95	31	98	56	37	21	28
	73	46	79	59	10	87	60	59	22	96	77	15
	100	73	81	96	56	52	78	63	66	65	17	61
	88	88	22	45	50	67	24	70	96	40	16	10
	59	25	65	42	29	61	98	13	35	61	94	65
	14	88	93	94	55	71	36	55	96	12	13	94
	20	98	99	60	79	40	49	87	96	14	48	45
	82	31	100	50	60	83	68	21	99	41	89	56
	17	65	16	35	21	86	81	23	78	15	99	21
	74	71	52	47	51	39	77	66	35	81	64	74
	21	23	79	59	12	53	45	57	50	93	99	35
	12	66	46	23	79	55	25	57	63	35	45	78
	40	63	23	90	51	93	40	95	22	91	31	91
	79	47	65	50	18	59	98	28	22	41	54	72
	44	16	35	81	31	40	94	65	98	34	53	63
	73	74	63	62	91	93	82	76	38	28	62	51
	67	58	55	44	67	86	19	41	69	28	45	89
	73	44	41	40	27	15	68	63	55	44	19	27
	61	75	27	80	12	41	91	22	74	17	91	38

	49	33	78	99	77	90	48	19	68	44	84	26
	75	50	62	54	15	41	54	65	90	99	40	14
	53	71	75	41	21	74	10	54	59	64	72	55
	41	70	29	73	94	37	14	90	15	69	54	97
	37	50	32	35	48	26	95	13	84	51	97	45
	37	87	14	56	66	71	49	79	47	91	62	83
	60	76	13	49	53	74	46	62	17	56	86	86
	82	54	43	32	27	65	81	48	94	54	78	39
	82	33	57	89	28	46	88	56	79	90	31	17
	40	84	85	65	61	18	24	98	49	12	63	95
	58	49	35	21	93	29	74	88	79	50	61	69
	49	25	61	32	50	84	90	68	64	10	86	37
	15	55	21	57	32	28	61	26	63	40	48	65
	57	46	10	84	17	40	59	36	84	54	32	49
	80	85	61	18	70	92	36	39	81	18	66	82
	92	53	83	97	26	97	44	64	80	81	18	76
	79	90	36	45	80	27	79	44	18	32	15	29
	45	10	32	47	33	77	68	33	18	31	22	90
	73	58	86	80	27	23	93	36	22	21	37	26
	48	32	73	42	13	38	51	81	45	86	87	41
	63	70	73	32	21	96	81	82	90	45	86	57
	64	32	36	91	84	51	78	94	79	58	13	14
	96	49	52	79	60	81	32	22	37	48	51	26
	88	70	74	85	87	88	74	80	48	27	54	58
	26	44	81	82	33	91	16	19	56	68	13	88
	92	79	85	52	28	24	67	89	78	67	21	69
	38	42	28	30	11	84	24	78	81	41	12	68
	50	52	65	16	64	35	25	41	62	52	78	44
	65	24	30	21	29	30	38	98	19	68	18	72
	44	55	46	16	39	93	41	45	100	27	51	57

	53	96	13	11	22	71	73	28	84	67	80	60
	31	24	73	38	97	54	81	84	13	17	28	52
	65	27	97	47	96	68	11	48	21	82	37	61
	21	90	84	82	80	71	26	77	32	90	26	98
	61	52	41	97	31	24	98	31	97	42	67	37
	26	17	33	78	93	87	74	16	86	23	14	94
	13	65	52	58	28	37	66	42	74	14	71	43
	44	59	57	17	76	73	29	86	15	76	95	46
	56	84	96	79	50	30	58	13	97	50	12	71
	98	65	77	43	93	91	10	59	67	11	16	43
	25	71	50	27	61	44	99	36	95	13	76	23
	23	92	52	18	30	72	97	69	92	63	21	34
	21	58	63	100	94	37	73	77	53	41	100	47
	47	20	29	78	16	66	20	25	84	71	97	85
	44	40	81	77	76	95	58	67	77	19	74	15
	15	40	96	95	22	97	73	23	62	47	30	25
	25	99	18	87	83	59	51	33	97	24	39	51
	65	10	52	66	91	50	84	20	22	76	74	85
	53	97	20	64	14	52	67	86	86	60	55	13
	93	24	15	28	63	33	83	14	59	71	10	52
	95	55	19	95	33	57	35	77	58	11	36	84
	75	72	53	22	24	67	11	46	79	24	42	45
	50	77	41	47	95	64	84	32	32	85	19	54
	47	22	84	16	16	52	82	17	78	58	93	84
	11	77	60	82	32	86	53	60	98	87	59	24
	59	59	58	88	26	52	77	67	68	70	93	12
	96	99	11	70	95	59	24	79	81	98	87	79
	48	99	30	94	88	26	49	98	47	23	31	40
	42	10	58	54	56	42	54	77	73	51	66	84
	56	69	65	79	35	77	37	35	55	97	67	92

	25	24	62	32	46	83	37	35	29	94	11	73
	73	37	91	67	38	20	51	11	16	79	45	72
	75	78	12	87	23	20	75	99	85	92	58	87
	74	87	52	69	74	27	54	26	100	54	38	86
	42	92	51	38	87	56	96	87	37	25	33	79
	12	42	53	10	43	28	51	38	75	100	23	83
	45	15	100	99	46	100	39	29	33	34	97	33
	29	39	14	71	75	20	90	69	64	15	18	54
	82	77	13	17	25	97	95	71	64	26	56	55
	64	56	87	28	92	85	36	71	38	77	87	55
	19	41	41	32	26	24	52	52	86	74	66	30
	48	54	58	40	11	92	48	84	63	14	33	39
	57	75	50	12	25	96	56	83	21	32	69	47
	28	54	99	37	48	55	70	27	25	49	68	75
	47	96	32	50	67	95	69	68	65	89	29	83
	82	65	74	58	49	100	82	53	81	51	52	97
	36	79	39	98	26	30	50	70	73	20	61	22
	46	20	67	67	48	75	43	39	83	87	72	72
	32	17	38	76	57	87	50	50	12	70	46	47
	56	60	13	22	22	47	38	23	47	55	15	27
	49	15	35	64	12	69	45	38	32	91	17	31
	55	99	67	46	30	47	55	82	82	38	35	75
	89	51	22	62	72	88	27	11	28	28	65	70
	58	40	91	57	76	89	54	83	69	15	75	28
	95	13	45	78	89	73	91	50	75	97	30	19
	70	77	20	22	52	43	49	12	90	43	20	94
	13	56	76	46	32	76	39	10	48	44	74	38
	69	77	77	72	22	67	26	81	45	73	38	79
	49	43	48	37	66	51	74	37	15	95	48	58
	71	16	34	37	99	46	84	33	27	89	42	56

	54	28	37	40	91	79	60	38	45	50	48	39
	93	83	38	43	34	67	45	25	61	62	13	57
	38	72	12	75	16	98	81	21	66	83	11	49
	95	37	12	76	53	50	32	35	71	75	94	11
	83	36	83	70	11	66	63	16	83	28	90	14
	12	50	71	70	59	62	62	52	87	84	68	21
	83	30	70	27	70	39	67	65	85	19	60	22
	20	11	35	46	45	40	95	91	77	71	55	27
	55	44	18	47	77	43	82	53	83	34	75	70
	12	72	54	73	29	28	78	96	85	88	25	61
	40	24	65	61	14	77	30	92	27	13	72	98
	90	96	18	82	77	64	29	88	14	20	78	84
	43	44	67	59	99	78	53	88	63	94	37	66
	23	37	11	77	37	57	99	14	52	35	60	47
	58	96	56	73	19	70	37	71	51	11	66	44
	58	13	43	80	23	93	85	74	43	79	42	13
	36	70	83	36	44	76	97	56	92	19	62	41
	88	98	39	57	75	36	75	41	25	50	92	26
	78	44	23	72	92	80	43	60	42	91	27	24
	58	70	56	99	70	61	33	92	88	40	31	74
	23	71	12	30	15	13	42	77	91	82	17	96
	11	83	40	80	77	46	57	96	23	86	65	57
	34	55	77	55	22	93	90	74	41	66	65	51
	92	30	64	74	98	54	71	15	34	26	57	44
	30	41	19	38	55	26	18	86	68	80	51	39
	31	49	98	20	72	53	67	32	38	27	97	76
	77	38	52	59	34	23	32	99	87	65	79	82
	84	78	58	42	38	54	99	34	54	85	79	16
	73	80	68	82	27	52	27	22	14	73	25	15
	49	43	24	28	12	53	92	91	52	14	88	93

	69	55	46	61	50	47	96	92	72	67	26	90
	69	86	70	42	74	94	64	69	22	66	87	83
	74	83	72	19	39	46	38	95	59	45	82	81
	67	20	96	14	69	52	65	62	14	48	93	63
	84	70	83	53	13	68	67	41	95	42	53	41
	53	81	49	72	20	61	15	16	56	15	32	15
	45	99	33	43	28	13	46	80	20	72	55	56
	73	46	62	81	68	38	64	73	26	82	58	83
	89	74	86	60	75	42	18	18	92	42	73	42
	13	84	50	82	72	95	71	80	52	47	88	67
	61	25	36	31	94	88	36	32	11	44	96	26
	61	26	52	56	14	70	41	88	36	22	59	88
	98	85	57	63	59	59	41	16	64	84	89	29
	99	77	67	27	99	90	82	62	77	11	34	78
	44	72	41	29	65	65	84	35	93	72	63	30
	44	84	35	59	37	87	38	53	99	38	85	54
	42	58	24	42	40	34	72	51	40	76	66	72
	86	59	81	38	49	59	28	75	29	74	56	56
	62	26	84	22	86	51	90	26	82	91	35	59
	99	11	100	88	65	98	29	94	60	58	42	50
	19	29	17	13	100	51	70	46	82	81	94	52
	97	47	25	36	59	59	19	38	53	20	43	48
	81	84	91	47	86	37	15	82	21	55	32	38
	54	83	82	91	98	95	68	15	69	28	33	95
	85	93	80	98	45	51	22	72	29	70	11	27
	43	85	60	83	57	77	29	60	64	96	21	51
	42	48	89	31	79	43	17	68	83	51	57	25
	17	57	28	51	25	83	59	12	70	78	45	27
	64	64	41	49	97	67	23	13	17	21	34	77
	67	99	36	86	65	11	58	44	96	31	76	18

	29	76	53	64	70	92	98	19	65	13	60	46
	88	70	93	20	37	93	15	65	34	92	90	82
	65	53	44	64	94	93	17	32	89	54	44	19
	57	32	89	67	77	65	26	13	37	58	68	96
	45	77	42	43	72	30	18	62	19	76	51	45
	27	75	97	70	56	49	32	98	66	95	30	51
	37	100	19	67	40	42	51	16	49	90	59	44
	75	11	48	50	12	73	80	11	18	14	96	41
	46	27	61	99	89	76	59	80	25	80	30	15
	75	16	53	13	16	63	19	64	82	40	23	42
	19	85	11	97	53	49	17	93	31	87	77	51
	39	62	76	59	54	47	18	89	79	82	23	51
	47	93	49	48	28	53	85	86	24	73	81	71
	22	61	82	34	70	51	61	89	84	51	35	88
	67	59	78	67	46	68	78	28	43	81	30	85
	49	51	36	15	69	91	25	54	56	66	29	47
	30	69	23	67	29	61	82	77	45	57	99	56
	62	54	36	98	22	42	79	90	94	72	64	13
	62	29	52	91	72	79	50	68	51	75	96	16
	55	64	76	95	48	25	69	26	86	32	52	13
	98	57	83	35	96	17	63	42	50	100	34	99
	70	11	44	93	40	72	29	77	53	49	45	35
	97	80	44	85	31	32	13	23	29	88	49	41
	80	25	43	92	71	83	71	27	79	29	60	50
	87	92	48	11	55	95	27	99	80	46	48	66
	40	97	44	94	53	69	35	23	17	73	32	96
	27	40	93	31	49	46	42	63	95	69	34	81
	55	23	21	48	41	44	87	25	70	92	34	39
	36	26	16	95	65	37	87	50	22	55	13	45
	26	42	52	13	65	24	68	61	37	57	58	15

