***** PARAMETERS PRP *****

Number of Customers = 30
Number of Products = 10
Number of Vehicles = 5
Number of Periods = 12

B = Production capacity
	49818

b_p = Time required to produce item p
 	1	1	1	1	1	1	1	1	1	1

c_p = Production cost of item p
 	800	300	800	800	800	300	800	300	300	300

s_p = Setup cost of item p
 	800	300	800	800	800	300	800	300	300	300

M = Big number
	199271

U_pi = Maximum inventory upper bound of item p at site i
 	199271	229	224	250	207	113	242	325	247	300	179	115	270	180	219	186	225	290	315	260	267	97	223	123	173	165	222	167	280	233	266
	199271	197	215	263	244	143	262	302	214	218	224	199	239	184	119	244	101	198	144	120	209	195	210	137	299	201	265	185	170	326	212
	199271	270	114	209	253	225	152	246	130	239	303	167	163	203	140	197	357	246	204	312	272	197	130	218	102	269	159	352	96	222	265
	199271	109	152	199	244	112	100	203	192	160	268	266	96	199	346	285	83	218	110	169	162	172	316	109	249	248	338	270	141	240	308
	199271	216	189	308	261	202	168	318	210	104	241	262	214	165	106	143	258	204	269	190	173	198	285	139	177	245	103	159	205	283	184
	199271	221	129	175	177	118	140	197	315	232	166	116	308	168	137	128	252	266	165	227	311	233	249	136	262	368	159	110	268	181	128
	199271	114	289	301	272	190	94	288	101	243	222	108	229	110	121	316	167	230	253	193	258	113	192	134	338	188	220	171	139	181	250
	199271	238	106	290	219	111	164	119	205	311	115	252	160	341	216	80	232	198	259	115	115	222	224	133	187	193	213	88	103	105	116
	199271	173	196	231	284	193	276	256	306	255	321	209	91	301	270	299	172	267	170	149	245	111	174	83	234	167	311	129	170	211	153
	199271	191	113	260	127	330	229	244	205	207	152	194	188	261	104	157	129	128	302	188	177	262	109	174	117	107	206	97	238	124	185

I_pi0 = Initial inventory of item p at site i
 	0	177	151	36	24	89	90	82	113	40	79	75	158	166	177	162	222	97	96	129	221	93	144	41	52	33	36	146	11	139	117
	0	83	131	125	115	81	25	83	152	106	82	153	227	101	92	102	101	166	134	118	173	181	160	115	158	51	228	145	48	170	155
	0	150	52	48	74	205	60	51	67	16	292	142	63	11	96	39	225	135	51	254	99	37	57	125	71	90	135	115	22	117	126
	0	41	125	192	39	43	78	54	93	56	28	120	72	185	40	110	81	172	17	89	89	142	76	72	136	105	188	98	78	113	178
	0	66	135	149	184	137	32	225	101	67	63	152	183	149	71	105	176	156	171	110	162	122	25	95	96	60	99	111	77	169	87
	0	191	61	69	159	17	76	130	81	205	152	114	116	81	108	68	182	56	80	154	170	53	216	136	211	157	121	39	31	102	68
	0	114	273	113	144	164	36	148	88	108	180	73	64	46	76	73	113	155	194	85	225	45	171	129	266	119	147	124	44	153	132
	0	184	28	31	163	92	124	57	158	117	53	141	85	153	31	29	212	99	154	40	89	65	65	99	81	127	172	73	70	57	88
	0	24	109	20	214	126	120	181	265	199	238	123	88	52	78	130	170	54	166	134	134	39	157	51	229	142	218	46	112	180	134
	0	169	44	251	55	318	62	204	146	62	93	145	164	37	61	103	97	99	158	81	57	119	73	98	92	11	83	51	33	96	56

h_pi = Inventory cost of item p at site i
 	8	4	7	5	9	9	8	3	8	4	8	9	4	1	9	6	7	1	2	4	3	8	4	4	1	7	8	8	2	4	3
	3	1	8	8	5	3	5	4	7	7	7	4	4	9	4	8	8	4	7	3	4	4	8	2	1	3	5	2	5	7	3
	8	2	1	1	3	1	9	7	4	7	3	4	5	3	7	7	8	6	7	7	3	3	1	1	9	7	8	7	2	2	5
	8	6	8	6	2	9	6	3	9	6	3	7	2	7	7	4	6	8	1	7	2	4	1	9	6	9	8	4	2	4	3
	8	9	6	5	8	7	7	3	9	9	7	8	5	9	8	7	4	5	1	9	2	1	4	5	3	1	2	6	1	8	7
	3	5	3	9	5	5	4	6	8	2	3	9	4	3	7	3	5	3	1	5	1	4	9	9	7	9	2	7	9	9	1
	8	3	2	4	5	9	3	8	9	3	8	6	4	2	2	5	6	3	4	6	5	9	9	4	9	7	8	3	5	1	7
	3	6	2	3	8	9	7	3	9	7	8	8	8	9	2	9	9	8	1	2	3	5	7	6	2	3	2	4	3	1	3
	3	5	1	3	4	9	3	7	7	9	1	6	4	4	9	7	9	3	6	9	6	8	7	6	6	1	5	3	2	6	1
	3	5	2	8	6	9	8	4	4	4	2	7	1	6	7	1	7	1	2	2	7	3	1	6	6	8	9	8	4	7	7

C = Vehicle capacity
	3680

f = Fixed transportation cost
	29202

a_ik = Transportation cost for traveling from node i to node k
 	0	145	300	390	199	200	348	202	168	433	70	292	220	184	280	219	153	123	116	302	65	159	484	131	55	48	553	390	473	199	406
	145	0	339	510	316	306	492	65	66	304	198	427	302	168	417	155	222	261	259	446	210	129	407	27	91	133	457	255	334	167	358
	300	339	0	618	462	475	476	397	288	434	353	302	510	176	477	223	451	367	345	382	308	213	332	351	300	344	426	427	509	186	221
	390	510	618	0	195	207	212	543	552	813	322	378	229	565	145	608	300	272	288	293	340	547	870	486	437	381	942	765	841	583	782
	199	316	462	195	0	30	236	351	358	619	130	303	85	380	127	418	119	95	117	252	159	358	683	292	244	186	751	571	648	396	602
	200	306	475	207	30	0	265	337	352	609	131	330	56	383	155	417	97	111	134	281	168	358	682	281	240	180	748	560	635	398	605
	348	492	476	212	236	265	0	544	511	773	300	189	317	481	113	538	347	237	235	99	284	477	775	475	403	365	858	735	819	502	673
	202	65	397	543	351	337	544	0	111	285	245	489	323	222	461	195	245	309	310	504	265	184	422	72	151	179	461	231	300	217	389
	168	66	288	552	358	352	511	111	0	266	232	421	356	113	447	90	276	290	283	453	229	76	344	90	116	173	400	224	309	107	292
	433	304	434	813	619	609	773	285	266	0	496	663	603	308	712	245	523	555	548	708	494	300	224	329	380	433	210	57	81	287	274
	70	198	353	322	130	131	300	245	232	496	0	282	157	252	219	288	104	64	69	271	53	229	553	177	117	66	622	451	531	268	475
	292	427	302	378	303	330	189	489	421	663	282	0	383	356	239	419	373	239	220	91	238	366	623	419	339	330	712	635	722	377	515
	220	302	510	229	85	56	317	323	356	603	157	383	0	402	205	428	81	156	179	336	203	373	694	276	250	190	755	552	622	415	624
	184	168	176	565	380	383	481	222	113	308	252	356	402	0	440	64	329	294	279	407	226	40	305	184	157	214	381	284	371	22	223
	280	417	477	145	127	155	113	461	447	712	219	239	205	440	0	490	244	158	165	162	220	428	744	396	333	285	821	668	749	460	651
	219	155	223	608	418	417	538	195	90	245	288	419	428	64	490	0	351	338	325	467	271	62	267	178	179	240	334	221	308	44	204
	153	222	451	300	119	97	347	245	276	523	104	373	81	329	244	351	0	135	153	344	156	298	617	196	175	115	676	472	544	341	550
	123	261	367	272	95	111	237	309	290	555	64	239	156	294	158	338	135	0	24	214	68	276	598	241	176	130	671	511	593	311	512
	116	259	345	288	117	134	235	310	283	548	69	220	179	279	165	325	153	24	0	203	55	263	583	241	171	132	658	506	589	297	495
	302	446	382	293	252	281	99	504	453	708	271	91	336	407	162	467	344	214	203	0	240	409	691	433	355	331	777	675	761	428	586
	65	210	308	340	159	168	284	265	229	494	53	238	203	226	220	271	156	68	55	240	0	209	530	194	120	93	604	453	536	244	445
	159	129	213	547	358	358	477	184	76	300	229	366	373	40	428	62	298	276	263	409	209	0	325	145	124	184	395	270	357	44	252
	484	407	332	870	683	682	775	422	344	224	553	623	694	305	744	267	617	598	583	691	530	325	0	432	445	506	95	263	299	287	113
	131	27	351	486	292	281	475	72	90	329	177	419	276	184	396	178	196	241	241	433	194	145	432	0	80	112	484	280	357	185	381
	55	91	300	437	244	240	403	151	116	380	117	339	250	157	333	179	175	176	171	355	120	124	445	80	0	61	509	336	418	167	376
	48	133	344	381	186	180	365	179	173	433	66	330	190	214	285	240	115	130	132	331	93	184	506	112	61	0	569	387	466	226	436
	553	457	426	942	751	748	858	461	400	210	622	712	755	381	821	334	676	671	658	777	604	395	95	484	509	569	0	262	270	362	207
	390	255	427	765	571	560	735	231	224	57	451	635	552	284	668	221	472	511	506	675	453	270	263	280	336	387	262	0	88	264	294
	473	334	509	841	648	635	819	300	309	81	531	722	622	371	749	308	544	593	589	761	536	357	299	357	418	466	270	88	0	351	355
	199	167	186	583	396	398	502	217	107	287	268	377	415	22	460	44	341	311	297	428	244	44	287	185	167	226	362	264	351	0	210
	406	358	221	782	602	605	673	389	292	274	475	515	624	223	651	204	550	512	495	586	445	252	113	381	376	436	207	294	355	210	0

coordXY = Coordinates (x,y): line zero => x line one => y column => customers
 	334	389	52	449	418	444	241	442	332	332	365	116	496	222	339	250	468	343	321	179	313	261	109	402	348	381	140	368	405	226	83
	524	390	423	896	704	690	859	354	357	92	586	718	672	379	803	322	597	646	639	783	585	383	96	413	471	522	7	136	57	358	205

d_pit = Demand of item p at customer i in period t
 	40	77	60	81	81	66	32	33	50	42	93	31
	38	29	69	15	68	77	99	25	13	64	91	85
	24	12	61	24	97	91	51	31	50	33	37	89
	24	38	51	55	33	69	57	87	41	78	33	55
	89	59	88	39	59	15	61	29	65	71	58	46
	56	34	59	33	82	32	17	12	75	80	46	55
	82	53	31	93	12	95	78	79	79	72	18	88
	48	65	53	47	99	35	70	85	53	73	88	26
	40	91	79	82	35	68	62	47	16	91	50	59
	14	65	34	93	83	73	72	41	80	47	30	82
	75	81	17	62	52	82	40	93	18	43	50	74
	92	66	15	33	75	98	95	22	100	73	43	99
	21	54	91	70	15	75	84	94	22	47	48	97
	79	43	30	25	53	43	78	94	53	56	46	56
	79	20	63	93	25	29	35	38	45	61	19	52
	27	73	30	92	65	72	26	65	72	85	20	48
	97	19	39	29	41	58	89	98	46	82	17	80
	66	30	51	43	100	66	91	73	96	36	21	82
	28	86	15	88	40	15	97	39	81	46	66	24
	38	91	92	96	25	65	16	29	50	42	32	65
	62	31	68	53	59	45	12	50	37	38	77	52
	50	34	60	28	19	21	99	71	95	60	71	61
	41	42	56	71	38	35	94	72	67	95	95	29
	52	38	63	49	75	66	88	53	62	42	10	92
	33	83	85	78	96	39	24	49	63	58	34	19
	36	72	11	94	58	56	72	91	64	46	21	44
	94	52	29	45	60	38	77	90	49	60	35	40
	11	18	31	59	83	19	92	70	89	38	64	99
	72	46	21	81	66	11	50	47	61	14	26	64
	20	97	61	53	46	24	84	66	70	52	24	42

	37	46	86	89	35	43	35	81	12	63	38	25
	58	73	93	94	27	66	54	11	84	14	14	56
	67	58	52	59	66	56	32	29	24	39	67	82
	96	19	11	75	67	64	76	53	62	61	81	67
	39	42	28	100	33	38	23	16	67	42	94	48
	25	86	80	96	89	85	63	67	50	73	51	21
	83	75	30	73	39	12	73	75	72	49	87	57
	48	23	15	66	53	94	28	12	98	90	31	83
	37	69	66	52	45	46	46	93	24	62	21	93
	12	70	58	52	76	42	10	63	45	29	43	38
	72	43	38	73	14	51	70	55	71	29	39	42
	82	84	61	63	18	88	69	26	29	54	51	92
	45	56	87	86	34	55	49	55	34	96	42	95
	92	61	49	69	19	86	37	61	68	65	63	42
	58	44	67	60	61	35	32	92	18	17	40	61
	41	60	97	66	14	85	83	16	25	50	21	48
	25	36	83	22	68	38	30	67	89	37	37	62
	12	36	86	43	11	12	28	78	55	93	91	31
	31	87	100	25	27	88	75	39	80	42	58	68
	33	50	90	72	22	74	57	78	23	29	23	77
	65	52	64	63	89	95	63	41	34	78	93	44
	19	75	15	51	45	92	74	36	14	92	48	68
	48	41	26	49	70	38	17	84	46	39	73	16
	83	75	17	96	92	59	32	38	11	78	55	82
	37	14	52	19	24	61	12	66	72	68	84	95
	49	86	93	72	92	11	75	93	10	42	81	92
	55	23	67	85	54	71	87	88	41	63	46	58
	27	21	59	27	65	99	61	92	51	82	85	12
	100	70	22	80	93	49	46	95	65	36	29	97
	40	51	64	64	81	80	51	33	24	32	100	17

	84	32	34	86	34	76	74	62	41	45	19	62
	52	80	92	10	82	69	45	27	54	84	35	54
	48	31	97	24	85	91	32	17	43	58	90	12
	61	13	26	92	29	87	29	31	93	49	15	82
	79	38	88	85	40	21	29	97	97	24	11	66
	36	10	14	37	44	31	28	59	13	35	96	52
	51	24	50	57	18	90	95	71	63	35	96	89
	23	44	48	11	76	80	13	21	71	35	36	61
	16	34	69	76	51	98	47	77	82	87	46	35
	75	64	89	64	43	56	11	89	82	58	82	14
	55	19	68	95	34	40	55	19	89	66	56	72
	16	47	41	87	41	43	77	79	29	74	56	60
	11	97	41	28	84	14	60	14	66	84	76	35
	80	16	61	55	95	21	38	25	28	92	15	34
	39	53	93	45	51	12	30	16	42	16	21	54
	58	72	95	95	51	60	83	51	88	33	77	93
	87	48	53	68	18	28	72	81	21	32	22	60
	18	33	74	99	48	37	75	48	64	61	19	35
	99	38	62	55	98	52	92	54	55	38	31	75
	99	21	75	88	58	14	61	89	88	60	92	71
	15	22	33	68	76	54	38	12	73	23	82	95
	40	17	15	14	42	30	76	68	60	59	86	13
	35	90	85	59	39	27	16	26	74	23	39	10
	71	50	50	75	76	26	43	84	35	78	13	13
	90	10	56	32	50	58	98	76	78	13	72	12
	74	61	22	90	59	51	12	14	51	48	60	93
	34	81	70	100	80	97	61	76	35	94	20	96
	22	83	65	33	18	83	11	93	28	52	45	40
	77	40	38	72	83	58	94	78	24	12	21	68
	33	93	53	73	42	98	99	28	18	45	40	13

	41	75	13	28	29	60	39	33	17	18	48	35
	98	27	28	85	83	45	19	17	65	67	25	47
	82	43	67	11	16	56	70	22	16	76	78	61
	25	14	76	89	78	33	76	75	68	78	78	42
	43	75	95	83	55	40	48	35	64	35	15	83
	78	88	18	12	13	90	74	19	44	82	20	61
	54	97	79	11	28	40	57	59	10	54	43	78
	93	13	42	80	79	95	41	62	63	95	47	59
	35	21	91	29	29	53	33	59	82	63	49	94
	28	78	83	30	70	23	97	86	97	48	71	94
	33	87	67	26	94	81	34	31	43	45	14	83
	57	15	26	14	65	68	66	17	19	97	59	73
	92	93	26	80	91	96	29	99	24	39	31	95
	40	86	96	75	89	95	99	68	35	62	24	61
	18	92	92	99	31	55	69	94	11	77	32	15
	48	33	62	42	28	32	13	58	30	30	54	65
	23	93	56	14	60	23	28	53	70	90	70	73
	17	42	85	89	48	51	67	37	31	73	34	83
	46	18	25	12	74	14	95	45	43	30	26	80
	68	21	62	84	50	43	33	50	70	99	45	22
	41	35	66	77	85	36	85	93	13	28	91	36
	76	26	95	75	79	61	69	31	54	70	78	45
	72	44	67	65	46	68	54	81	70	54	20	13
	58	78	48	79	86	40	80	60	44	22	58	94
	23	82	19	87	42	51	53	11	73	38	16	99
	97	91	62	67	15	48	75	35	81	96	55	88
	53	45	16	34	56	33	28	83	68	58	96	77
	78	69	28	25	90	40	27	30	65	50	13	49
	45	68	25	40	74	51	87	40	25	49	43	29
	64	22	31	61	81	92	84	67	66	26	65	79

	18	10	38	59	63	28	22	67	43	49	81	40
	90	45	87	46	75	99	58	84	88	36	30	17
	70	79	79	99	73	27	64	31	22	27	89	78
	92	59	33	29	46	52	50	51	46	63	93	13
	75	62	84	83	67	20	90	51	59	89	75	53
	32	81	40	86	70	30	36	49	40	90	34	84
	78	83	64	99	24	98	37	92	93	47	37	11
	90	11	26	77	59	66	30	62	93	18	66	32
	34	33	96	48	62	56	30	23	93	19	65	65
	43	20	14	66	11	56	54	50	27	88	56	93
	74	78	46	60	98	41	63	38	75	96	57	60
	82	62	39	60	38	98	45	94	49	21	35	19
	58	91	38	76	78	73	45	30	32	57	22	58
	71	60	53	26	64	41	46	65	43	49	18	99
	16	89	28	30	92	80	70	35	16	25	24	67
	84	63	29	60	13	99	62	99	97	21	83	64
	22	10	65	59	80	26	79	13	31	90	78	60
	84	87	26	19	76	29	43	92	30	87	34	38
	45	65	88	43	43	87	79	56	32	49	75	97
	95	52	15	45	24	14	61	10	33	80	19	71
	85	37	87	51	37	54	22	44	19	17	13	10
	25	32	80	81	88	74	29	89	67	60	12	48
	21	74	59	28	16	52	32	75	87	36	11	66
	96	85	25	40	70	46	37	37	85	92	48	46
	60	44	94	65	32	63	35	17	30	43	83	22
	99	49	54	33	66	27	87	81	15	55	40	12
	81	30	53	19	73	44	59	69	36	61	92	17
	77	26	49	12	56	54	82	28	93	28	53	58
	79	90	50	34	99	58	37	34	29	49	74	45
	87	13	65	84	60	52	46	34	93	27	77	99

	42	84	65	50	51	85	70	33	51	31	58	43
	61	88	72	89	68	98	52	26	39	44	43	91
	69	89	21	90	89	81	20	49	22	81	64	23
	69	90	57	12	37	32	51	76	19	100	71	93
	17	96	71	72	55	58	70	76	36	26	83	49
	76	79	28	47	19	30	29	60	22	53	18	98
	60	70	35	99	80	89	82	31	35	93	38	76
	81	94	65	35	48	48	100	41	67	14	92	72
	53	41	14	97	41	68	67	81	65	76	33	59
	32	22	98	22	60	58	98	47	59	45	94	29
	35	79	13	57	95	59	14	26	92	93	34	100
	19	97	76	87	69	26	46	72	54	51	91	51
	81	38	99	98	33	31	64	75	78	20	42	12
	82	26	34	52	15	78	19	21	43	51	55	73
	68	57	52	100	94	39	54	85	69	78	55	16
	92	90	74	66	91	97	13	14	77	27	33	82
	56	45	80	49	43	66	12	71	54	62	14	86
	80	88	81	22	27	73	14	13	74	62	64	62
	87	67	60	23	83	70	24	24	92	17	57	77
	80	90	29	98	56	31	99	41	69	20	98	35
	53	88	26	68	11	39	27	81	83	64	83	75
	70	45	34	67	41	96	100	80	41	25	72	75
	23	52	17	44	47	41	73	29	77	71	55	13
	46	23	70	72	47	22	49	76	22	86	97	18
	98	59	81	82	70	77	23	52	90	64	92	96
	36	85	65	26	63	46	85	79	29	64	36	21
	39	34	33	72	94	61	91	12	94	47	40	41
	31	43	75	89	55	87	13	87	30	76	28	28
	53	49	77	41	24	56	62	63	100	87	26	84
	68	68	48	71	53	27	97	33	71	70	88	71

	49	19	46	50	54	35	88	87	56	90	25	82
	30	94	66	83	86	12	18	66	96	58	33	52
	40	73	33	12	46	73	33	86	63	89	98	76
	58	27	25	34	53	52	52	70	89	48	78	66
	51	80	33	57	19	23	53	61	43	54	67	30
	36	89	16	13	28	69	68	85	20	43	50	46
	15	54	62	17	53	53	44	95	34	96	79	90
	69	19	68	81	52	56	27	47	84	11	53	36
	17	44	47	49	63	83	63	53	43	32	59	31
	93	42	21	24	40	38	40	33	52	39	33	78
	73	16	82	19	38	78	48	98	12	31	77	77
	64	81	23	85	77	64	23	12	62	99	28	70
	46	94	42	78	92	82	50	32	67	13	49	13
	53	23	59	98	62	68	32	57	91	36	62	86
	73	84	95	95	53	33	15	73	34	92	23	89
	44	69	91	84	16	37	81	78	32	58	55	22
	95	60	62	54	49	69	85	33	31	66	52	35
	71	54	25	44	38	28	53	51	99	52	15	76
	85	57	17	45	79	67	50	94	25	98	65	90
	74	61	27	63	39	58	70	55	100	24	34	14
	45	81	47	87	60	81	57	13	99	11	25	70
	75	96	77	52	65	75	81	38	51	25	34	100
	74	55	67	93	90	91	66	86	84	16	30	50
	88	98	80	94	27	10	90	30	88	42	99	64
	70	49	85	88	45	57	44	29	88	68	62	66
	66	81	76	53	80	56	80	43	23	29	19	54
	38	18	68	19	87	93	35	50	71	89	65	52
	44	34	16	82	38	49	16	62	73	78	21	43
	85	58	10	52	78	84	77	50	44	93	30	63
	30	22	68	12	24	48	39	49	82	62	91	72

	17	98	47	22	58	42	60	89	81	71	71	58
	28	87	45	41	68	26	95	30	75	24	88	29
	31	88	86	45	20	37	62	94	55	61	53	64
	43	80	40	96	79	97	54	80	44	85	81	96
	12	80	94	17	89	54	50	96	40	45	51	39
	78	46	28	70	31	64	63	27	47	16	95	91
	57	64	34	59	12	86	80	89	75	40	80	38
	74	84	84	72	25	90	72	92	28	68	84	46
	55	62	79	27	40	64	94	52	100	80	59	35
	53	82	45	48	19	85	36	94	91	27	95	15
	90	51	57	27	44	56	39	57	63	53	26	42
	85	87	13	23	27	92	38	79	67	15	37	75
	86	67	71	88	96	32	92	82	65	24	75	41
	31	46	43	14	71	42	90	64	67	44	57	78
	29	11	17	67	27	22	58	25	40	71	86	29
	85	99	17	11	100	17	63	83	61	11	85	65
	78	21	80	86	66	13	87	34	62	36	20	10
	21	86	47	98	34	92	97	81	73	57	30	61
	40	61	79	71	30	15	32	77	98	71	82	33
	36	53	57	86	85	18	99	56	49	57	72	20
	65	100	45	94	12	33	19	78	67	77	50	27
	41	24	74	43	20	31	49	64	42	94	28	28
	42	13	44	59	18	69	12	44	67	39	68	57
	81	27	22	37	24	38	80	73	15	17	87	59
	39	88	43	94	76	22	19	19	49	46	14	70
	39	65	68	87	46	23	85	34	20	65	51	57
	14	59	53	74	36	17	33	54	27	46	58	56
	70	62	63	32	63	80	26	44	13	75	37	51
	40	17	32	32	99	90	24	79	40	62	82	30
	88	68	89	84	98	48	32	92	27	15	15	39

	24	98	85	19	63	64	49	90	23	84	21	71
	44	65	75	19	20	92	65	41	94	46	10	16
	20	72	75	56	76	39	17	35	17	22	83	43
	78	70	66	73	96	16	83	98	49	99	89	36
	98	28	87	24	51	34	26	50	11	71	81	19
	19	24	77	97	15	24	66	36	98	97	35	75
	71	78	19	13	23	45	55	95	80	32	25	79
	26	92	66	81	11	44	84	83	66	57	35	90
	81	40	78	40	82	30	56	72	70	56	81	79
	13	36	90	99	54	37	83	73	71	48	74	93
	71	52	99	32	60	22	95	36	64	31	34	31
	69	19	49	16	64	40	56	87	32	39	36	39
	52	60	82	55	74	30	84	14	42	60	73	96
	78	24	25	55	33	90	55	35	83	84	53	34
	66	64	89	86	87	70	67	85	90	95	40	58
	89	34	47	61	86	84	40	14	66	28	85	53
	10	21	23	75	65	93	24	96	75	33	81	44
	44	69	53	56	51	22	48	21	45	49	34	18
	52	82	28	18	32	60	14	65	97	34	57	58
	96	38	96	74	44	30	12	79	61	71	41	93
	39	83	82	91	34	32	22	69	39	57	78	39
	85	72	85	83	68	11	17	45	15	63	60	92
	51	27	16	78	55	30	23	91	38	28	16	44
	68	77	52	32	84	83	16	12	43	99	49	86
	83	59	26	88	44	63	31	86	38	58	31	62
	83	38	97	56	43	85	22	84	43	77	59	60
	46	89	57	26	59	76	58	87	56	99	23	95
	89	23	60	21	30	53	10	31	36	14	14	27
	34	62	84	41	91	26	73	10	60	21	83	48
	93	41	98	28	51	12	60	73	56	29	39	33

	100	69	62	99	66	58	13	33	59	89	82	32
	44	83	99	94	21	35	21	24	43	90	65	60
	61	78	75	37	96	22	77	63	88	74	77	32
	55	99	54	58	71	39	76	65	99	25	92	29
	80	72	67	99	71	81	43	24	79	94	53	30
	62	24	89	45	66	41	99	54	86	15	64	42
	65	43	70	26	63	74	54	88	81	94	29	45
	60	86	74	50	24	32	34	75	70	37	39	33
	12	50	82	68	46	51	30	73	43	46	73	46
	58	35	64	29	14	64	43	62	77	48	28	85
	28	16	40	61	94	42	20	76	46	66	35	59
	56	89	19	72	16	98	90	86	83	72	59	10
	37	51	53	77	49	13	45	81	49	35	37	100
	30	31	97	29	63	85	96	81	25	14	44	29
	16	42	45	77	44	82	81	11	75	72	37	44
	97	96	94	25	29	50	98	97	55	51	71	11
	99	49	95	74	36	16	40	96	54	33	88	89
	80	59	19	77	64	62	63	11	78	38	98	76
	81	30	37	64	19	12	82	83	16	36	28	77
	35	22	43	56	84	91	24	68	98	52	85	51
	48	31	25	15	47	36	80	13	71	97	73	92
	26	47	65	33	88	38	24	87	85	36	36	89
	98	36	22	50	56	39	52	45	17	79	15	13
	27	65	59	50	27	70	61	82	51	92	33	86
	11	22	62	48	96	66	79	22	46	70	92	30
	83	16	48	38	47	62	11	93	70	36	63	51
	35	16	17	35	29	24	28	14	78	15	66	31
	33	61	19	41	61	44	29	45	81	97	25	34
	96	93	26	88	69	64	74	37	67	15	27	90
	56	95	95	72	49	35	26	78	57	60	31	85

