***** PARAMETERS PRP *****

Number of Customers = 30
Number of Products = 10
Number of Vehicles = 5
Number of Periods = 12

B = Production capacity
	49813

b_p = Time required to produce item p
 	1	1	1	1	1	1	1	1	1	1

c_p = Production cost of item p
 	800	800	800	300	800	300	800	800	300	300

s_p = Setup cost of item p
 	800	800	800	300	800	300	800	800	300	300

M = Big number
	199251

U_pi = Maximum inventory upper bound of item p at site i
 	199251	131	159	123	273	98	176	296	190	194	155	201	227	184	246	113	226	218	236	167	118	160	158	163	117	123	312	153	112	260	169
	199251	301	177	215	190	229	122	121	115	230	162	148	261	251	237	183	220	275	146	179	191	111	253	164	110	247	200	154	164	102	307
	199251	194	190	261	282	247	269	105	167	180	102	280	86	233	221	158	249	134	245	267	248	101	121	150	121	178	323	217	132	135	211
	199251	267	103	291	270	228	109	287	214	270	279	205	226	193	135	117	116	92	107	277	185	302	236	266	164	256	154	92	390	185	146
	199251	248	264	111	155	236	150	108	258	216	281	179	82	241	174	248	127	330	110	115	187	178	104	263	152	163	284	230	103	124	110
	199251	109	249	180	126	301	198	120	177	97	276	199	252	270	285	129	125	117	293	164	249	111	101	278	162	311	104	258	230	245	118
	199251	236	186	208	139	184	188	160	140	243	305	274	187	259	240	199	238	101	231	153	164	147	280	117	178	239	237	137	253	265	133
	199251	235	149	289	243	178	205	161	117	171	118	206	253	175	147	251	295	116	199	184	296	233	176	216	93	106	317	232	202	228	100
	199251	246	106	233	293	222	133	120	174	170	143	158	113	78	215	314	124	128	348	99	159	295	303	114	208	145	116	190	250	155	111
	199251	273	99	318	136	101	269	104	179	195	92	167	285	118	137	194	305	196	108	113	161	274	225	129	112	177	345	207	228	358	237

I_pi0 = Initial inventory of item p at site i
 	0	92	116	87	265	66	75	202	21	72	83	93	50	159	212	88	160	209	153	86	62	156	93	82	55	70	163	79	75	154	69
	0	61	152	86	166	126	29	55	108	140	19	94	260	82	56	105	54	202	116	101	170	26	227	108	89	230	97	61	147	82	241
	0	179	116	21	168	90	269	98	135	143	24	174	51	147	152	91	234	99	102	227	90	19	92	122	105	93	26	43	72	105	66
	0	164	14	28	245	32	74	109	180	52	64	55	98	183	127	116	61	92	49	79	22	166	218	72	143	215	102	80	144	138	43
	0	17	263	95	144	32	134	89	98	159	100	132	41	98	106	190	108	167	70	103	59	131	67	173	73	76	67	37	69	62	55
	0	95	165	132	84	236	129	98	76	30	77	145	199	28	150	30	113	32	85	110	192	74	77	125	143	294	89	71	151	143	87
	0	73	13	59	132	120	177	53	122	206	231	171	169	42	186	116	22	34	207	90	111	43	277	21	151	171	208	130	203	180	61
	0	68	131	22	86	125	38	61	81	137	93	165	117	92	97	186	143	53	35	50	13	99	127	174	30	95	128	123	135	97	47
	0	127	74	132	99	41	63	98	58	167	60	131	72	23	150	123	104	87	263	89	80	155	89	90	79	128	92	43	177	76	92
	0	206	16	286	98	90	77	90	124	66	61	102	168	95	124	52	92	149	102	63	130	243	16	104	38	171	28	139	166	196	49

h_pi = Inventory cost of item p at site i
 	8	5	8	2	3	1	6	6	2	6	4	3	8	4	3	5	5	5	8	3	6	5	8	9	4	1	2	9	9	4	4
	8	2	5	6	2	8	5	6	3	7	8	1	7	2	5	8	4	9	5	2	9	9	7	7	5	8	4	9	8	1	7
	8	2	1	8	5	7	3	9	1	7	6	4	6	7	3	8	1	6	1	8	4	3	7	9	9	9	8	9	6	7	5
	3	2	6	8	4	9	1	6	8	7	4	2	6	3	7	8	4	4	8	9	7	6	1	5	6	2	3	5	9	7	6
	8	5	6	1	6	9	2	2	7	3	4	4	4	2	6	1	8	5	1	7	5	8	6	5	7	4	5	2	7	3	9
	3	9	7	3	4	9	3	2	1	4	5	6	6	5	7	8	1	8	3	4	4	3	5	2	7	6	8	5	9	7	4
	8	3	7	5	5	5	1	4	9	6	6	2	3	3	7	8	4	8	9	6	5	9	2	7	2	5	3	8	3	3	1
	8	6	9	8	1	8	7	2	4	2	8	6	7	4	2	3	5	4	8	1	5	8	8	6	8	3	4	1	4	6	3
	3	8	7	5	7	5	8	2	3	6	5	9	4	6	4	6	9	2	9	2	3	2	5	7	8	1	8	5	8	7	2
	3	8	8	1	6	4	8	8	6	1	7	6	4	4	2	1	1	7	3	2	8	9	2	2	9	1	7	6	3	4	9

C = Vehicle capacity
	3900

f = Fixed transportation cost
	31124

a_ik = Transportation cost for traveling from node i to node k
 	0	115	415	313	37	518	239	393	309	181	41	479	128	489	219	541	451	365	438	339	176	175	152	138	373	419	516	127	438	167	310
	115	0	476	199	106	551	338	443	412	227	119	488	238	413	137	559	514	312	470	436	264	266	245	212	319	401	604	242	326	131	291
	415	476	0	614	392	159	236	57	232	574	454	226	425	888	445	228	39	777	129	194	248	253	274	515	784	307	195	376	759	579	724
	313	199	614	0	300	647	524	569	597	386	314	554	435	345	170	631	653	321	570	616	443	448	429	392	324	435	769	440	145	252	364
	37	106	392	300	0	487	233	366	306	217	76	444	156	503	189	508	428	385	407	332	162	163	141	175	393	383	504	145	432	188	338
	518	551	159	647	487	0	383	138	388	691	558	121	556	956	481	79	158	862	82	352	373	380	398	636	869	247	317	507	787	669	824
	239	338	236	524	233	383	0	245	74	360	266	402	200	726	378	436	261	595	321	101	84	77	95	299	603	413	282	152	661	401	524
	393	443	57	569	366	138	245	0	257	561	433	179	420	855	399	195	90	749	83	226	238	245	263	504	756	251	251	371	714	552	702
	309	412	232	597	306	388	74	257	0	415	334	429	253	793	451	451	247	659	339	45	156	150	169	354	668	459	225	209	735	469	583
	181	227	574	386	217	691	360	561	415	0	141	659	163	412	363	719	607	265	613	455	327	322	301	62	273	598	638	208	468	138	172
	41	119	454	314	76	558	266	433	334	141	0	520	122	460	241	582	488	331	479	367	211	209	186	103	339	458	546	137	430	135	271
	479	488	226	554	444	121	402	179	429	659	520	0	543	879	396	78	243	798	98	401	367	376	388	609	804	131	413	498	690	615	774
	128	238	425	435	156	556	200	420	253	163	122	543	0	555	344	595	455	414	483	293	183	176	159	102	423	509	476	50	551	238	332
	489	413	888	345	503	956	726	855	793	412	460	879	555	0	484	954	926	150	876	826	663	663	640	462	142	769	1004	589	269	325	255
	219	137	445	170	189	481	378	399	451	363	241	396	344	484	0	471	483	416	402	463	295	302	287	342	421	288	606	332	315	262	416
	541	559	228	631	508	79	436	195	451	719	582	78	595	954	471	0	233	870	116	418	414	422	437	667	876	206	395	548	767	683	841
	451	514	39	653	428	158	261	90	247	607	488	243	455	926	483	233	0	813	147	206	281	285	307	547	821	335	170	405	797	615	758
	365	312	777	321	385	862	595	749	659	265	331	798	414	150	416	870	813	0	781	695	540	538	515	317	9	702	876	452	312	199	107
	438	470	129	570	407	82	321	83	339	613	479	98	483	876	402	116	147	781	0	308	300	309	324	559	788	195	317	435	712	589	744
	339	436	194	616	332	352	101	226	45	455	367	401	293	826	463	418	206	695	308	0	174	171	192	394	703	443	184	248	756	502	621
	176	264	248	443	162	373	84	238	156	327	211	367	183	663	295	414	281	540	300	174	0	11	27	268	548	354	342	135	582	342	479
	175	266	253	448	163	380	77	245	150	322	209	376	176	663	302	422	285	538	309	171	11	0	24	263	546	365	342	127	586	341	476
	152	245	274	429	141	398	95	263	169	301	186	388	159	640	287	437	307	515	324	192	27	24	0	242	523	369	364	112	567	318	453
	138	212	515	392	175	636	299	504	354	62	103	609	102	462	342	667	547	317	559	394	268	263	242	0	326	556	577	147	490	159	231
	373	319	784	324	393	869	603	756	668	273	339	804	423	142	421	876	821	9	788	703	548	546	523	326	0	708	884	460	310	207	114
	419	401	307	435	383	247	413	251	459	598	458	131	509	769	288	206	335	702	195	443	354	365	369	556	708	0	501	471	566	531	691
	516	604	195	769	504	317	282	251	225	638	546	413	476	1004	606	395	170	876	317	184	342	342	364	577	884	501	0	431	913	681	804
	127	242	376	440	145	507	152	371	209	208	137	498	50	589	332	548	405	452	435	248	135	127	112	147	460	471	431	0	564	266	374
	438	326	759	145	432	787	661	714	735	468	430	690	551	269	315	767	797	312	712	756	582	586	567	490	310	566	913	564	0	333	391
	167	131	579	252	188	669	401	552	469	138	135	615	238	325	262	683	615	199	589	502	342	341	318	159	207	531	681	266	333	0	161
	310	291	724	364	338	824	524	702	583	172	271	774	332	255	416	841	758	107	744	621	479	476	453	231	114	691	804	374	391	161	0

coordXY = Coordinates (x,y): line zero => x line one => y column => customers
 	151	245	215	413	182	360	70	261	23	29	130	439	27	255	369	437	205	157	342	43	137	127	129	34	160	481	45	48	463	162	73
	493	428	903	322	513	966	717	870	774	360	458	875	522	16	486	952	940	129	887	814	668	666	643	421	121	751	997	567	186	327	194

d_pit = Demand of item p at customer i in period t
 	25	67	47	68	80	33	31	11	61	21	32	48
	62	54	80	46	29	37	82	49	47	45	40	63
	15	72	27	64	81	90	87	39	83	72	52	58
	94	77	94	23	45	73	53	64	48	16	33	36
	66	88	26	88	55	14	14	24	39	29	47	99
	75	14	65	11	92	37	11	47	67	100	94	92
	11	51	78	62	77	76	12	96	86	38	50	74
	21	61	36	57	48	36	28	58	27	53	47	98
	72	16	84	14	64	55	36	98	23	45	58	17
	38	32	13	50	76	66	83	44	34	72	31	80
	93	90	91	41	27	69	84	98	29	77	26	77
	50	63	34	60	67	84	75	97	15	59	12	66
	88	71	49	69	31	58	51	41	14	98	81	85
	12	62	58	80	56	67	98	82	94	30	17	81
	88	62	98	52	75	35	58	46	34	40	10	82
	63	97	34	99	75	43	18	71	55	13	97	13
	86	28	95	35	47	21	80	43	44	54	42	78
	59	73	21	24	43	69	71	91	26	41	33	15
	86	82	22	97	43	14	27	35	41	99	28	92
	62	99	52	47	79	13	21	72	46	82	89	47
	26	50	30	50	59	42	21	98	76	34	88	67
	93	67	10	34	80	80	13	46	52	18	73	65
	82	42	83	90	12	68	25	83	78	14	49	26
	55	37	75	15	96	65	59	15	98	83	40	61
	70	96	92	86	68	15	27	66	86	49	68	12
	64	99	66	37	91	39	81	31	99	49	44	48
	41	38	75	12	13	84	86	43	63	25	79	52
	75	95	79	67	53	62	14	36	57	26	46	59
	21	94	39	48	31	69	49	40	26	69	47	91
	69	64	84	56	78	32	58	64	17	57	55	40

	42	19	57	37	53	28	72	71	81	89	82	91
	11	55	17	69	82	99	67	100	27	60	34	87
	86	36	94	91	85	86	28	97	47	34	78	99
	73	20	48	25	69	33	23	97	41	31	44	66
	37	40	15	34	69	58	37	83	17	22	52	86
	18	11	15	77	26	61	92	13	57	64	36	17
	55	33	13	26	36	38	68	85	62	29	11	26
	94	14	78	28	58	93	77	47	48	35	63	53
	51	19	34	36	28	90	11	53	18	54	87	71
	19	18	92	59	62	77	72	94	22	82	19	32
	76	18	97	17	63	35	85	52	30	39	13	65
	92	86	82	20	47	51	85	87	59	72	83	19
	82	97	62	85	41	45	54	99	51	47	74	16
	56	72	79	62	74	99	51	92	20	38	21	48
	15	41	49	21	57	28	65	79	18	48	33	94
	54	40	26	79	85	52	11	80	57	91	11	74
	87	46	23	46	99	78	73	66	100	13	13	15
	93	23	56	72	66	98	34	11	56	33	25	18
	68	33	60	59	87	26	78	40	91	80	70	25
	41	20	75	34	55	42	82	75	76	17	30	26
	26	96	47	69	82	50	12	71	92	21	36	63
	42	91	94	49	36	16	44	95	64	93	48	86
	37	71	88	37	45	64	78	25	69	44	24	75
	89	57	10	81	77	86	21	31	50	23	70	66
	83	86	61	21	16	70	76	79	20	63	74	92
	46	51	57	12	85	68	45	10	34	54	55	82
	42	19	12	47	47	52	95	55	100	55	73	18
	59	47	41	60	34	98	85	74	25	11	64	56
	44	38	42	19	74	93	60	98	50	14	34	44
	84	95	62	38	75	79	19	74	16	68	93	34

	75	34	70	34	23	93	36	15	21	27	91	64
	60	56	85	65	78	34	95	68	39	56	41	84
	21	43	79	25	97	47	65	30	28	97	72	23
	21	13	98	36	59	70	92	55	51	78	70	34
	90	90	81	34	60	56	53	48	75	11	47	95
	25	68	83	93	72	49	87	76	93	63	23	76
	61	37	15	88	32	95	53	47	44	98	23	34
	49	50	36	59	87	62	88	23	78	85	20	29
	21	89	33	43	25	68	73	87	59	69	75	76
	24	50	43	26	14	30	39	45	64	18	24	32
	31	62	69	12	73	87	64	82	40	68	11	72
	51	78	55	38	61	45	35	34	29	26	12	52
	57	78	12	15	26	76	70	23	91	88	85	79
	97	17	38	89	32	75	46	28	71	89	32	50
	91	59	51	27	90	38	82	35	23	44	31	62
	76	82	19	57	39	65	13	58	82	76	13	18
	40	59	39	24	67	60	51	14	83	27	26	46
	15	38	20	29	97	91	25	70	56	63	14	71
	83	53	91	76	31	61	31	76	39	99	91	70
	90	44	81	43	60	30	49	95	22	22	16	42
	19	83	61	23	94	43	47	65	24	20	64	61
	92	68	42	28	21	66	45	98	91	64	70	42
	70	52	56	24	55	77	39	39	38	26	34	89
	38	67	59	87	51	85	72	84	21	55	38	68
	16	35	42	25	39	22	10	25	46	97	57	12
	26	86	29	61	86	79	91	17	84	76	74	66
	43	64	29	91	21	55	27	97	38	80	15	92
	72	70	38	94	64	66	12	93	79	88	21	96
	53	52	11	72	80	62	78	29	44	26	13	19
	66	50	39	96	61	98	20	67	26	21	12	77

	64	100	18	51	61	28	17	62	86	93	35	26
	14	78	14	64	58	72	48	23	66	50	50	80
	15	13	45	85	82	39	99	94	62	45	47	72
	14	73	73	85	12	47	13	54	86	83	69	39
	32	30	93	100	52	13	34	68	73	92	25	71
	74	93	41	60	11	27	88	54	52	47	31	77
	44	15	19	31	72	82	82	67	54	86	46	90
	18	56	28	78	58	26	57	88	85	63	61	23
	52	50	27	31	85	60	96	54	65	19	79	29
	64	20	55	88	28	83	48	61	64	64	40	54
	55	99	13	76	73	48	75	77	65	73	91	74
	16	82	86	33	17	73	17	20	68	53	62	16
	85	98	83	89	16	33	71	88	36	46	66	61
	61	66	22	20	52	19	65	35	46	74	42	38
	44	72	43	55	68	37	78	87	39	62	59	59
	61	85	74	30	66	88	75	31	82	50	17	35
	92	71	46	33	14	54	67	37	28	83	15	12
	20	29	23	65	30	20	79	25	50	48	17	23
	69	10	76	14	47	41	94	36	52	98	63	65
	22	11	85	83	43	17	68	89	60	87	95	80
	13	65	28	60	91	51	64	72	73	65	62	81
	98	48	47	25	38	87	70	89	90	11	78	28
	25	47	10	61	91	97	39	60	89	15	71	33
	78	65	57	81	25	98	74	24	77	19	27	30
	55	63	61	36	12	63	76	71	93	60	93	86
	34	68	67	76	48	19	14	36	58	87	12	98
	80	41	29	35	93	13	71	59	60	29	14	29
	45	99	74	63	86	30	88	96	91	90	88	86
	96	14	28	34	74	91	96	40	99	75	26	66
	43	38	18	75	23	17	53	80	97	55	72	11

	17	52	11	20	51	53	35	61	80	99	51	64
	33	78	84	68	73	90	47	16	47	89	77	90
	22	73	79	84	97	82	32	61	14	43	55	25
	51	93	46	38	91	45	21	18	53	62	14	86
	32	70	39	31	93	25	68	97	88	85	63	16
	35	42	57	51	100	89	12	72	10	87	24	20
	89	68	44	72	13	86	52	79	59	51	14	21
	78	20	34	23	69	83	88	52	22	30	33	86
	89	10	60	17	82	56	40	79	96	24	36	59
	28	72	18	12	59	98	91	95	33	31	66	71
	59	22	51	93	12	100	27	40	43	27	44	20
	41	62	33	32	53	53	32	36	53	54	15	28
	98	37	98	28	28	22	63	87	37	35	22	24
	89	17	72	91	29	97	46	66	49	31	76	31
	54	83	53	59	38	80	93	43	33	22	19	17
	86	22	50	37	77	84	83	93	51	24	67	85
	81	86	67	57	90	49	29	21	69	70	93	79
	30	40	24	71	75	39	95	99	38	29	71	46
	26	77	98	43	15	94	55	24	99	52	11	96
	59	52	32	12	47	89	39	30	12	58	86	44
	13	67	51	53	28	28	17	22	30	100	51	74
	47	20	78	22	29	97	47	88	51	82	25	35
	35	77	61	39	44	98	76	97	93	81	54	34
	48	25	99	15	80	44	39	25	87	71	53	20
	76	72	92	66	47	14	12	95	64	61	32	21
	67	45	52	69	21	71	77	67	38	22	95	57
	37	63	27	20	76	40	32	62	37	100	41	16
	69	42	77	83	43	37	59	22	86	69	16	14
	62	96	88	13	98	99	47	30	41	61	62	49
	21	34	30	55	90	54	14	72	85	91	65	49

	40	55	38	40	14	33	72	18	87	78	92	89
	96	69	89	94	33	17	74	34	70	23	60	87
	89	43	92	22	35	75	90	60	54	63	44	54
	84	85	67	34	92	77	94	74	10	58	24	58
	35	59	51	91	84	40	99	53	33	15	71	92
	53	76	84	75	65	36	26	69	17	20	61	12
	98	42	97	55	31	25	95	30	77	22	57	88
	31	45	78	20	39	25	48	43	79	18	80	26
	30	35	62	99	22	94	14	52	83	42	17	34
	52	25	68	15	64	17	96	48	48	84	69	76
	45	59	41	91	41	70	74	99	69	30	97	79
	95	73	31	41	20	63	88	94	87	46	47	72
	28	34	85	28	73	15	52	21	96	79	85	51
	57	93	82	47	55	98	65	70	74	95	93	27
	30	100	17	46	75	47	51	46	36	18	31	17
	40	73	62	71	99	75	73	33	24	91	49	57
	32	97	29	40	65	27	79	78	21	90	54	91
	67	18	67	38	34	55	51	46	96	99	81	52
	53	57	77	74	47	61	43	23	18	100	80	23
	91	18	83	80	61	52	17	68	87	66	30	93
	74	42	55	40	33	62	58	61	40	69	55	77
	77	42	24	90	25	22	75	32	27	81	25	84
	61	64	50	63	86	65	98	87	22	100	77	60
	89	54	23	68	43	44	33	24	20	96	88	65
	90	97	23	84	98	55	19	61	20	86	50	63
	26	63	54	85	12	19	95	26	66	43	63	74
	71	43	46	49	53	44	99	12	64	12	55	71
	48	49	28	26	16	74	16	78	67	67	71	12
	15	77	51	89	84	98	32	35	31	62	89	72
	57	30	64	60	51	54	45	99	52	86	93	14

	48	25	70	100	60	37	71	46	66	76	68	40
	13	95	16	63	69	50	99	90	68	38	87	54
	59	28	71	41	11	50	39	72	75	50	35	94
	50	82	83	69	67	27	72	87	95	75	96	32
	39	32	49	38	27	44	65	43	39	82	82	12
	63	99	15	99	78	13	39	97	86	51	97	16
	53	47	51	42	63	84	44	10	71	78	63	35
	92	30	48	60	28	30	45	60	15	25	65	62
	56	96	54	63	48	42	22	87	39	93	82	48
	71	44	31	85	85	22	100	25	74	96	69	30
	50	47	19	55	72	72	85	65	48	37	91	17
	39	34	29	67	64	82	95	85	42	80	99	33
	42	17	28	61	69	61	100	43	42	34	73	52
	50	69	67	66	76	98	56	32	82	85	15	24
	80	36	34	19	17	76	12	91	44	29	78	82
	22	73	17	36	65	84	46	46	61	28	13	79
	34	76	80	63	15	10	84	45	45	67	31	55
	79	55	35	38	91	77	51	67	48	78	50	23
	90	78	52	25	36	37	44	33	42	51	56	67
	39	72	54	70	36	20	67	24	34	41	21	13
	43	42	94	34	42	24	76	87	83	17	15	32
	97	95	85	15	12	69	19	58	37	74	73	37
	21	48	100	50	99	37	53	92	56	40	48	55
	40	92	19	34	14	17	38	88	37	52	23	81
	52	33	86	91	68	96	82	31	24	33	45	77
	85	25	26	72	46	98	76	35	59	47	90	52
	72	58	70	30	94	27	68	99	75	64	70	94
	95	85	23	22	33	20	37	30	44	75	63	80
	82	34	64	45	51	54	65	54	94	26	54	14
	30	31	53	55	70	78	98	76	77	92	71	64

	23	45	92	20	32	32	55	44	75	74	26	46
	59	72	20	21	93	48	89	45	32	72	19	27
	22	98	88	92	93	91	75	69	94	75	58	13
	86	29	32	78	31	58	82	96	32	90	96	18
	91	34	80	67	27	95	13	87	52	59	51	54
	38	77	15	60	87	60	39	73	30	39	13	83
	61	14	15	26	32	12	28	46	67	61	40	82
	81	40	88	53	22	75	62	90	60	24	29	76
	38	99	36	86	36	78	67	94	50	37	13	49
	93	26	33	99	97	49	49	19	28	95	56	64
	75	16	74	45	27	26	13	19	22	88	50	40
	26	62	29	13	65	99	85	36	16	91	18	66
	81	11	65	71	100	83	69	18	21	95	16	71
	12	30	55	57	13	17	38	66	99	62	50	88
	75	63	48	77	91	75	73	97	24	42	15	73
	54	29	60	99	100	36	15	72	76	24	78	64
	53	25	69	43	67	27	92	65	43	77	59	73
	35	98	76	12	67	72	16	61	31	36	13	81
	50	66	91	75	76	80	53	68	62	24	45	46
	13	78	73	70	47	93	21	74	26	85	54	76
	99	89	56	59	91	97	71	87	100	41	60	81
	33	53	41	95	51	69	86	85	61	14	39	77
	62	39	73	89	51	67	14	89	15	17	81	52
	30	11	46	16	80	29	87	27	77	25	95	35
	73	22	30	54	71	93	78	27	33	100	31	25
	80	48	74	26	87	77	84	85	43	48	22	86
	98	25	92	46	48	53	79	71	21	62	37	64
	89	46	89	56	66	32	26	86	91	75	78	73
	12	85	53	13	49	12	87	33	60	39	81	22
	26	21	60	45	83	34	46	67	83	86	18	30

	90	37	71	26	20	70	34	52	47	30	19	95
	33	41	84	57	23	29	46	75	69	69	82	28
	43	89	64	59	80	54	24	92	96	25	25	48
	99	27	45	42	99	52	45	72	53	78	19	73
	41	43	66	73	65	41	69	86	48	83	30	22
	38	25	40	60	25	83	20	19	44	71	76	30
	98	76	50	69	82	81	32	62	15	13	79	65
	58	43	89	89	45	83	57	74	26	34	78	19
	52	58	14	43	66	73	18	33	34	11	26	82
	60	79	44	93	36	31	25	28	53	30	32	62
	56	75	71	12	54	11	17	32	66	67	87	84
	12	21	39	69	99	62	84	30	55	72	43	92
	13	10	21	72	28	49	13	32	17	70	98	47
	21	95	34	57	92	35	37	52	66	42	63	52
	53	70	87	87	85	39	43	81	55	94	16	44
	53	51	89	75	97	35	39	31	50	69	84	69
	87	69	81	91	20	94	78	77	42	55	11	65
	57	61	58	87	60	95	90	57	80	86	82	21
	46	43	91	53	26	80	19	17	40	47	48	82
	23	38	19	93	95	50	71	62	86	17	15	66
	49	33	73	49	12	74	59	85	96	75	27	77
	61	28	92	76	93	30	33	71	76	92	28	47
	90	50	53	65	23	23	44	35	72	78	69	81
	79	44	20	81	85	26	22	40	84	64	50	30
	50	78	84	83	16	49	26	58	16	83	17	19
	92	79	73	46	43	48	21	36	60	37	62	97
	43	97	70	75	83	25	43	15	81	79	94	54
	47	45	20	65	74	21	38	100	17	14	75	83
	53	23	19	49	53	35	27	23	79	37	42	26
	92	62	26	31	11	57	74	53	47	95	74	44

	80	48	56	22	59	81	71	90	74	77	89	73
	16	84	63	90	26	27	51	73	30	33	87	16
	70	51	85	80	57	94	31	61	67	75	19	73
	98	46	56	93	42	29	93	83	44	91	54	85
	90	61	11	24	100	83	76	33	40	13	16	58
	77	23	75	85	92	71	48	20	87	95	49	84
	56	34	12	47	46	83	43	27	90	61	49	75
	35	89	62	28	55	92	18	36	70	95	47	87
	66	59	87	96	80	60	70	20	59	21	74	86
	61	45	63	51	65	22	24	55	84	11	13	58
	62	40	52	56	63	99	45	76	65	48	21	41
	97	13	45	13	81	52	93	39	74	47	76	53
	95	86	64	55	38	95	25	10	37	80	96	29
	21	41	62	65	23	71	92	49	19	73	14	18
	52	81	89	27	21	37	18	71	53	13	47	74
	71	21	45	55	30	87	13	100	84	78	87	60
	81	68	73	28	44	57	83	67	96	87	33	66
	91	11	58	59	17	15	93	62	91	46	62	44
	63	51	71	36	30	30	62	71	63	66	85	51
	75	55	39	90	24	56	60	44	61	34	57	47
	61	94	88	69	83	13	48	11	49	21	43	78
	16	79	26	58	49	14	93	28	48	31	76	21
	33	71	85	99	94	93	52	52	81	23	39	53
	38	96	15	69	84	74	45	16	79	56	25	76
	73	98	41	17	90	83	91	15	68	67	56	10
	28	72	33	96	88	76	97	81	84	29	95	50
	57	38	44	87	23	98	32	86	21	79	25	32
	71	95	90	65	22	59	62	72	39	13	15	81
	73	68	55	88	90	76	98	81	77	41	15	97
	49	65	85	54	96	17	27	39	82	36	80	81

