***** PARAMETERS PRP *****

Number of Customers = 30
Number of Products = 10
Number of Vehicles = 5
Number of Periods = 12

B = Production capacity
	49199

b_p = Time required to produce item p
 	1	1	1	1	1	1	1	1	1	1

c_p = Production cost of item p
 	300	800	800	800	300	300	300	800	800	300

s_p = Setup cost of item p
 	300	800	800	800	300	300	300	800	800	300

M = Big number
	196794

U_pi = Maximum inventory upper bound of item p at site i
 	196794	248	116	203	159	150	267	169	162	250	215	186	224	230	245	121	269	321	188	144	191	278	181	217	233	124	212	90	205	161	251
	196794	208	311	296	175	179	231	114	151	293	290	196	167	208	160	318	217	268	182	254	119	257	235	303	323	177	168	193	245	234	306
	196794	111	182	80	219	255	126	333	115	208	124	166	177	114	214	207	79	233	275	96	190	94	205	173	111	232	179	118	99	168	155
	196794	296	280	275	154	151	128	141	156	380	105	258	94	182	179	179	213	273	216	153	86	95	244	127	243	211	147	274	249	294	315
	196794	198	172	160	166	236	257	122	262	220	182	199	182	274	159	128	163	231	282	227	318	191	107	196	110	191	206	277	180	112	88
	196794	278	91	172	139	341	151	151	102	248	249	91	282	110	107	136	256	223	253	267	131	207	159	193	222	242	221	120	160	273	285
	196794	163	255	219	198	140	160	183	148	238	250	153	246	315	161	198	102	164	183	84	318	101	192	241	167	214	105	88	247	106	125
	196794	213	181	115	300	152	119	301	102	212	201	102	239	261	232	355	339	89	244	158	111	123	125	143	275	167	122	260	106	208	247
	196794	242	213	257	213	141	99	125	258	174	182	241	257	238	114	265	98	188	273	214	284	112	224	128	179	227	263	183	256	226	185
	196794	151	314	286	305	243	255	168	180	178	182	160	118	254	280	240	183	217	217	89	207	220	178	101	299	117	160	107	99	301	262

I_pi0 = Initial inventory of item p at site i
 	0	223	111	157	81	90	78	117	58	136	135	42	13	169	55	92	90	91	138	60	44	181	179	68	196	44	210	83	82	131	181
	0	95	179	235	28	155	151	111	55	225	178	83	156	90	115	220	22	219	145	162	50	63	42	146	247	129	168	110	46	67	168
	0	70	119	50	58	82	85	156	77	192	74	87	105	19	58	60	22	114	161	72	141	80	82	124	93	168	33	69	66	75	140
	0	210	189	253	84	24	102	109	81	181	79	124	84	117	34	129	17	101	177	74	60	90	108	61	180	153	29	176	209	92	151
	0	178	68	139	126	195	185	93	190	151	127	192	142	210	95	45	127	148	254	188	137	100	45	74	88	143	25	122	99	91	50
	0	264	29	140	90	89	117	92	83	174	75	28	231	61	75	24	108	104	233	77	61	64	104	53	189	155	171	92	131	113	153
	0	126	159	158	132	72	15	80	147	158	135	141	41	250	67	184	53	135	88	78	262	84	164	221	105	93	87	12	232	101	69
	0	74	174	83	91	145	96	253	49	149	70	77	90	146	102	155	145	49	40	158	74	41	112	139	69	162	47	47	53	57	178
	0	18	58	137	57	89	67	52	30	152	167	94	87	188	93	218	83	57	19	45	37	50	62	89	129	149	59	151	125	161	121
	0	115	129	118	218	209	140	166	75	83	175	19	104	244	174	184	117	20	168	46	149	44	29	65	256	12	95	19	39	202	231

h_pi = Inventory cost of item p at site i
 	3	5	1	8	2	9	5	4	3	4	5	8	2	9	7	6	8	6	6	2	7	7	5	1	2	2	9	5	5	9	1
	8	1	4	8	7	1	6	9	8	7	5	8	8	5	8	7	7	4	5	1	3	8	4	4	7	4	8	7	2	9	6
	8	6	7	1	4	7	9	6	9	4	9	3	5	1	6	8	5	3	5	4	3	9	6	2	5	7	9	8	5	6	1
	8	7	6	7	8	1	7	7	4	3	5	8	1	3	7	3	1	7	8	3	3	5	2	6	5	3	2	2	8	6	1
	3	4	3	6	7	2	4	7	9	8	7	8	2	9	6	4	9	1	2	6	9	7	1	8	2	6	3	1	3	1	2
	3	3	4	5	2	1	8	1	1	1	7	5	7	9	5	4	2	5	5	9	7	6	3	9	4	5	8	9	9	6	2
	3	7	6	5	4	9	9	8	7	5	3	5	4	3	7	3	5	6	6	5	6	1	1	4	2	7	1	4	7	1	1
	8	4	7	8	9	5	1	2	4	7	9	4	1	1	1	9	8	4	9	9	9	2	2	7	3	8	5	8	2	9	5
	8	3	8	3	1	5	9	5	2	3	4	3	8	9	7	5	1	6	9	2	8	5	7	5	5	1	4	1	5	1	8
	3	7	9	7	2	1	1	5	9	1	9	4	7	1	8	4	6	6	3	8	2	8	7	5	7	2	4	9	7	9	6

C = Vehicle capacity
	3800

f = Fixed transportation cost
	30969

a_ik = Transportation cost for traveling from node i to node k
 	0	503	505	162	306	504	406	260	494	346	490	223	284	518	303	361	309	225	350	160	203	311	48	203	526	439	55	394	410	281	303
	503	0	290	429	621	60	683	288	226	314	859	673	318	394	717	847	769	723	819	599	652	527	469	376	66	868	553	180	120	783	200
	505	290	0	523	741	347	827	429	65	513	967	723	481	108	793	861	812	678	854	522	701	678	495	306	238	938	559	161	346	753	298
	162	429	523	0	218	413	308	144	493	196	448	247	141	568	290	428	342	364	394	321	226	174	116	271	469	441	182	378	317	399	249
	306	621	741	218	0	592	101	337	709	324	239	177	304	783	138	336	232	399	281	442	174	111	281	477	670	267	282	594	503	391	460
	504	60	347	413	592	0	648	270	283	276	829	659	289	450	696	837	754	728	806	614	638	494	467	400	124	846	552	225	97	784	208
	406	683	827	308	101	648	0	409	791	373	198	259	368	875	193	389	288	488	328	541	261	156	380	573	736	273	382	676	564	470	538
	260	288	429	144	337	270	409	0	386	111	575	390	56	494	429	570	485	483	537	401	369	255	215	257	334	580	299	271	174	529	132
	494	226	65	493	709	283	791	386	0	464	940	706	437	171	771	854	798	682	842	530	684	640	479	304	174	918	548	116	288	754	256
	346	314	513	196	324	276	373	111	464	0	558	425	64	589	442	610	515	559	568	497	407	220	298	368	372	587	375	353	197	594	220
	490	859	967	448	239	829	198	575	940	558	0	276	542	999	188	299	233	478	242	585	292	338	481	684	908	127	447	826	740	431	695
	223	673	723	247	177	659	259	390	706	425	276	0	382	741	90	185	96	229	147	310	23	261	228	425	709	216	175	598	563	215	484
	284	318	481	141	304	289	368	56	437	64	542	382	0	549	409	565	474	500	527	434	362	212	237	309	369	558	316	322	199	539	183
	518	394	108	568	783	450	875	494	171	589	999	741	549	0	818	862	825	663	862	502	720	733	519	317	344	957	569	244	438	740	370
	303	717	793	290	138	696	193	429	771	442	188	90	409	818	0	201	97	310	143	399	105	245	300	501	758	152	259	660	602	281	536
	361	847	861	428	336	837	389	570	854	610	299	185	565	862	201	0	105	224	62	374	204	436	383	556	878	178	306	754	741	154	652
	309	769	812	342	232	754	288	485	798	515	233	96	474	825	97	105	0	246	54	366	118	333	320	510	805	139	256	692	658	200	579
	225	723	678	364	399	728	488	483	682	559	478	229	500	663	310	224	246	0	253	162	227	459	268	379	741	378	185	596	635	79	524
	350	819	854	394	281	806	328	537	842	568	242	147	527	862	143	62	54	253	0	389	168	384	365	550	854	128	296	737	709	193	628
	160	599	522	321	442	614	541	401	530	497	585	310	434	502	399	374	366	162	389	0	297	466	206	232	607	504	162	454	527	240	406
	203	652	701	226	174	638	261	369	684	407	292	23	362	720	105	204	118	227	168	297	0	250	206	404	687	237	156	576	542	220	462
	311	527	678	174	111	494	156	255	640	220	338	261	212	733	245	436	333	459	384	466	250	0	273	444	580	378	307	524	408	467	385
	48	469	495	116	281	467	380	215	479	298	481	228	237	519	300	383	320	268	365	206	206	273	0	203	496	443	87	373	371	318	270
	203	376	306	271	477	400	573	257	304	368	684	425	309	317	501	556	510	379	550	232	404	444	203	0	378	640	255	222	324	451	200
	526	66	238	469	670	124	736	334	174	372	908	709	369	344	758	878	805	741	854	607	687	580	496	378	0	910	578	162	176	804	227
	439	868	938	441	267	846	273	580	918	587	127	216	558	957	152	178	139	378	128	504	237	378	443	640	910	0	389	809	752	320	687
	55	553	559	182	282	552	382	299	548	375	447	175	316	569	259	306	256	185	296	162	156	307	87	255	578	389	0	448	457	232	354
	394	180	161	378	594	225	676	271	116	353	826	598	322	244	660	754	692	596	737	454	576	524	373	222	162	809	448	0	195	664	140
	410	120	346	317	503	97	564	174	288	197	740	563	199	438	602	741	658	635	709	527	542	408	371	324	176	752	457	195	0	689	125
	281	783	753	399	391	784	470	529	754	594	431	215	539	740	281	154	200	79	193	240	220	467	318	451	804	320	232	664	689	0	583
	303	200	298	249	460	208	538	132	256	220	695	484	183	370	536	652	579	524	628	406	462	385	270	200	227	687	354	140	125	583	0

coordXY = Coordinates (x,y): line zero => x line one => y column => customers
 	328	65	344	167	91	15	10	112	281	4	95	266	67	451	201	384	292	488	323	487	264	33	282	363	108	221	336	239	59	479	173
	553	125	49	541	745	158	805	409	62	433	983	767	442	50	828	909	859	711	902	550	745	651	540	354	76	978	607	170	244	789	293

d_pit = Demand of item p at customer i in period t
 	63	49	79	32	42	52	25	44	14	18	98	79
	98	13	79	38	20	80	52	93	97	29	46	48
	89	68	53	82	13	51	49	97	93	71	53	93
	81	92	79	16	27	31	30	33	98	33	48	66
	69	21	97	22	24	81	74	81	28	39	17	46
	78	43	96	42	57	83	75	91	15	65	100	55
	11	51	35	20	58	74	88	55	82	81	67	54
	58	35	33	55	65	17	65	93	42	53	79	53
	95	24	17	42	22	32	23	88	77	78	66	37
	20	34	81	58	79	47	71	11	23	23	51	17
	12	30	62	57	65	82	75	73	28	89	99	70
	13	24	82	10	94	89	56	87	13	61	82	60
	26	82	61	43	60	64	35	15	29	15	89	33
	41	14	94	43	10	54	93	17	23	38	72	89
	92	74	50	42	27	78	56	91	92	21	86	19
	90	27	74	13	98	93	82	18	75	99	65	73
	24	67	76	58	87	55	73	41	59	85	92	54
	92	46	92	11	26	33	22	16	100	56	46	24
	60	43	51	28	82	20	96	16	40	20	43	78
	44	73	30	29	36	44	35	15	26	84	12	30
	81	53	47	26	100	43	62	67	27	65	41	56
	37	48	54	40	94	21	76	63	92	83	70	45
	51	17	17	16	99	58	76	90	85	38	59	45
	98	98	39	78	17	32	23	55	72	66	56	65
	44	85	88	68	92	60	40	53	69	66	52	27
	17	99	94	68	47	76	17	91	97	63	90	89
	55	28	89	26	52	47	87	28	54	19	39	18
	82	68	47	56	68	32	91	44	84	61	91	97
	76	55	34	69	27	34	55	93	25	97	28	49
	69	23	89	78	30	56	86	81	77	31	40	93

	37	58	22	83	46	83	91	14	54	87	38	11
	59	94	26	94	93	11	11	57	72	74	77	78
	65	69	33	68	81	63	37	86	87	59	48	14
	28	95	16	84	42	43	95	81	39	69	11	98
	60	59	36	91	42	62	86	24	96	69	66	26
	30	100	21	61	53	20	10	49	56	61	59	35
	90	21	25	51	27	32	58	36	11	47	28	31
	24	31	68	44	38	92	68	45	23	97	33	41
	98	47	80	79	51	71	85	16	58	20	36	61
	50	11	51	66	75	44	47	70	88	77	62	54
	21	23	39	88	46	67	20	43	84	88	40	28
	20	91	45	33	11	87	30	60	51	86	60	92
	35	55	73	45	31	69	44	65	32	69	86	21
	64	51	68	11	50	22	19	46	96	97	62	52
	85	37	98	70	49	54	90	21	39	91	79	49
	22	18	58	70	19	85	78	26	57	22	22	43
	74	59	86	98	60	53	74	22	26	11	54	27
	45	22	31	47	67	74	44	68	81	20	14	34
	21	98	43	49	75	79	32	10	72	61	46	23
	50	88	51	21	96	54	63	92	42	26	75	53
	63	33	70	14	42	41	48	95	54	32	44	81
	42	39	42	92	72	77	63	63	39	70	52	53
	18	88	40	90	92	37	85	28	76	58	76	38
	72	84	91	62	16	98	81	95	40	35	18	84
	54	75	55	73	52	96	32	63	24	85	54	44
	89	79	62	58	74	93	53	66	45	22	11	18
	62	28	20	100	68	60	24	73	90	62	90	93
	46	23	32	46	26	73	41	16	37	95	88	66
	46	21	74	67	21	78	34	45	19	44	71	42
	95	73	44	52	49	51	94	49	82	96	34	16

	70	86	75	61	73	26	35	26	36	45	53	79
	23	72	24	60	73	54	42	79	53	39	14	12
	50	41	29	17	72	65	18	75	12	43	34	21
	58	78	94	21	18	98	69	83	18	37	49	35
	53	29	49	73	20	77	49	59	36	25	87	56
	85	48	38	60	15	97	96	62	94	34	74	52
	71	85	82	68	11	52	62	64	69	58	82	94
	77	96	65	92	87	23	18	62	48	47	53	22
	84	16	92	64	73	22	69	49	28	62	29	35
	74	91	62	78	22	50	35	49	88	79	59	55
	45	42	92	15	98	45	55	98	71	33	43	28
	56	49	73	84	51	74	38	25	32	83	90	54
	19	11	44	45	53	32	42	30	49	62	15	52
	58	26	28	42	71	90	12	45	48	90	62	71
	60	16	29	78	77	76	72	44	16	67	20	67
	22	47	92	75	21	43	29	39	16	14	32	43
	16	14	58	26	64	35	99	22	81	55	60	28
	47	67	47	65	100	61	27	26	40	22	67	92
	72	46	55	54	22	57	32	34	22	61	34	84
	36	88	17	61	81	90	64	53	90	40	48	92
	80	68	47	21	20	39	60	75	31	12	26	87
	82	41	20	12	39	62	42	33	12	37	17	96
	88	36	64	68	76	14	20	71	96	46	41	72
	93	40	64	18	75	22	65	33	86	72	76	20
	54	15	12	87	26	65	34	58	75	49	41	40
	33	36	14	55	68	31	27	68	73	74	27	32
	37	32	53	66	20	72	79	67	59	75	99	46
	66	58	25	69	35	50	12	67	59	11	57	84
	75	98	95	83	34	11	13	28	73	81	33	46
	31	25	84	65	31	31	44	33	79	13	93	92

	84	77	38	11	79	90	38	86	39	74	84	11
	91	18	25	55	20	78	93	27	60	65	84	55
	30	58	71	94	74	25	15	60	49	38	76	71
	73	11	68	82	54	71	92	17	29	49	37	31
	24	52	92	73	33	47	65	21	50	59	13	74
	86	16	42	17	61	20	30	21	58	75	49	37
	26	69	14	34	30	90	42	35	20	73	43	87
	81	44	84	65	69	10	78	73	51	34	15	20
	98	83	96	86	93	75	84	21	46	48	98	85
	79	65	34	83	54	12	61	34	62	50	12	85
	32	70	22	11	81	35	38	62	86	77	54	50
	35	49	91	18	73	58	80	86	16	23	15	17
	76	41	68	86	91	71	16	87	41	68	51	31
	34	43	88	14	26	22	16	88	35	66	73	33
	88	41	56	43	64	98	24	44	38	79	64	75
	17	58	77	88	21	22	34	27	95	65	95	41
	48	53	28	99	76	36	50	47	87	38	19	75
	27	19	93	38	89	71	50	49	88	36	64	24
	46	28	91	88	34	27	56	55	42	43	60	42
	60	74	17	73	13	52	54	21	44	13	54	40
	90	15	75	36	25	87	21	54	47	13	36	72
	12	96	67	83	34	43	98	30	18	90	95	67
	61	28	17	59	14	93	85	51	35	19	29	18
	93	73	14	67	96	34	96	95	64	31	32	33
	34	29	90	90	69	19	86	30	25	39	41	81
	29	11	11	32	58	11	89	10	35	23	14	29
	69	69	38	57	54	88	97	18	11	42	88	26
	40	83	35	51	14	33	79	86	29	39	84	24
	92	19	18	74	10	82	59	77	62	96	24	93
	96	55	49	80	58	60	52	32	12	75	91	97

	16	68	94	55	12	57	59	94	10	22	20	86
	27	41	90	100	12	20	56	48	15	25	64	18
	43	96	39	67	74	30	37	11	33	14	12	24
	86	29	11	51	49	88	81	70	20	55	70	54
	69	62	64	64	87	17	55	53	100	27	53	56
	13	95	11	66	52	99	45	97	99	29	94	71
	93	95	59	93	53	34	45	45	77	13	22	100
	96	69	25	75	51	91	11	33	18	67	75	17
	37	35	55	24	99	44	50	92	58	95	58	14
	79	48	39	55	83	32	88	27	24	88	81	82
	30	48	84	30	48	35	80	62	47	50	15	68
	94	48	94	40	26	75	28	61	96	33	63	69
	50	29	41	90	53	76	28	12	39	80	81	79
	45	50	98	28	84	59	51	89	18	23	15	76
	45	96	92	78	44	59	65	31	41	62	94	58
	45	26	56	48	81	82	14	62	69	96	55	18
	75	28	45	93	77	85	21	57	39	15	98	60
	98	85	71	99	68	33	22	93	36	15	15	41
	31	72	64	21	11	71	28	90	45	87	79	83
	38	99	61	99	14	26	85	76	69	88	85	22
	60	40	15	32	30	50	64	44	81	71	28	59
	45	72	17	49	44	36	87	27	76	25	84	81
	11	63	57	33	97	43	98	67	19	32	32	35
	88	29	78	52	26	96	42	65	27	64	16	75
	97	46	75	18	11	31	42	76	86	31	47	13
	13	12	35	80	32	19	72	87	82	84	71	32
	27	95	79	14	83	30	97	15	90	30	87	18
	21	78	98	76	42	65	23	77	75	74	79	11
	29	45	17	67	92	43	97	79	29	72	87	14
	50	45	77	58	32	24	14	67	18	72	47	22

	82	79	89	14	16	100	30	11	15	88	44	98
	29	89	92	34	31	67	65	18	19	17	11	74
	77	63	64	66	43	37	18	25	44	77	75	98
	90	88	35	96	53	72	61	38	77	91	88	46
	89	58	73	94	95	80	80	61	20	59	73	37
	48	39	30	73	12	16	53	66	83	77	82	23
	92	81	73	52	89	32	97	58	89	68	82	95
	83	22	49	69	84	81	16	38	66	50	18	36
	44	66	64	99	39	70	57	81	86	62	22	53
	75	19	14	50	67	31	26	65	98	77	10	66
	11	17	88	17	37	91	68	44	20	75	45	31
	36	86	91	18	46	80	21	59	94	35	87	23
	25	36	61	38	34	41	70	82	77	69	86	43
	22	53	34	85	44	53	56	99	58	44	32	59
	24	64	60	32	66	83	50	13	31	46	28	45
	36	22	50	30	44	14	81	27	78	68	89	75
	65	39	66	21	85	28	17	56	28	23	97	11
	69	73	91	38	71	16	29	48	10	43	36	83
	41	18	18	85	65	99	27	32	56	89	51	60
	15	46	81	15	56	14	88	88	18	14	30	59
	21	16	27	78	57	37	32	80	12	26	76	34
	14	90	38	15	40	14	94	53	60	67	53	98
	53	39	32	43	91	33	63	64	87	31	10	34
	22	29	97	41	12	80	46	76	71	53	61	79
	46	39	70	79	89	92	16	25	77	65	40	87
	99	72	73	77	92	44	96	51	66	84	57	73
	61	31	90	60	11	78	54	69	85	44	73	63
	70	61	75	23	36	52	67	95	47	45	58	12
	57	56	17	72	81	92	37	23	28	79	77	35
	35	17	28	73	65	93	49	44	86	56	47	90

	78	16	32	28	87	25	32	93	73	36	73	77
	33	21	40	65	82	76	30	99	57	80	95	86
	81	77	89	97	99	74	84	90	100	20	40	23
	42	90	40	29	26	75	40	64	54	25	78	32
	72	27	42	95	11	24	89	53	14	17	17	99
	15	92	53	55	96	93	95	51	36	13	24	18
	56	24	80	51	24	19	59	52	24	64	49	46
	84	63	24	28	47	24	89	60	34	70	18	52
	70	88	100	54	65	57	56	61	53	49	45	16
	63	11	61	17	20	90	67	73	69	11	32	86
	39	17	85	24	36	60	28	78	70	13	66	95
	41	74	67	18	76	48	77	29	67	85	79	76
	15	77	89	69	11	59	51	73	86	89	52	85
	67	67	14	70	54	15	66	88	34	76	43	49
	67	68	49	58	69	54	71	69	36	18	15	21
	53	54	79	13	29	84	75	62	44	34	70	14
	59	38	38	90	96	15	65	83	52	36	25	59
	88	30	28	57	42	86	46	86	45	48	90	87
	62	16	71	11	10	12	37	98	25	39	54	68
	97	34	98	33	79	47	22	94	88	33	63	76
	73	11	20	60	70	72	63	91	12	47	56	33
	68	96	100	56	95	43	77	61	40	20	76	35
	99	42	62	18	47	65	68	79	73	89	37	43
	92	13	28	91	86	51	76	25	51	21	54	78
	38	45	10	83	40	86	11	73	44	57	64	90
	52	35	36	95	83	63	23	36	79	60	53	17
	12	89	65	69	37	32	38	30	42	23	34	55
	45	73	28	86	20	34	41	75	58	55	35	42
	12	89	32	25	58	91	68	92	14	12	95	47
	69	80	25	41	90	65	71	26	45	81	71	87

	74	23	31	83	21	53	27	10	60	19	39	72
	13	66	72	23	86	78	96	83	85	19	63	41
	83	64	79	61	20	17	73	43	66	44	66	73
	67	24	71	38	86	56	20	85	73	93	96	12
	22	61	62	13	37	13	76	33	65	72	99	56
	96	76	66	43	26	56	68	18	41	46	99	80
	72	82	55	44	92	60	93	82	89	85	91	59
	49	60	63	35	35	41	58	28	98	68	39	38
	70	48	31	86	73	37	70	94	77	82	97	82
	70	11	34	55	15	52	87	72	49	81	36	40
	38	39	37	70	15	31	88	61	79	56	61	34
	90	86	64	57	29	64	26	43	43	93	27	95
	71	75	27	65	48	35	79	86	17	39	30	54
	45	57	52	96	24	23	61	70	66	76	30	97
	79	76	94	52	98	79	96	97	18	34	76	53
	95	50	64	88	44	87	79	81	36	48	69	73
	49	47	80	22	27	58	14	12	80	77	38	30
	40	80	74	95	47	60	81	84	63	39	25	44
	35	48	75	46	16	36	75	56	28	100	53	62
	74	12	45	77	80	94	18	41	82	20	62	58
	41	42	93	30	93	61	98	84	25	92	31	48
	38	74	46	10	57	53	98	98	76	81	44	72
	21	46	41	31	19	39	90	73	27	68	86	30
	69	72	40	97	20	28	16	90	46	63	81	37
	54	76	32	98	99	22	28	41	96	38	47	36
	47	98	83	95	17	68	75	55	17	60	25	93
	47	18	23	76	26	46	61	93	25	69	74	66
	53	24	63	82	47	46	11	60	77	65	21	86
	57	23	61	32	71	17	28	57	45	51	41	16
	97	81	46	92	73	21	47	51	73	20	61	78

	18	78	68	59	59	92	36	78	25	25	99	89
	23	35	36	86	61	65	53	62	80	41	66	31
	74	28	35	74	34	16	53	66	74	85	36	42
	57	23	80	89	78	71	23	89	50	52	14	12
	89	98	65	42	84	69	29	42	92	62	77	94
	67	74	27	13	18	76	31	10	82	83	63	52
	52	81	97	14	36	78	75	43	38	96	64	77
	30	67	91	28	15	40	64	77	29	56	65	57
	41	75	36	11	33	62	18	42	44	10	66	83
	85	82	40	64	75	19	82	69	99	11	72	29
	11	83	18	85	63	15	51	50	39	99	28	36
	19	53	15	73	33	86	32	97	58	81	12	57
	91	57	28	12	34	29	55	78	25	93	29	39
	21	72	28	27	39	71	29	28	80	39	12	11
	58	72	88	61	40	69	71	76	89	52	65	55
	83	41	17	79	18	56	40	29	76	40	42	67
	14	26	17	96	13	44	80	42	66	83	69	15
	19	65	83	79	59	37	30	51	75	61	30	65
	45	22	15	33	92	69	99	80	79	62	24	22
	37	35	32	93	44	78	46	74	38	88	73	44
	50	64	47	27	46	60	30	31	88	98	34	94
	16	46	46	80	83	58	83	66	36	31	51	76
	89	92	27	36	93	64	74	20	89	58	75	48
	85	44	54	54	90	16	55	78	99	99	28	13
	34	27	20	68	86	47	97	71	51	40	45	96
	59	29	98	23	26	62	25	98	11	55	59	86
	16	79	56	83	78	50	55	76	89	57	70	23
	16	71	38	77	95	85	88	48	94	86	30	39
	40	40	81	83	74	23	26	27	17	49	24	59
	71	50	48	52	39	84	85	44	69	50	90	57

	26	38	51	43	59	16	92	52	81	76	42	28
	51	78	92	13	88	45	48	81	66	73	89	30
	64	54	20	78	55	95	99	11	81	42	70	18
	60	91	67	10	58	45	53	30	76	90	67	84
	99	26	84	15	63	64	57	57	78	13	78	96
	61	59	20	58	26	12	70	51	98	13	71	74
	48	34	84	51	56	28	61	64	34	95	98	17
	52	12	11	94	86	41	76	31	10	56	56	16
	83	99	52	11	18	41	96	86	77	62	72	13
	95	80	51	90	72	27	47	61	18	57	57	73
	19	31	88	18	52	92	11	75	74	86	46	47
	20	66	18	45	15	92	76	78	42	72	100	85
	56	77	74	37	58	64	53	76	47	26	27	14
	77	78	19	55	32	72	88	18	20	58	82	72
	31	68	17	68	52	81	56	58	72	93	83	42
	69	48	60	79	100	42	70	82	67	53	25	35
	20	94	33	27	25	92	57	33	86	63	53	69
	92	76	91	75	54	13	66	71	90	63	93	83
	46	94	13	57	11	63	24	18	64	49	26	68
	86	27	36	80	72	88	97	64	91	42	81	64
	44	14	84	88	37	38	76	86	67	59	12	56
	29	63	34	67	23	81	96	73	79	26	85	56
	65	17	59	49	37	23	11	14	25	63	13	27
	87	78	91	81	69	17	73	10	66	24	21	100
	12	95	36	53	68	14	97	82	67	72	33	74
	78	17	35	88	44	22	15	88	99	70	16	67
	19	77	23	34	61	62	11	72	50	99	34	97
	39	61	31	95	29	69	51	35	32	70	18	62
	94	48	60	69	44	27	87	95	25	34	41	98
	43	50	49	89	76	38	61	21	39	63	74	26

