***** PARAMETERS PRP *****

Number of Customers = 30
Number of Products = 10
Number of Vehicles = 5
Number of Periods = 12

B = Production capacity
	49816

b_p = Time required to produce item p
 	1	1	1	1	1	1	1	1	1	1

c_p = Production cost of item p
 	800	800	800	300	800	800	300	300	800	300

s_p = Setup cost of item p
 	800	800	800	300	800	800	300	300	800	300

M = Big number
	199263

U_pi = Maximum inventory upper bound of item p at site i
 	199263	231	153	111	305	261	232	354	160	210	232	120	300	96	103	198	94	300	165	164	221	95	188	263	115	219	335	245	238	240	214
	199263	138	262	139	164	243	313	278	276	180	214	133	166	106	128	109	265	153	243	203	155	266	340	242	143	119	160	315	223	228	230
	199263	157	205	102	142	156	97	332	223	173	273	248	194	157	166	188	177	256	139	214	144	305	114	89	123	107	281	142	183	161	172
	199263	235	126	284	330	199	168	125	308	156	163	235	111	131	206	220	185	224	176	206	220	253	153	224	294	171	183	99	182	215	260
	199263	199	286	114	149	106	197	197	286	166	125	119	258	108	275	98	217	269	267	146	245	194	242	268	109	238	208	108	118	194	100
	199263	197	290	158	100	185	193	228	237	226	236	242	325	266	202	182	185	156	101	128	275	190	152	237	150	295	268	283	245	274	237
	199263	282	292	166	173	111	92	186	142	231	155	231	264	278	72	290	111	133	261	116	112	130	275	247	150	300	137	259	262	111	284
	199263	140	104	192	202	108	259	120	192	230	131	308	324	112	226	192	122	265	190	123	158	250	188	198	174	227	233	291	191	118	178
	199263	103	251	114	298	115	241	249	169	175	128	150	308	119	101	184	112	187	303	223	103	138	170	105	204	197	310	248	211	224	250
	199263	309	161	213	136	127	274	270	122	260	210	92	262	174	255	174	266	185	178	104	169	117	221	108	186	100	240	330	234	204	117

I_pi0 = Initial inventory of item p at site i
 	0	96	140	91	209	84	118	89	106	112	66	14	138	60	63	123	78	174	146	38	154	92	111	95	80	85	273	78	174	152	23
	0	126	186	98	77	51	200	268	130	80	125	125	126	33	26	45	147	121	176	157	47	247	236	88	133	10	49	145	174	196	97
	0	77	56	48	86	101	44	206	121	37	197	44	115	27	97	27	43	75	139	13	93	114	56	72	19	85	257	108	134	101	126
	0	88	105	117	254	57	100	105	230	79	127	208	98	95	114	100	129	127	93	172	81	233	78	194	262	100	160	81	55	196	118
	0	11	278	105	111	53	163	44	275	140	83	16	252	44	21	22	128	46	190	75	71	138	188	127	49	88	129	51	35	86	68
	0	148	115	141	94	82	129	132	135	34	172	125	194	196	86	95	14	145	81	104	216	87	32	100	99	175	218	176	127	164	133
	0	63	197	44	150	16	62	160	49	102	82	140	192	95	15	239	83	107	87	104	53	37	212	207	80	155	122	99	100	48	132
	0	55	83	46	79	79	230	96	159	55	87	222	229	62	128	118	116	89	64	64	14	170	144	89	133	149	222	51	82	83	147
	0	23	75	88	109	76	37	41	160	167	89	91	132	89	80	132	11	99	258	51	102	107	137	88	67	122	38	83	182	115	229
	0	103	124	157	88	117	190	183	70	162	75	78	93	163	99	39	245	167	100	91	141	88	155	56	177	75	33	314	231	194	76

h_pi = Inventory cost of item p at site i
 	8	4	6	8	3	5	8	8	9	7	1	7	4	2	8	9	6	9	2	4	5	1	5	3	4	1	9	4	8	9	4
	8	7	2	7	8	6	3	5	9	8	3	6	3	2	5	5	9	5	6	2	9	8	3	5	8	2	7	7	2	2	8
	8	8	1	7	5	6	2	9	2	7	1	9	2	5	2	4	5	6	2	3	1	5	3	4	9	7	5	4	8	5	9
	3	8	2	8	6	5	1	6	2	9	6	5	9	4	2	2	9	6	6	3	1	8	7	8	4	3	4	4	5	7	2
	8	8	5	5	3	7	6	1	1	4	6	4	5	5	5	7	3	3	2	1	8	4	4	7	5	3	5	9	2	4	5
	8	7	8	4	4	1	8	3	5	4	7	4	4	9	6	9	7	4	2	8	5	3	3	2	8	3	2	3	7	8	5
	3	2	6	2	9	3	8	9	6	4	8	6	9	4	1	3	2	2	2	2	8	8	3	8	8	5	8	7	6	4	8
	3	3	2	5	1	2	8	6	9	7	9	2	8	6	7	6	2	5	4	9	4	5	5	5	5	8	6	3	9	9	4
	8	4	3	6	8	2	7	6	4	4	3	2	9	2	4	5	8	5	3	2	5	9	3	8	6	4	4	3	3	4	7
	3	9	2	7	2	6	2	1	8	7	6	6	9	4	9	4	6	5	9	6	9	1	8	6	6	4	6	1	9	6	3

C = Vehicle capacity
	3540

f = Fixed transportation cost
	30969

a_ik = Transportation cost for traveling from node i to node k
 	0	811	627	485	254	370	306	302	791	77	574	681	133	695	324	509	470	573	155	824	329	169	270	248	865	166	801	99	680	350	821
	811	0	227	391	697	485	650	729	81	759	238	137	748	129	684	351	360	370	920	187	805	682	554	634	229	964	191	808	280	469	20
	627	227	0	323	571	272	539	617	176	587	109	99	590	100	579	130	255	360	754	355	697	526	399	422	407	788	178	607	111	278	227
	485	391	323	0	314	318	262	339	410	417	216	304	389	322	293	307	78	96	560	348	415	327	218	411	385	615	478	519	430	245	408
	254	697	571	314	0	395	62	64	702	179	483	589	122	606	71	489	339	379	264	658	135	109	183	364	690	328	746	335	658	330	712
	370	485	272	318	395	0	390	455	446	346	258	348	368	358	433	145	250	407	512	559	530	313	217	151	609	535	437	338	311	80	490
	306	650	539	262	62	390	0	80	660	230	445	549	177	566	44	468	296	322	325	602	159	146	174	383	633	389	711	381	631	318	666
	302	729	617	339	64	455	80	0	740	231	525	628	171	646	49	543	376	392	282	675	80	171	240	428	703	350	791	389	709	387	745
	791	81	176	410	702	446	660	740	0	745	222	114	740	98	697	305	365	407	910	265	818	675	545	597	309	949	111	778	206	442	69
	77	759	587	417	179	346	230	231	745	0	524	633	61	648	250	476	409	502	169	761	267	94	208	251	800	206	763	159	650	311	770
	574	238	109	216	483	258	445	525	222	524	0	110	518	125	484	151	152	253	689	306	604	453	323	403	357	729	268	571	219	232	247
	681	137	99	304	589	348	549	628	114	633	110	0	628	19	585	216	253	314	798	258	707	562	432	498	309	838	178	674	188	335	143
	133	748	590	389	122	368	177	171	740	61	518	628	0	643	192	488	391	468	174	736	209	67	196	293	773	227	768	220	662	321	761
	695	129	100	322	606	358	566	646	98	648	125	19	643	0	603	222	270	331	813	263	724	577	448	508	314	852	160	685	178	348	133
	324	684	579	293	71	433	44	49	697	250	484	585	192	603	0	511	333	344	323	626	123	175	217	421	655	389	750	406	673	361	700
	509	351	130	307	489	145	468	543	305	476	151	216	488	222	511	0	229	374	644	453	622	427	308	294	505	673	294	482	175	168	354
	470	360	255	78	339	250	296	376	365	409	152	253	391	270	333	229	0	158	565	356	455	326	202	359	399	613	420	489	359	183	374
	573	370	360	96	379	407	322	392	407	502	253	314	468	331	344	374	158	0	637	284	461	410	310	506	312	695	491	612	471	337	388
	155	920	754	560	264	512	325	282	910	169	689	798	174	813	323	644	565	637	0	908	269	239	367	401	944	70	931	242	818	479	932
	824	187	355	348	658	559	602	675	265	761	306	258	736	263	626	453	356	284	908	0	744	673	555	696	52	962	375	844	440	517	205
	329	805	697	415	135	530	159	80	818	267	604	707	209	724	123	622	455	461	269	744	0	230	317	489	769	338	870	424	788	464	822
	169	682	526	327	109	313	146	171	675	94	453	562	67	577	175	427	326	410	239	673	230	0	130	260	711	289	704	236	600	260	695
	270	554	399	218	183	217	174	240	545	208	323	432	196	448	217	308	202	310	367	555	317	130	0	230	596	413	576	302	479	148	566
	248	634	422	411	364	151	383	428	597	251	403	498	293	508	421	294	359	506	401	696	489	260	230	0	744	411	584	194	453	180	640
	865	229	407	385	690	609	633	703	309	800	357	309	773	314	655	505	399	312	944	52	769	711	596	744	0	999	419	888	490	565	245
	166	964	788	615	328	535	389	350	949	206	729	838	227	852	389	673	613	695	70	962	338	289	413	411	999	0	964	231	845	511	975
	801	191	178	478	746	437	711	791	111	763	268	178	768	160	750	294	420	491	931	375	870	704	576	584	419	964	0	774	141	453	176
	99	808	607	519	335	338	381	389	778	159	571	674	220	685	406	482	489	612	242	844	424	236	302	194	888	231	774	0	646	339	816
	680	280	111	430	658	311	631	709	206	650	219	188	662	178	673	175	359	471	818	440	788	600	479	453	490	845	141	646	0	342	273
	350	469	278	245	330	80	318	387	442	311	232	335	321	348	361	168	183	337	479	517	464	260	148	180	565	511	453	339	342	0	477
	821	20	227	408	712	490	666	745	69	770	247	143	761	133	700	354	374	388	932	205	822	695	566	640	245	975	176	816	273	477	0

coordXY = Coordinates (x,y): line zero => x line one => y column => customers
 	383	233	382	137	152	450	120	93	313	320	292	296	260	306	86	430	212	58	288	51	55	260	269	497	5	345	423	478	483	372	248
	164	960	790	581	268	527	320	245	951	207	730	839	213	854	293	670	601	635	42	918	175	279	408	384	942	3	963	191	836	513	973

d_pit = Demand of item p at customer i in period t
 	52	44	14	95	59	76	47	24	22	57	51	14
	52	88	31	31	81	38	36	55	87	57	14	41
	91	35	72	68	65	25	85	16	10	64	55	77
	89	66	54	39	94	82	93	69	47	30	12	58
	84	98	11	20	49	58	97	26	49	18	97	20
	81	37	86	96	52	70	15	34	25	83	95	21
	89	74	86	36	70	31	80	68	57	97	81	80
	74	32	89	19	45	64	59	15	54	27	97	63
	52	11	49	77	18	76	55	15	96	44	98	39
	24	42	27	85	33	21	62	84	83	54	15	27
	14	45	50	40	92	19	12	37	48	31	63	28
	29	87	22	87	90	24	47	93	76	34	92	38
	47	13	31	11	54	54	54	46	37	78	81	68
	63	75	47	48	36	17	43	65	92	24	43	63
	23	49	51	95	36	21	28	21	76	71	84	40
	78	88	89	25	36	28	44	16	25	12	48	74
	53	75	46	27	52	76	87	85	34	74	89	21
	34	13	76	23	89	37	18	93	56	98	81	42
	38	17	61	86	54	50	72	13	17	35	34	14
	46	82	26	30	36	98	46	53	29	84	81	53
	30	62	35	36	58	48	15	39	89	67	42	47
	85	26	95	37	37	62	91	98	19	85	89	28
	64	31	42	94	80	99	61	94	99	12	27	85
	80	88	58	40	28	21	72	73	56	85	13	74
	26	28	31	68	68	97	84	10	88	45	74	37
	90	96	87	92	55	64	41	55	80	21	98	25
	78	41	18	69	67	36	24	21	56	76	18	84
	99	75	74	95	42	36	32	45	19	61	89	47
	86	66	70	85	48	47	33	14	28	35	51	14
	23	82	39	81	18	36	42	16	29	92	94	90

	48	17	14	47	40	84	46	49	65	95	23	23
	94	92	79	71	59	22	30	53	24	41	26	37
	19	34	45	61	29	83	62	13	34	80	26	70
	77	89	24	51	13	37	89	97	18	64	22	76
	51	51	67	71	50	36	93	78	88	48	70	27
	57	63	80	92	99	20	74	53	95	33	48	37
	33	98	49	88	72	35	23	46	98	69	41	15
	35	30	65	30	82	15	69	90	47	100	35	64
	80	64	89	35	43	43	89	29	98	75	33	40
	39	86	92	39	43	74	37	52	50	14	68	49
	61	64	12	33	34	35	26	38	55	90	63	19
	97	29	82	22	29	87	59	12	40	94	41	71
	33	16	81	33	58	43	52	73	59	45	98	46
	26	40	18	15	46	39	20	26	23	49	43	38
	45	71	31	33	13	65	82	64	14	94	81	59
	57	23	67	21	60	67	100	12	84	27	44	75
	26	81	14	91	88	53	35	17	73	23	34	75
	28	56	14	78	56	70	64	80	58	52	10	16
	82	75	70	82	58	69	76	35	25	83	59	96
	25	22	72	95	68	75	26	52	83	18	47	38
	74	55	66	52	89	78	34	81	12	76	86	95
	69	30	100	37	95	86	82	75	77	35	35	94
	88	59	80	18	13	26	32	96	22	58	52	37
	44	16	73	48	13	30	19	16	30	35	28	77
	10	92	74	98	91	83	66	19	29	84	35	33
	49	83	65	44	17	92	39	42	90	77	19	24
	40	29	40	36	74	57	91	92	85	44	89	78
	76	98	86	43	19	53	54	43	52	35	26	84
	34	33	58	71	17	33	21	72	20	54	71	62
	31	66	75	75	24	18	86	59	58	78	53	67

	14	14	49	64	28	45	52	12	80	50	48	14
	56	39	74	93	49	22	73	42	86	27	23	32
	48	70	56	72	49	73	62	12	56	83	13	17
	40	15	31	37	24	56	46	12	92	37	87	89
	71	30	74	38	23	90	66	46	63	19	88	14
	44	88	18	56	99	28	28	42	43	18	25	95
	81	87	38	33	75	77	67	91	34	95	58	60
	27	94	85	11	24	64	99	91	34	13	55	73
	37	50	19	25	23	32	85	88	61	76	99	96
	90	39	46	22	62	84	38	95	57	73	35	13
	44	68	30	22	43	35	70	91	27	52	70	43
	58	57	87	50	79	97	24	77	91	91	38	25
	27	28	74	68	65	74	15	17	86	40	69	64
	97	66	97	53	23	12	45	27	52	76	42	73
	27	85	51	70	20	95	15	99	34	17	38	14
	43	79	98	22	25	98	84	85	40	17	72	44
	55	20	42	71	18	37	67	65	59	44	84	52
	32	16	91	28	41	20	33	82	17	47	83	66
	13	94	74	96	88	88	65	95	72	62	55	52
	40	36	17	85	17	80	16	23	30	96	88	49
	28	86	25	30	53	59	89	64	54	69	95	80
	56	92	90	12	90	17	24	70	62	74	45	53
	52	20	77	75	26	52	36	16	21	37	36	86
	19	50	87	37	46	16	31	36	49	62	27	33
	85	24	84	28	69	19	99	38	99	35	26	36
	80	97	56	24	35	70	89	37	91	89	86	88
	33	20	21	34	93	68	16	68	87	72	29	25
	20	38	76	22	87	32	88	38	76	97	93	63
	55	46	91	44	18	56	70	45	25	66	97	29
	62	64	59	43	32	55	53	70	67	59	83	42

	88	51	14	21	68	12	27	66	28	49	90	49
	36	69	49	19	21	43	19	55	76	14	15	89
	82	35	85	72	83	70	94	95	40	62	59	75
	99	78	77	51	57	76	19	93	83	23	39	96
	57	45	40	82	20	56	53	25	72	74	29	44
	21	79	82	55	26	52	85	86	51	40	60	36
	90	15	96	36	41	56	74	39	91	66	71	74
	76	46	64	44	53	89	45	56	24	95	77	70
	40	39	48	30	52	97	18	47	67	98	70	17
	78	49	47	11	99	71	34	74	20	33	69	65
	55	91	33	29	18	44	75	79	44	28	48	20
	98	89	65	75	95	21	21	30	30	46	34	60
	95	98	67	37	71	30	35	97	44	85	34	91
	50	64	47	67	48	73	44	18	57	41	65	45
	21	79	18	74	62	69	94	70	90	14	23	45
	46	83	59	92	93	83	37	60	12	18	76	82
	34	93	45	18	57	17	66	80	98	58	62	44
	93	41	100	13	65	18	72	11	77	87	47	80
	22	52	71	27	25	12	54	87	77	69	48	73
	81	90	25	72	59	50	54	16	53	96	30	35
	71	89	73	27	87	83	36	70	61	58	45	58
	34	44	37	15	48	90	90	70	42	52	12	78
	15	26	61	92	72	10	22	36	65	79	39	20
	93	26	95	48	92	80	71	13	48	27	82	31
	49	51	60	76	56	60	75	24	18	65	53	97
	64	96	85	66	49	17	92	59	90	34	66	13
	81	21	80	17	55	23	16	94	67	15	59	65
	19	36	37	59	19	61	38	17	49	46	14	42
	50	70	76	55	44	28	44	24	87	15	99	52
	39	40	39	75	99	46	78	39	14	86	35	33

	11	87	20	94	53	52	50	12	27	76	94	20
	85	23	79	91	20	34	90	22	23	42	85	93
	30	75	44	73	25	32	93	79	36	58	91	50
	24	58	29	92	81	96	78	89	95	81	70	99
	53	58	95	21	46	63	21	47	73	50	82	27
	28	58	77	39	13	47	78	42	47	20	84	59
	44	79	98	96	39	18	45	100	66	92	28	83
	72	77	44	82	59	25	72	89	21	17	32	97
	55	85	31	14	37	15	21	49	93	97	73	94
	49	34	19	94	14	16	44	43	11	69	27	79
	16	88	34	82	70	33	90	69	77	76	12	69
	87	98	67	20	29	61	31	69	77	14	48	17
	44	98	22	56	29	45	49	77	41	40	99	50
	21	32	47	78	68	87	87	52	28	94	22	43
	22	85	42	52	22	21	35	15	100	82	60	52
	78	50	50	76	26	92	40	60	46	29	30	73
	11	35	70	49	90	38	48	75	23	70	80	57
	64	93	14	19	84	99	10	23	72	49	58	55
	25	50	91	25	37	64	32	95	22	30	96	18
	55	16	48	32	19	24	84	60	23	63	93	71
	44	79	15	74	87	78	61	92	22	53	79	91
	16	83	89	27	45	13	54	66	59	19	53	57
	29	48	50	74	96	32	60	38	25	72	90	30
	49	76	98	61	78	75	15	54	28	11	29	77
	34	54	26	29	56	99	91	91	39	71	47	76
	83	46	89	63	28	65	72	67	64	90	93	73
	51	77	81	58	49	38	61	38	57	34	32	70
	35	84	81	12	51	64	81	44	81	83	34	56
	86	79	59	12	59	54	73	38	55	97	100	65
	22	16	30	89	67	81	64	28	69	55	17	61

	57	91	67	18	22	42	93	17	90	30	45	18
	73	42	53	54	52	85	11	55	77	56	49	90
	58	24	59	67	39	14	89	31	44	20	98	89
	52	42	51	19	88	51	40	83	31	93	26	23
	82	35	19	77	69	69	69	78	58	53	65	67
	88	41	10	16	14	79	12	54	26	13	80	29
	68	41	23	53	78	56	74	79	77	52	37	47
	26	43	13	53	54	46	80	47	24	16	81	86
	34	67	67	87	20	30	31	36	32	31	17	91
	38	92	42	71	52	72	54	26	91	75	27	67
	41	84	83	55	98	84	23	97	33	41	15	73
	52	48	94	93	91	40	88	88	65	27	55	38
	53	67	76	60	28	70	24	61	75	96	100	88
	86	66	91	41	71	32	85	53	99	97	49	36
	47	48	12	90	57	72	58	91	27	82	90	53
	14	84	74	81	98	64	95	37	22	55	39	76
	97	48	19	58	43	62	61	26	72	73	42	24
	81	46	14	39	91	31	50	16	13	71	80	75
	38	66	85	96	52	56	94	27	82	20	97	57
	95	15	63	43	64	93	76	79	11	51	35	34
	87	52	64	70	71	88	34	66	34	82	79	33
	32	85	63	87	87	29	36	13	62	37	55	23
	15	85	23	29	89	96	80	63	72	76	64	20
	99	86	98	78	49	78	48	94	61	34	80	97
	86	23	66	61	85	57	78	21	37	82	95	17
	70	13	40	95	13	49	42	38	29	74	93	87
	42	35	99	48	37	85	25	16	82	97	48	65
	48	79	14	40	55	70	48	15	97	22	30	69
	46	85	33	98	94	43	82	86	82	87	34	52
	53	80	50	60	56	67	59	22	87	66	53	59

	63	98	59	20	65	62	59	90	39	12	34	76
	38	85	74	73	22	46	23	91	88	73	39	49
	44	71	91	28	41	28	94	80	40	36	99	12
	11	41	98	98	81	21	34	38	71	93	28	76
	16	37	26	84	84	10	94	36	41	94	55	89
	12	50	71	29	66	89	50	13	58	24	73	17
	83	77	70	25	35	13	54	97	65	72	59	92
	49	59	36	60	29	74	63	49	35	56	32	25
	19	65	18	89	36	78	61	14	41	74	30	29
	43	39	95	89	31	95	26	12	85	62	27	15
	23	17	28	72	58	67	60	52	96	19	51	11
	19	53	58	62	48	100	20	89	51	11	89	34
	41	54	24	12	86	95	26	74	46	51	80	79
	15	99	35	10	10	16	43	12	77	11	42	61
	61	94	38	46	91	18	55	60	11	82	44	96
	83	54	96	60	46	53	30	91	28	11	53	58
	12	13	34	48	48	55	58	80	45	71	27	41
	69	18	27	22	87	70	53	36	73	74	88	10
	93	11	13	71	83	90	52	80	36	27	77	64
	53	83	52	69	53	95	36	46	41	31	96	19
	37	73	94	64	55	75	75	41	70	60	88	46
	87	32	93	72	54	61	36	11	46	19	93	56
	62	91	54	47	59	84	33	27	11	25	56	43
	80	49	92	56	11	81	24	79	45	26	37	19
	71	43	41	72	15	65	72	91	95	48	37	71
	39	83	93	99	60	94	92	21	59	96	66	17
	99	47	21	83	75	53	44	50	73	73	62	98
	24	76	58	29	99	61	54	52	14	72	49	40
	48	80	67	77	45	33	52	55	65	30	12	99
	80	22	30	90	75	46	46	51	99	36	43	64

	25	30	88	82	47	65	48	14	26	91	28	17
	83	23	37	66	38	52	59	69	87	13	30	67
	15	31	78	30	48	18	74	17	19	21	51	58
	79	76	49	86	92	73	54	84	86	47	28	53
	79	46	61	75	52	99	57	54	34	31	23	36
	20	79	39	92	99	11	77	62	65	86	87	61
	96	81	49	59	91	33	89	30	88	22	23	56
	59	100	67	69	50	45	92	48	99	78	29	31
	33	22	42	55	47	29	32	62	84	34	92	21
	87	97	23	51	10	74	68	98	89	69	35	86
	85	60	77	99	99	72	78	96	46	93	85	33
	70	76	83	54	50	30	89	34	50	88	83	70
	62	51	38	21	75	97	58	61	65	57	54	33
	15	88	25	87	24	97	79	32	24	34	19	19
	58	60	85	48	88	51	70	14	79	59	93	62
	80	36	29	72	11	55	24	88	39	18	23	11
	89	30	19	65	57	32	15	60	45	94	44	85
	64	87	86	48	56	82	79	65	40	66	51	35
	64	74	29	57	70	75	90	44	26	52	80	79
	14	60	34	87	79	18	28	92	61	55	40	65
	82	88	85	32	72	13	67	67	90	37	18	98
	44	100	26	72	84	100	55	25	74	70	48	52
	21	42	26	85	48	13	87	83	29	51	42	67
	82	51	52	69	23	51	99	36	23	58	89	63
	85	64	90	45	52	97	17	39	15	49	86	43
	29	56	86	51	63	98	50	81	33	66	42	44
	51	89	89	31	40	25	64	13	94	77	84	41
	82	42	71	100	99	44	95	10	31	83	84	24
	25	41	17	52	45	42	15	79	17	39	83	17
	48	99	70	87	23	17	96	91	54	27	77	24

	23	91	48	35	18	40	93	98	76	17	42	37
	75	13	59	85	99	63	47	58	78	70	29	76
	70	18	68	62	75	37	51	31	75	91	60	45
	20	89	73	94	28	68	93	33	66	39	18	94
	76	65	71	99	57	97	76	30	16	18	12	71
	37	49	38	44	42	27	39	12	90	90	29	81
	41	99	70	33	32	26	72	38	53	86	100	98
	98	62	72	31	64	46	34	54	33	85	27	68
	86	62	19	53	29	83	37	97	86	50	79	20
	71	18	68	97	43	97	51	91	94	24	51	63
	91	87	36	90	64	18	59	53	15	15	59	11
	19	85	28	91	56	78	83	71	45	59	53	70
	13	76	38	100	54	67	58	94	86	51	57	17
	44	36	96	38	22	47	77	47	31	78	34	55
	82	50	40	35	86	82	99	36	57	21	86	62
	11	78	95	88	72	44	12	67	10	40	86	66
	99	93	66	89	53	31	22	91	66	42	55	41
	53	86	72	47	35	77	37	54	42	89	96	38
	51	21	81	84	75	65	51	13	96	50	64	18
	82	20	94	51	37	60	16	38	86	69	47	19
	55	52	33	87	44	15	99	23	64	14	47	18
	53	84	23	81	79	64	57	62	43	28	91	14
	88	39	66	87	12	71	24	96	77	41	16	12
	67	39	83	18	87	99	84	88	93	17	86	53
	76	46	76	39	88	22	28	56	58	62	13	28
	38	61	29	55	74	77	73	81	44	29	98	85
	45	38	55	69	75	40	84	93	29	92	61	63
	25	61	96	53	58	45	24	89	21	26	62	72
	40	75	79	93	79	64	54	46	29	12	73	28
	17	93	73	46	37	41	95	14	22	66	58	37

	15	88	85	60	25	83	58	76	19	74	76	83
	46	78	79	83	78	39	21	23	60	51	67	18
	80	38	39	17	76	57	27	42	57	28	16	33
	88	72	58	26	69	44	60	56	98	66	83	94
	86	31	74	77	20	96	90	77	39	40	82	47
	49	60	81	59	24	100	56	76	12	72	39	30
	62	80	41	91	42	45	67	65	80	65	78	94
	44	26	59	67	97	65	58	99	78	34	91	11
	71	91	27	25	77	45	37	36	54	80	52	28
	75	33	95	17	72	40	33	63	30	35	55	81
	78	17	48	99	25	83	22	29	42	44	52	13
	65	28	26	85	43	70	84	72	18	58	21	59
	35	76	52	18	58	66	75	41	76	65	99	35
	26	73	68	20	31	86	29	36	16	98	84	45
	22	17	40	70	13	94	40	20	65	43	80	17
	33	94	76	42	24	65	55	91	72	74	99	74
	72	95	41	83	23	71	41	96	51	18	78	72
	73	16	11	89	36	92	82	59	74	68	45	65
	91	76	49	12	65	14	25	83	26	29	54	97
	40	41	60	53	88	73	71	13	99	41	58	40
	88	46	70	13	20	57	84	93	26	92	18	97
	75	80	91	99	31	83	97	69	80	48	57	75
	12	44	85	47	14	94	25	99	49	73	71	33
	45	56	76	59	57	71	56	63	77	57	35	90
	75	73	11	41	71	25	50	39	40	14	64	98
	14	19	30	31	58	26	21	86	27	89	91	84
	93	64	67	90	78	42	52	74	47	93	30	61
	98	49	84	19	80	24	84	55	19	81	55	54
	37	72	41	44	29	60	87	27	40	22	69	83
	76	10	84	97	69	25	35	57	33	66	80	68

