***** PARAMETERS PRP *****

Number of Customers = 30
Number of Products = 10
Number of Vehicles = 5
Number of Periods = 12

B = Production capacity
	49870

b_p = Time required to produce item p
 	1	1	1	1	1	1	1	1	1	1

c_p = Production cost of item p
 	800	800	300	800	800	300	300	300	800	300

s_p = Setup cost of item p
 	800	800	300	800	800	300	300	300	800	300

M = Big number
	199481

U_pi = Maximum inventory upper bound of item p at site i
 	199481	225	204	118	318	229	259	308	202	229	191	95	154	207	154	244	144	259	223	199	117	320	310	275	234	324	110	159	290	260	241
	199481	224	148	116	106	202	160	97	274	159	114	96	78	183	230	190	145	97	114	121	201	174	152	85	250	135	255	235	182	287	154
	199481	208	354	210	121	244	112	109	112	157	222	100	216	101	212	154	90	113	238	101	101	265	245	105	128	292	273	145	129	244	98
	199481	249	246	208	175	324	226	140	250	216	179	308	324	171	118	165	218	94	327	153	285	237	231	218	143	151	116	124	148	198	311
	199481	178	172	128	259	119	166	234	102	164	132	182	259	153	131	106	284	180	251	189	274	94	207	298	343	211	326	287	282	117	177
	199481	136	120	110	289	228	205	175	262	108	257	204	124	131	115	100	110	160	248	97	114	126	194	213	269	109	115	291	193	101	221
	199481	102	118	142	125	131	156	264	166	270	180	111	234	121	123	110	170	126	275	225	208	128	104	179	249	96	269	317	153	177	171
	199481	164	106	105	263	112	112	155	203	286	188	244	210	190	235	256	77	303	88	190	249	154	218	208	324	132	240	254	108	252	176
	199481	233	155	195	157	175	281	96	102	193	204	79	163	114	185	127	224	229	236	253	170	125	200	110	271	246	103	268	260	147	233
	199481	137	261	88	71	262	286	297	180	119	94	315	117	195	259	305	164	161	208	87	217	122	168	107	162	268	241	107	261	106	188

I_pi0 = Initial inventory of item p at site i
 	0	37	138	96	152	83	167	72	33	179	166	36	143	25	123	240	100	237	113	163	100	166	155	30	73	81	35	95	90	136	236
	0	103	35	95	91	18	25	85	110	15	70	38	60	180	189	118	66	46	35	99	163	43	25	83	22	103	144	27	167	238	137
	0	139	160	201	114	60	109	68	22	100	76	91	89	81	66	129	0	61	224	83	16	51	73	96	39	123	133	125	66	141	89
	0	107	180	161	125	304	210	48	74	174	162	256	294	106	88	83	154	69	307	140	212	74	112	70	97	122	113	87	97	71	106
	0	96	97	72	26	51	127	62	91	164	67	58	200	40	125	35	97	145	85	182	169	15	140	119	144	136	95	95	218	100	117
	0	68	45	37	150	53	205	142	134	98	234	130	99	85	41	26	28	95	102	70	92	93	154	88	193	102	98	52	110	47	58
	0	58	90	140	120	90	36	215	90	189	80	85	60	97	119	62	147	66	158	61	68	69	32	123	178	79	92	109	93	148	14
	0	132	49	75	209	90	66	91	113	133	179	93	88	145	15	253	34	75	0	105	111	72	164	196	273	62	153	137	61	200	90
	0	209	90	186	26	26	69	71	97	78	157	70	126	17	130	85	150	60	53	66	17	62	120	63	86	156	47	235	123	47	98
	0	48	178	17	13	118	151	42	119	69	93	262	96	97	251	207	120	124	49	70	127	78	72	82	100	47	190	82	63	98	144

h_pi = Inventory cost of item p at site i
 	8	9	1	5	5	2	5	6	9	5	6	2	2	4	2	6	6	7	2	4	9	4	4	3	2	1	4	2	6	8	1
	8	3	5	9	6	3	6	3	4	7	3	6	3	5	5	4	9	6	2	4	7	5	2	8	6	4	8	8	3	2	6
	3	5	4	8	7	7	1	8	8	5	4	3	6	9	6	2	2	4	2	9	5	6	1	8	6	6	9	7	5	7	5
	8	8	3	6	4	4	8	8	3	2	5	5	4	5	5	4	4	8	4	4	7	3	1	6	9	7	4	2	6	8	3
	8	5	4	3	2	4	5	8	9	8	8	9	3	7	1	5	3	2	8	2	2	7	1	8	8	8	8	5	1	9	4
	3	6	6	4	3	2	5	9	3	6	8	5	5	1	8	4	7	9	6	8	1	5	8	6	5	5	4	3	7	7	7
	3	1	6	1	3	5	2	9	9	7	3	6	1	4	1	8	9	7	9	1	3	5	1	7	7	4	1	4	9	3	4
	3	4	9	7	8	9	8	7	8	4	7	2	7	8	2	6	9	2	6	7	7	4	8	9	8	8	2	8	1	6	1
	8	4	1	2	9	9	9	9	7	6	6	3	5	8	3	3	4	2	9	3	5	4	9	3	2	2	7	2	9	3	3
	3	2	2	6	7	9	6	2	1	9	8	3	7	3	9	3	5	5	3	9	4	8	8	1	4	8	9	5	1	1	7

C = Vehicle capacity
	3540

f = Fixed transportation cost
	29884

a_ik = Transportation cost for traveling from node i to node k
 	0	450	450	303	424	555	470	688	197	197	467	327	490	437	489	384	430	85	559	284	656	419	445	410	258	597	243	343	406	511	375
	450	0	526	391	152	801	727	295	389	597	358	678	726	371	674	758	326	495	851	665	267	809	742	752	701	182	679	183	682	73	732
	450	526	0	169	624	308	261	555	261	388	205	342	242	171	170	416	216	396	384	379	533	471	310	368	528	539	490	581	254	596	375
	303	391	169	0	469	410	337	500	106	305	186	325	335	148	287	409	161	269	462	335	472	464	358	384	446	451	411	418	297	464	374
	424	152	624	469	0	869	789	438	432	602	484	707	794	488	755	781	446	489	907	681	411	825	792	787	681	322	666	82	736	149	760
	555	801	308	410	869	0	86	862	441	387	511	256	76	476	139	267	518	473	92	316	839	298	125	202	476	840	444	808	150	873	238
	470	727	261	337	789	86	0	808	359	307	458	182	35	420	107	213	459	389	128	242	784	256	66	147	407	778	372	726	65	799	177
	688	295	555	500	438	862	808	0	556	785	352	824	795	389	724	908	351	707	935	831	32	964	845	881	913	116	883	477	784	294	873
	197	389	261	106	432	441	359	556	0	230	280	290	367	246	339	372	248	169	475	282	526	423	361	364	362	488	330	368	305	461	343
	197	597	388	305	602	387	307	785	230	0	490	138	334	452	358	188	465	117	374	88	755	225	267	218	143	714	107	525	243	665	181
	467	358	205	186	484	511	458	352	280	490	0	496	444	41	374	578	43	448	584	515	329	634	498	542	631	338	596	462	438	421	540
	327	678	342	325	707	256	182	824	290	138	496	0	214	455	257	85	481	243	237	61	796	140	132	83	226	769	191	634	125	749	54
	490	726	242	335	794	76	35	795	367	334	444	214	0	407	79	247	447	410	142	273	771	290	101	182	439	769	404	734	92	798	211
	437	371	171	148	488	476	420	389	246	452	41	455	407	0	339	537	47	414	547	475	365	594	459	502	593	368	558	460	398	437	499
	489	674	170	287	755	139	107	724	339	358	374	257	79	339	0	308	381	414	218	312	702	355	170	246	478	704	441	699	135	746	268
	384	758	416	409	781	267	213	908	372	188	578	85	247	537	308	0	564	303	219	102	880	57	148	67	220	853	195	706	174	830	42
	430	326	216	161	446	518	459	351	248	465	43	481	447	47	381	564	0	416	586	495	326	620	494	532	604	324	570	422	433	391	527
	85	495	396	269	489	473	389	707	169	117	448	243	410	414	414	303	416	0	475	202	676	341	362	326	209	626	185	410	324	560	292
	559	851	384	462	907	92	128	935	475	374	584	237	142	547	218	219	586	475	0	292	911	236	117	162	438	905	410	840	171	924	201
	284	665	379	335	681	316	242	831	282	88	515	61	273	475	312	102	495	202	292	0	802	145	192	133	167	769	132	605	183	735	95
	656	267	533	472	411	839	784	32	526	755	329	796	771	365	702	880	326	676	911	802	0	935	819	854	882	90	852	448	758	270	845
	419	809	471	464	825	298	256	964	423	225	634	140	290	594	355	57	620	341	236	145	935	0	190	110	223	907	206	749	225	879	96
	445	742	310	358	792	125	66	845	361	267	498	132	101	459	170	148	494	362	117	192	819	190	0	82	352	807	319	725	63	815	115
	410	752	368	384	787	202	147	881	364	218	542	83	182	502	246	67	532	326	162	133	854	110	82	0	279	833	249	715	117	824	40
	258	701	528	446	681	476	407	913	362	143	631	226	439	593	478	220	604	209	438	167	882	223	352	279	0	834	39	600	349	765	240
	597	182	539	451	322	840	778	116	488	714	338	769	769	368	704	853	324	626	905	769	90	907	807	833	834	0	807	364	745	180	821
	243	679	490	411	666	444	372	883	330	107	596	191	404	558	441	195	570	185	410	132	852	206	319	249	39	807	0	585	314	744	210
	343	183	581	418	82	808	726	477	368	525	462	634	734	460	699	706	422	410	840	605	448	749	725	715	600	364	585	0	671	208	687
	406	682	254	297	736	150	65	784	305	243	438	125	92	398	135	174	433	324	171	183	758	225	63	117	349	745	314	671	0	755	134
	511	73	596	464	149	873	799	294	461	665	421	749	798	437	746	830	391	560	924	735	270	879	815	824	765	180	744	208	755	0	803
	375	732	375	374	760	238	177	873	343	181	540	54	211	499	268	42	527	292	201	95	845	96	115	40	240	821	210	687	134	803	0

coordXY = Coordinates (x,y): line zero => x line one => y column => customers
 	478	327	29	182	478	23	89	58	285	381	53	270	57	70	24	289	95	421	78	329	79	313	146	224	495	168	460	490	147	347	260
	414	837	404	474	837	97	151	958	451	243	607	162	164	570	235	80	609	352	24	173	934	29	118	93	157	924	172	756	180	907	109

d_pit = Demand of item p at customer i in period t
 	37	52	59	77	61	89	67	95	62	23	26	28
	66	72	90	89	69	86	11	11	96	82	61	84
	12	39	45	42	69	83	35	28	22	11	17	70
	96	56	95	80	84	26	53	69	95	14	64	30
	52	31	39	94	25	44	57	69	48	35	99	93
	15	82	70	68	58	52	21	86	89	92	68	77
	56	16	39	88	59	21	67	57	67	97	91	80
	33	68	85	17	26	32	20	78	17	69	63	98
	30	11	39	99	85	83	13	42	98	53	91	42
	89	65	12	81	82	32	97	50	70	25	82	80
	36	97	35	48	27	29	47	34	47	22	75	75
	72	71	13	56	52	49	39	54	28	17	70	95
	25	16	77	32	85	44	77	31	46	93	64	32
	91	32	85	53	40	53	27	50	33	93	36	24
	87	94	39	20	48	95	62	53	66	73	48	47
	47	53	74	22	25	59	24	59	40	20	90	61
	89	86	17	45	25	35	53	42	74	77	29	50
	40	73	65	32	13	37	55	80	81	50	44	99
	87	76	61	32	12	63	27	12	57	49	22	99
	100	59	84	56	57	57	19	33	98	50	34	54
	86	80	32	81	82	42	33	99	37	53	82	62
	95	12	48	53	67	48	64	55	61	49	99	92
	30	21	43	34	41	61	84	30	90	98	55	74
	73	90	23	24	99	90	40	25	85	66	15	71
	81	71	73	84	66	85	15	47	96	27	46	87
	35	82	77	77	53	15	78	18	46	27	77	75
	52	43	48	40	72	23	49	74	62	82	30	62
	66	24	88	56	16	99	55	90	68	45	34	56
	73	22	41	56	95	91	72	78	98	15	77	63
	66	77	93	43	56	46	52	58	90	16	65	62

	48	55	24	96	81	69	35	21	11	27	13	57
	35	50	69	13	40	63	28	47	85	16	50	94
	30	65	42	22	96	46	61	41	86	75	53	77
	22	69	50	76	17	29	82	93	25	62	84	28
	18	12	15	42	97	65	33	14	90	89	90	41
	25	37	32	71	94	38	94	71	24	33	63	59
	85	62	82	24	54	30	62	19	91	11	28	32
	67	43	92	95	12	95	77	82	57	74	66	62
	15	39	35	92	57	36	37	70	80	75	76	22
	70	55	45	51	23	39	85	81	25	71	54	87
	38	23	32	22	83	11	77	50	65	46	85	45
	60	20	82	24	66	12	37	18	49	11	17	74
	89	59	32	39	78	39	24	80	90	93	49	61
	96	93	57	60	59	13	90	39	84	36	19	44
	13	94	11	93	82	48	26	26	89	98	92	86
	66	93	86	37	79	63	58	76	65	77	83	88
	20	26	50	86	22	68	39	56	80	44	30	62
	35	33	70	47	21	91	87	39	72	58	37	91
	56	43	64	85	13	76	72	95	91	14	27	91
	71	48	44	46	99	50	46	84	45	94	88	88
	43	13	31	29	33	54	35	41	32	69	45	96
	25	83	12	38	14	33	73	46	48	86	81	69
	83	28	67	29	42	18	68	74	14	28	23	34
	22	61	19	44	82	56	59	69	13	51	36	88
	84	19	92	70	84	84	85	91	21	92	50	35
	21	20	89	14	48	39	81	59	90	39	42	69
	27	53	97	86	37	92	68	74	41	27	84	18
	73	94	92	45	77	47	84	16	62	95	15	28
	97	66	75	73	48	71	94	97	36	62	56	87
	25	65	29	18	64	29	53	99	51	73	28	82

	66	73	50	82	100	24	38	48	11	16	57	59
	75	85	30	70	85	62	87	81	51	83	68	72
	73	17	26	85	51	13	50	39	58	95	34	89
	85	29	60	74	63	17	64	82	94	44	69	42
	60	55	71	25	98	62	96	22	49	32	96	67
	72	10	27	96	82	56	35	20	70	16	89	99
	68	56	33	26	69	63	49	84	70	50	11	73
	22	95	58	77	97	33	33	63	77	82	15	17
	52	48	57	24	48	94	39	52	43	87	18	64
	52	24	57	34	61	59	98	50	79	39	56	56
	91	68	95	11	91	10	47	37	57	12	44	37
	89	39	77	33	84	70	58	83	76	93	92	71
	81	35	66	22	35	25	35	46	58	93	56	54
	66	16	31	51	61	82	19	44	46	46	12	35
	91	38	76	18	70	19	19	64	26	98	18	79
	97	96	37	82	42	13	56	36	26	13	30	12
	61	65	63	12	91	53	54	42	45	89	64	40
	61	63	86	14	43	62	13	53	69	39	29	40
	83	83	37	11	61	59	27	62	100	12	47	22
	16	87	65	67	45	51	27	42	49	63	23	69
	51	73	34	65	59	53	16	84	38	93	12	58
	73	18	71	74	19	97	19	63	90	87	97	28
	96	57	34	44	74	52	59	28	10	85	70	19
	39	94	97	61	57	86	80	22	84	52	83	12
	54	69	70	34	38	22	41	94	98	72	23	86
	42	91	60	30	24	95	38	12	53	43	81	85
	87	38	22	93	25	57	49	54	10	76	42	27
	37	29	34	70	40	68	83	49	19	27	50	10
	25	25	91	54	97	88	40	65	30	81	83	54
	89	27	54	11	75	65	76	15	11	38	64	61

	31	45	31	44	13	92	31	79	15	91	48	77
	15	36	61	68	17	45	70	85	27	69	68	30
	41	27	93	97	39	44	61	77	92	68	95	98
	45	80	93	17	62	100	11	51	45	98	29	67
	67	92	90	55	85	94	20	60	76	74	22	43
	56	45	87	22	53	66	91	47	62	76	11	62
	48	43	23	45	43	73	60	81	49	26	55	13
	74	54	86	65	77	93	50	35	35	92	19	69
	16	93	65	75	52	40	31	93	68	73	12	30
	82	80	54	62	17	67	11	63	83	43	89	66
	40	49	87	80	96	91	58	60	32	79	44	23
	96	42	61	95	44	51	32	66	72	60	86	72
	29	25	52	89	45	39	94	45	83	49	57	78
	10	78	98	16	63	54	100	69	79	70	51	22
	83	31	71	67	42	16	95	41	87	27	64	36
	43	40	37	34	55	55	39	82	75	66	95	34
	69	27	57	74	50	40	39	37	40	27	68	33
	86	95	46	80	88	99	39	43	12	46	97	54
	56	84	66	56	34	93	25	29	15	73	45	37
	74	99	39	56	14	87	37	37	52	65	27	98
	74	37	48	46	91	49	11	81	84	61	36	94
	85	27	28	41	88	87	77	34	98	49	40	40
	45	25	37	52	73	75	94	74	54	20	62	44
	97	64	26	25	66	53	99	36	27	19	44	15
	34	88	16	82	21	57	27	30	25	74	75	75
	32	81	56	79	26	81	54	24	14	75	79	95
	87	88	75	95	42	79	15	69	48	16	96	32
	64	33	29	30	74	33	24	91	51	27	84	52
	25	46	49	84	54	18	81	23	17	70	60	67
	66	40	97	50	66	90	34	21	67	26	93	97

	38	58	26	56	90	34	87	49	100	34	94	47
	18	44	35	11	58	89	74	93	81	75	94	17
	72	13	47	48	88	95	14	79	98	31	97	88
	26	81	12	59	47	87	74	79	32	96	98	85
	51	30	84	98	65	75	83	34	62	97	11	24
	16	31	80	23	39	36	29	51	21	66	71	34
	62	82	96	77	45	38	24	11	67	99	48	54
	58	33	72	61	36	63	69	21	30	83	34	53
	81	47	36	54	18	69	98	18	63	34	76	63
	67	87	80	48	36	30	82	91	75	98	35	65
	10	31	17	96	86	96	42	99	20	84	65	81
	62	11	89	38	38	58	75	67	77	88	84	89
	20	20	95	93	30	14	67	44	51	85	47	44
	51	11	63	87	11	40	41	86	16	46	55	16
	35	83	29	25	31	77	95	16	61	65	90	29
	55	26	16	93	63	46	88	82	49	35	52	76
	23	59	33	30	27	87	69	56	15	42	33	67
	85	52	42	59	58	44	29	43	24	97	43	27
	50	77	55	14	13	23	93	47	34	47	93	21
	100	69	73	47	72	79	28	11	25	47	92	15
	15	89	82	22	89	45	27	25	35	48	41	48
	74	49	17	80	79	12	18	30	67	51	57	86
	56	63	42	56	67	33	55	23	55	81	93	91
	74	70	77	34	99	92	76	100	64	11	31	96
	35	62	39	82	26	81	91	29	19	22	97	49
	62	33	70	94	80	71	52	49	59	36	80	97
	72	23	92	22	44	69	24	83	71	75	97	16
	75	71	17	55	65	62	52	45	77	77	53	27
	13	87	52	82	80	36	74	68	69	22	85	35
	36	25	56	67	36	98	29	79	79	63	57	82

	31	37	92	72	95	88	69	70	43	60	93	67
	45	87	18	78	50	99	39	99	46	79	68	12
	37	64	64	15	81	63	11	13	98	49	71	96
	93	57	95	70	99	35	80	64	19	17	34	30
	35	18	40	32	28	69	64	25	55	60	62	58
	23	84	98	98	71	76	52	22	63	73	75	85
	54	57	31	20	91	14	41	99	71	61	65	94
	42	92	39	28	27	82	51	70	21	21	98	57
	33	65	55	60	44	87	89	32	51	63	33	37
	76	18	41	99	42	100	53	74	80	64	27	97
	49	81	62	40	41	99	66	23	34	60	11	46
	99	78	96	76	34	80	45	34	58	45	70	30
	42	43	96	97	90	23	76	93	50	34	70	72
	41	76	55	74	64	65	91	43	31	44	55	48
	26	81	76	57	49	79	77	22	50	36	21	23
	28	93	69	40	42	35	57	36	51	93	66	49
	58	37	79	59	32	28	70	61	69	39	32	75
	28	74	99	37	76	48	68	36	17	22	16	74
	20	50	91	45	88	15	88	26	10	66	19	64
	92	73	24	68	94	13	35	69	15	73	99	31
	63	30	70	82	83	95	10	58	74	51	74	64
	12	53	89	92	17	52	76	27	53	14	32	64
	88	68	42	48	62	77	94	59	77	91	91	54
	90	82	21	25	64	91	40	71	30	61	15	55
	78	24	60	63	59	22	33	56	97	38	27	99
	98	27	35	42	74	64	96	87	59	18	78	14
	52	30	43	70	51	25	93	73	98	35	58	71
	28	82	17	37	80	41	97	83	61	81	76	89
	47	87	90	68	60	97	22	24	17	11	53	32
	58	31	67	45	87	79	86	10	47	38	23	91

	46	12	88	92	55	96	44	37	13	41	23	65
	35	55	88	70	63	61	61	34	49	83	85	22
	29	32	45	34	78	21	52	56	41	83	87	10
	75	45	25	96	31	81	58	59	96	12	75	94
	90	64	24	75	92	24	70	88	42	66	57	95
	36	85	14	24	64	74	73	14	31	81	58	69
	51	31	69	64	34	76	66	70	45	37	18	73
	39	29	22	95	15	90	99	31	76	52	55	62
	98	91	33	93	63	98	46	44	67	46	51	81
	17	63	85	41	93	62	43	87	83	33	66	45
	85	31	22	26	90	93	93	28	67	70	11	47
	60	25	40	15	10	55	17	80	60	44	59	96
	97	67	44	95	62	83	74	45	53	42	45	17
	40	79	11	59	97	58	83	51	25	58	97	82
	39	23	92	97	45	23	60	92	18	68	30	70
	57	90	34	15	80	15	10	29	35	22	49	74
	66	67	94	61	94	98	72	32	27	58	12	72
	44	76	38	33	66	90	48	83	21	40	73	48
	61	18	96	69	82	16	51	36	90	46	44	66
	37	31	65	23	75	97	68	84	31	74	21	17
	69	92	82	61	54	61	63	73	98	29	30	56
	32	94	82	38	29	49	41	80	48	20	73	37
	49	55	19	60	62	51	70	31	29	21	69	21
	80	50	48	84	94	56	30	38	87	28	82	70
	13	66	14	76	18	20	31	71	44	94	85	46
	35	57	77	35	73	59	21	58	79	58	73	21
	95	14	57	67	78	47	77	68	91	64	76	26
	10	25	58	78	56	11	80	57	98	31	36	70
	65	83	89	85	74	47	32	47	18	66	84	17
	14	48	53	75	78	41	97	57	33	76	81	30

	43	89	97	30	90	65	61	25	54	51	11	38
	49	53	76	26	37	91	26	44	37	91	41	67
	57	18	23	91	13	16	44	79	91	81	39	78
	85	48	76	63	19	52	25	29	76	79	58	22
	90	75	49	84	26	16	31	77	94	52	36	41
	66	82	26	37	71	15	80	44	58	61	59	74
	91	97	99	54	96	27	77	96	31	71	95	94
	43	70	10	59	65	91	16	35	66	77	41	35
	29	36	68	65	26	74	41	53	77	40	78	99
	85	94	58	35	92	100	63	43	76	31	17	58
	43	33	17	34	51	90	26	38	68	84	22	80
	28	19	41	47	84	47	32	75	66	25	70	97
	86	59	93	17	80	60	40	29	82	77	41	96
	15	80	40	22	64	48	35	83	38	78	20	42
	87	13	96	57	53	93	37	64	91	31	72	74
	34	47	27	52	22	13	25	38	90	11	37	67
	41	34	95	32	82	78	36	45	61	84	52	87
	98	40	21	31	63	60	54	36	25	65	12	21
	33	72	16	16	26	16	100	38	25	22	33	59
	21	90	68	11	42	27	18	94	17	98	60	51
	21	51	83	20	83	24	79	76	17	81	22	57
	43	41	80	85	10	89	17	69	64	58	32	65
	34	65	81	16	23	68	48	58	69	42	27	92
	39	81	82	71	16	85	56	46	86	53	63	99
	42	20	99	75	60	75	12	20	26	23	41	34
	44	28	69	12	82	61	73	36	35	74	13	49
	22	89	26	26	99	87	46	81	46	29	33	25
	61	62	54	98	34	28	74	17	40	81	49	51
	47	82	71	41	67	62	38	30	69	95	99	56
	36	54	91	82	45	50	31	11	99	85	76	42

	74	60	75	72	88	32	51	46	58	13	67	63
	90	75	13	77	83	68	99	96	96	98	49	87
	35	56	95	39	84	82	70	59	63	68	96	34
	26	82	54	68	79	63	60	22	54	71	12	37
	26	20	86	96	58	89	26	90	67	30	93	18
	69	46	60	71	25	17	92	61	26	97	29	81
	71	55	38	18	57	87	67	18	58	20	75	14
	97	30	62	15	77	48	37	28	14	62	73	68
	34	44	47	83	22	77	34	92	65	11	43	28
	69	65	23	80	95	50	33	42	81	41	11	22
	13	34	23	79	12	89	55	40	12	14	31	74
	54	14	58	68	76	55	81	83	30	50	43	38
	17	64	87	38	67	90	81	25	72	64	15	65
	88	42	68	13	81	80	14	90	98	43	77	46
	30	55	49	96	75	51	57	99	83	69	30	67
	92	26	32	36	57	75	10	20	30	68	70	21
	45	15	56	50	96	73	32	86	85	17	46	86
	53	24	42	80	99	48	21	55	88	72	32	94
	24	42	47	29	36	41	68	15	56	88	79	82
	17	77	18	75	68	42	80	51	55	47	58	91
	62	83	48	20	77	94	87	22	45	80	58	71
	51	69	29	56	50	75	10	85	17	36	38	83
	15	48	64	56	76	72	30	63	95	56	44	40
	38	48	33	28	83	43	98	71	14	26	83	85
	13	97	46	25	93	94	58	25	19	43	15	62
	47	58	12	33	49	89	23	74	60	15	94	65
	76	32	65	62	46	19	27	80	85	32	35	83
	23	100	75	72	90	64	95	57	78	41	12	73
	29	18	61	73	74	64	21	18	36	36	67	91
	19	57	22	44	67	41	56	10	51	70	38	83

	48	53	49	23	91	40	29	78	38	54	27	18
	50	60	55	13	87	37	89	73	63	17	54	28
	17	22	24	39	65	54	50	57	63	20	96	21
	13	80	17	18	12	38	61	81	42	23	18	20
	67	51	52	14	95	82	46	78	71	89	44	98
	55	96	62	70	49	51	55	22	86	53	58	30
	42	56	79	80	76	70	52	27	66	15	64	86
	89	30	80	28	97	80	64	55	56	59	35	45
	69	67	12	36	26	61	97	92	99	95	24	36
	53	11	29	44	72	51	71	84	18	80	19	34
	99	74	89	54	24	81	35	91	44	58	27	80
	96	48	69	73	33	77	47	43	45	53	59	57
	97	36	67	89	79	44	40	53	98	31	64	83
	91	78	82	57	25	67	41	83	41	95	44	72
	56	10	86	55	66	87	38	75	55	90	54	60
	48	36	36	61	36	90	43	88	33	77	17	92
	37	16	71	78	28	14	36	69	73	64	90	69
	49	68	21	37	25	14	34	90	90	33	11	28
	70	76	23	31	27	24	31	59	32	11	80	58
	70	45	12	44	27	47	88	54	21	73	84	87
	78	94	11	44	68	86	62	89	64	15	68	55
	72	73	33	58	52	29	34	39	27	43	20	24
	82	72	17	82	39	97	26	75	45	40	27	41
	41	17	19	23	19	51	12	44	67	86	45	61
	47	84	83	50	64	41	61	68	27	70	12	35
	49	62	79	59	24	16	30	45	68	35	96	15
	66	16	80	12	89	51	67	29	79	57	39	56
	63	23	76	95	47	58	95	53	44	21	29	23
	98	77	42	33	26	31	35	86	33	20	86	69
	69	75	61	43	11	85	49	88	43	83	54	92

