***** PARAMETERS PRP *****

Number of Customers = 30
Number of Products = 10
Number of Vehicles = 5
Number of Periods = 12

B = Production capacity
	48630

b_p = Time required to produce item p
 	1	1	1	1	1	1	1	1	1	1

c_p = Production cost of item p
 	300	300	800	300	300	800	800	300	800	800

s_p = Setup cost of item p
 	300	300	800	300	300	800	800	300	800	800

M = Big number
	194521

U_pi = Maximum inventory upper bound of item p at site i
 	194521	165	160	207	128	159	272	191	90	184	148	106	98	281	238	226	127	193	274	111	140	206	107	163	160	106	254	141	253	110	170
	194521	109	222	143	282	180	293	88	291	140	155	251	131	291	86	264	155	302	155	328	106	238	162	130	229	308	100	239	149	101	158
	194521	110	225	283	141	102	182	207	105	104	149	153	137	205	135	173	115	102	215	230	157	258	245	115	143	97	271	144	294	240	108
	194521	202	217	112	188	208	115	355	98	259	110	158	233	312	210	215	116	195	169	313	152	98	271	321	163	175	296	113	315	152	211
	194521	273	213	161	184	121	189	168	160	286	124	191	92	262	279	216	159	202	162	129	199	306	103	229	206	257	254	221	191	115	123
	194521	124	241	221	106	316	213	145	115	107	288	182	275	263	126	199	242	268	353	213	197	107	135	254	151	104	253	109	158	121	133
	194521	281	131	110	209	106	119	122	103	143	105	246	273	107	254	281	269	281	92	162	165	96	188	159	110	252	145	340	187	132	127
	194521	119	220	101	327	118	112	112	111	99	151	230	187	200	215	200	104	258	310	180	121	148	99	266	127	302	342	114	221	283	210
	194521	187	103	277	270	105	177	146	280	278	257	92	254	183	103	117	152	135	174	174	195	152	229	132	275	120	81	244	298	221	194
	194521	203	288	115	213	145	102	137	229	316	185	125	252	131	153	250	133	310	207	179	251	214	112	169	292	229	106	202	288	101	207

I_pi0 = Initial inventory of item p at site i
 	0	94	68	102	94	67	156	88	17	87	144	77	85	75	211	174	91	115	115	31	102	170	105	140	149	10	73	82	107	37	154
	0	55	216	30	153	56	54	82	286	38	84	66	127	148	18	156	24	121	135	111	47	232	117	50	17	73	69	207	111	101	134
	0	77	213	239	99	15	94	65	74	70	68	146	68	199	105	15	96	90	186	177	121	95	74	82	86	0	243	73	183	215	26
	0	142	159	54	20	65	110	121	61	236	92	81	197	37	99	161	93	165	125	71	121	70	25	80	163	150	228	84	252	86	137
	0	245	140	142	72	98	149	91	99	73	75	24	72	80	58	35	156	184	62	74	137	168	32	203	132	135	239	113	90	111	62
	0	79	93	24	63	63	61	66	61	44	209	83	79	19	11	126	115	73	144	12	121	59	44	66	68	35	224	78	73	102	42
	0	274	75	39	139	60	92	115	99	142	53	178	102	77	42	41	107	262	86	128	152	89	156	35	20	145	108	181	65	58	117
	0	69	70	61	113	73	81	35	69	83	102	177	30	19	208	105	82	74	116	128	112	125	41	162	92	119	246	102	17	63	128
	0	86	99	237	11	70	95	37	141	75	156	57	248	134	68	70	76	100	140	172	18	54	199	87	92	40	41	67	119	69	25
	0	172	26	91	208	111	87	53	73	170	117	79	17	125	99	171	69	47	70	38	215	184	88	117	45	185	42	137	136	54	178

h_pi = Inventory cost of item p at site i
 	3	3	6	3	2	9	5	4	5	9	4	4	2	5	5	5	8	7	1	3	5	5	9	4	7	1	7	1	7	4	7
	3	3	7	9	3	7	9	8	5	2	6	5	5	8	8	9	7	5	5	3	5	6	6	1	4	1	3	5	4	2	9
	8	3	5	9	9	2	6	1	1	6	1	8	3	9	8	7	2	3	6	7	4	6	7	9	9	7	3	3	7	5	6
	3	6	7	7	6	2	3	7	8	3	2	2	8	5	4	1	2	1	7	7	2	9	4	8	2	7	1	9	5	4	9
	3	5	4	6	8	1	5	3	4	7	3	1	4	8	1	2	4	3	1	1	4	5	6	1	5	3	7	3	4	8	7
	8	4	3	7	4	8	2	1	1	1	6	7	5	8	9	8	6	3	2	6	6	9	6	6	2	8	3	4	3	9	5
	8	8	9	9	8	3	9	2	9	6	3	4	1	3	8	8	8	5	3	6	4	5	2	8	4	1	7	7	6	9	2
	3	4	9	7	1	8	5	3	8	7	7	5	2	7	1	8	2	1	4	2	9	1	9	5	6	7	4	6	1	8	9
	8	2	1	6	2	6	7	7	1	6	2	5	4	5	2	2	9	6	3	8	9	3	8	4	5	2	5	7	7	8	6
	8	5	3	8	5	6	6	8	9	9	1	6	8	6	3	4	8	9	8	1	4	9	5	6	4	5	4	7	7	5	1

C = Vehicle capacity
	3550

f = Fixed transportation cost
	27435

a_ik = Transportation cost for traveling from node i to node k
 	0	48	478	304	257	396	187	206	409	205	183	491	330	599	481	181	315	358	590	598	421	123	210	607	252	204	570	346	452	304	387
	48	0	455	326	265	360	204	212	422	168	159	500	321	640	449	133	336	331	629	622	456	77	229	648	248	207	615	376	435	351	434
	478	455	0	398	311	168	378	326	343	301	296	338	193	772	103	412	392	127	734	546	572	452	382	795	263	316	818	474	64	674	722
	304	326	398	0	107	434	123	139	127	334	267	214	208	391	464	411	14	342	362	296	184	389	97	411	170	153	422	81	341	311	338
	257	265	311	107	0	329	83	53	160	235	170	236	119	496	366	325	108	239	468	377	289	315	76	515	64	61	521	186	261	366	412
	396	360	168	434	329	0	365	317	427	192	224	452	241	824	102	279	433	99	794	652	617	333	380	844	266	302	848	514	203	651	716
	187	204	378	123	83	365	0	52	224	227	163	307	191	481	419	292	133	287	460	418	279	267	27	497	115	65	488	184	333	298	353
	206	212	326	139	53	317	52	0	212	195	129	288	142	519	367	277	145	236	494	424	313	264	64	535	64	16	532	213	283	349	404
	409	422	343	127	160	427	224	212	0	383	322	88	188	432	429	482	114	329	392	229	244	475	203	458	202	220	493	166	280	431	447
	205	168	301	334	235	192	227	195	383	0	67	442	222	708	283	117	339	175	686	608	505	152	250	723	182	181	709	407	295	480	553
	183	159	296	267	170	224	163	129	322	67	0	386	176	643	301	163	273	175	620	545	439	174	185	659	121	115	648	341	276	430	499
	491	500	338	214	236	452	307	288	88	442	386	0	227	472	434	548	201	355	428	209	304	547	287	500	265	294	547	243	275	514	524
	330	321	193	208	119	241	191	142	188	222	176	227	0	593	257	335	204	143	559	415	388	349	192	615	81	136	630	287	143	484	530
	599	640	772	391	496	824	481	519	432	708	643	472	593	0	848	759	392	731	49	322	208	716	459	31	559	534	121	310	710	355	282
	481	449	103	464	366	102	419	367	429	283	301	434	257	848	0	378	460	133	814	641	644	430	429	871	308	355	885	543	160	714	771
	181	133	412	411	325	279	292	277	482	117	163	548	335	759	378	0	419	286	743	700	566	67	318	770	283	266	742	475	411	484	566
	315	336	392	14	108	433	133	145	114	339	273	201	204	392	460	419	0	340	361	286	185	398	107	412	171	158	427	83	334	322	347
	358	331	127	342	239	99	287	236	329	175	175	355	143	731	133	286	340	0	699	553	524	326	299	751	179	223	760	422	130	582	640
	590	629	734	362	468	794	460	494	392	686	620	428	559	49	814	743	361	699	0	273	182	704	436	80	531	509	163	283	672	366	300
	598	622	546	296	377	652	418	424	229	608	545	209	415	322	641	700	286	553	273	0	244	684	393	352	428	435	425	261	483	506	481
	421	456	572	184	289	617	279	313	244	505	439	304	388	208	644	566	185	524	182	244	0	530	255	228	352	328	250	103	511	264	240
	123	77	452	389	315	333	267	264	475	152	174	547	349	716	430	67	398	326	704	684	530	0	293	725	285	255	692	445	443	425	509
	210	229	382	97	76	380	27	64	203	250	185	287	192	459	429	318	107	299	436	393	255	293	0	475	122	79	469	159	334	292	343
	607	648	795	411	515	844	497	535	458	723	659	500	615	31	871	770	412	751	80	352	228	725	475	0	578	550	96	330	734	351	273
	252	248	263	170	64	266	115	64	202	182	121	265	81	559	308	283	171	179	531	428	352	285	122	578	0	56	583	249	220	412	465
	204	207	316	153	61	302	65	16	220	181	115	294	136	534	355	266	158	223	509	435	328	255	79	550	56	0	547	227	274	361	418
	570	615	818	422	521	848	488	532	493	709	648	547	630	121	885	742	427	760	163	425	250	692	469	96	583	547	0	344	759	288	204
	346	376	474	81	186	514	184	213	166	407	341	243	287	310	543	475	83	422	283	261	103	445	159	330	249	227	344	0	415	274	282
	452	435	64	341	261	203	333	283	280	295	276	275	143	710	160	411	334	130	672	483	511	443	334	734	220	274	759	415	0	626	670
	304	351	674	311	366	651	298	349	431	480	430	514	484	355	714	484	322	582	366	506	264	425	292	351	412	361	288	274	626	0	88
	387	434	722	338	412	716	353	404	447	553	499	524	530	282	771	566	347	640	300	481	240	509	343	273	465	418	204	282	670	88	0

coordXY = Coordinates (x,y): line zero => x line one => y column => customers
 	40	50	489	285	286	346	205	240	411	189	206	498	369	235	447	78	298	363	276	499	257	39	219	209	291	241	115	270	481	0	19
	407	361	245	586	480	157	493	455	579	267	331	582	396	973	152	231	587	254	947	790	767	285	515	989	417	440	972	665	308	708	793

d_pit = Demand of item p at customer i in period t
 	51	28	15	11	95	84	31	70	45	91	59	78
	15	53	99	78	46	45	77	61	35	15	28	87
	63	39	20	73	38	87	32	46	90	31	32	69
	94	99	99	18	25	95	65	98	42	77	29	25
	67	61	91	14	40	16	22	35	87	20	92	91
	76	80	26	70	33	70	94	66	31	100	90	79
	88	43	19	69	55	80	71	37	14	75	11	12
	17	16	89	42	87	12	65	49	64	43	33	24
	87	91	43	79	30	81	80	54	31	40	90	31
	43	32	69	12	55	54	79	44	28	30	58	88
	42	35	31	78	42	29	73	34	34	73	85	79
	85	64	58	27	100	12	37	18	28	92	50	18
	12	63	38	74	48	60	44	50	71	85	76	54
	92	44	24	51	45	60	73	68	77	80	68	32
	39	85	50	84	20	29	48	46	52	94	83	47
	33	34	24	70	76	22	11	38	80	68	32	21
	76	39	73	53	91	86	34	28	47	84	82	80
	91	24	29	43	49	84	52	100	30	52	72	31
	31	35	20	26	61	11	56	67	16	22	53	44
	26	76	40	63	46	49	17	82	19	44	32	67
	57	56	57	75	19	20	67	60	34	37	69	67
	61	44	52	68	27	60	38	74	50	49	99	18
	55	50	35	41	34	62	55	13	77	96	85	48
	66	22	61	49	12	80	67	60	73	65	11	73
	10	95	28	61	76	74	38	89	43	28	18	73
	55	18	50	77	34	85	42	66	35	93	37	17
	82	69	36	15	76	76	15	10	89	22	21	53
	78	29	31	37	81	11	45	58	35	78	43	81
	37	86	28	89	47	95	46	46	38	39	45	62
	65	48	41	59	29	38	59	48	67	77	73	74

	55	94	26	75	54	12	83	71	41	29	70	44
	68	75	17	56	21	97	71	45	28	80	69	40
	30	24	31	11	86	84	22	65	44	71	66	38
	72	41	40	41	66	47	74	80	45	98	24	48
	56	22	60	26	25	33	20	14	15	31	33	98
	54	54	22	16	82	84	45	90	72	80	58	45
	82	36	63	39	83	18	48	20	44	60	20	12
	25	95	83	83	20	72	34	93	78	41	40	34
	38	36	32	13	41	85	34	54	92	29	78	27
	84	75	30	77	65	35	36	56	33	16	77	35
	66	15	14	31	71	89	72	55	53	16	93	27
	63	64	23	17	60	74	10	16	58	81	28	28
	54	94	41	24	59	71	86	91	49	54	33	42
	18	99	84	25	12	19	26	67	73	20	36	38
	45	22	89	11	82	68	47	84	59	44	66	16
	24	73	48	63	24	18	55	33	85	82	81	35
	34	63	24	79	90	98	41	34	79	80	41	62
	21	50	64	46	58	53	51	87	41	21	78	49
	46	65	63	23	37	74	95	99	72	43	95	74
	19	28	72	41	77	15	72	20	73	91	80	50
	70	31	48	83	96	56	96	85	50	38	14	48
	22	73	22	58	91	69	51	13	100	40	96	11
	31	19	66	47	86	25	12	72	26	18	81	36
	17	77	22	81	98	19	91	96	27	90	28	42
	73	12	56	80	37	85	82	73	54	52	78	56
	59	10	61	88	15	56	32	45	96	10	74	54
	32	98	77	56	83	38	60	50	55	60	23	84
	41	70	86	14	83	31	30	84	40	32	14	69
	16	85	87	88	26	11	17	19	37	66	97	54
	34	100	30	11	99	41	33	41	83	27	98	34

	50	27	60	54	47	49	20	10	12	41	35	34
	16	58	53	86	69	39	37	91	56	32	96	41
	98	29	46	66	87	31	82	93	85	46	90	96
	99	81	32	63	33	65	31	43	45	16	18	39
	15	21	65	62	25	30	72	95	58	65	88	18
	39	55	47	82	14	97	39	83	89	40	79	62
	50	15	29	85	32	91	49	18	62	28	92	70
	74	72	30	93	48	90	19	65	39	24	48	25
	55	15	63	94	45	44	26	68	61	82	52	21
	30	38	99	50	93	56	67	43	12	22	24	63
	71	75	28	13	16	73	21	23	87	24	98	83
	46	22	76	32	29	77	26	67	87	16	12	59
	14	73	27	85	18	13	19	43	59	84	84	95
	85	20	17	52	36	65	49	21	75	75	31	15
	15	92	97	24	35	23	81	69	94	34	74	53
	96	44	15	92	61	92	31	74	39	23	82	43
	90	44	14	65	74	32	17	81	66	12	65	54
	22	79	85	81	74	90	18	47	11	60	22	56
	14	91	72	81	24	99	80	82	43	15	63	26
	21	38	62	28	42	36	98	43	76	63	69	52
	95	23	34	25	46	36	56	69	62	44	97	33
	74	25	76	90	14	25	59	30	31	70	59	35
	82	63	31	68	56	29	60	83	29	43	78	70
	86	14	60	100	15	35	34	62	23	60	18	63
	99	68	25	33	25	20	14	84	24	73	44	70
	71	93	79	88	97	82	48	52	58	59	40	47
	73	91	36	68	71	86	76	70	57	68	93	77
	55	73	55	25	14	95	90	96	20	71	86	25
	61	99	55	29	48	57	28	49	57	15	59	18
	26	17	12	88	90	58	22	28	27	24	11	27

	57	12	73	20	62	43	33	57	66	51	90	41
	73	86	87	85	93	61	96	82	89	61	11	43
	30	24	92	56	60	59	88	58	39	14	50	100
	20	32	35	22	63	58	70	24	52	81	46	60
	65	96	76	71	57	98	97	50	76	47	32	65
	79	31	45	27	45	92	94	20	71	76	18	89
	59	62	89	89	81	61	89	80	73	45	48	77
	61	76	20	52	24	95	53	31	41	12	98	25
	65	90	81	35	21	43	27	90	38	37	58	37
	92	27	90	42	22	94	35	42	80	60	64	13
	52	29	91	17	17	62	48	60	91	50	56	58
	41	17	97	42	79	53	97	44	72	48	60	49
	37	97	82	82	11	47	81	52	84	78	74	23
	21	24	54	78	41	36	66	41	70	65	67	66
	46	82	33	35	45	28	75	36	93	90	70	11
	32	61	76	51	80	75	20	39	41	52	72	99
	86	79	25	93	59	41	35	54	24	12	16	62
	67	18	40	56	31	21	76	72	92	98	94	12
	71	64	78	29	91	91	41	15	80	47	48	97
	55	31	35	78	55	47	74	74	66	22	27	44
	36	34	48	57	44	92	39	75	51	35	42	37
	25	91	93	39	17	80	88	61	30	15	94	17
	80	36	38	78	67	90	83	48	71	64	39	77
	83	80	55	18	53	36	68	30	81	76	63	10
	49	57	44	37	17	92	37	12	74	13	52	42
	80	76	72	45	43	78	97	93	23	36	33	35
	84	44	55	49	14	36	10	68	89	77	75	76
	74	95	41	42	40	24	94	95	92	49	70	41
	86	73	12	11	51	81	40	18	73	26	38	100
	51	42	44	92	53	62	31	11	97	41	37	71

	97	77	71	33	95	92	70	12	59	93	57	63
	51	89	44	18	23	43	74	75	69	13	82	58
	47	10	85	83	20	63	36	25	62	15	26	11
	34	38	63	53	48	92	59	50	35	35	27	18
	98	81	46	55	55	42	81	65	24	95	29	52
	27	94	28	70	47	51	95	93	55	39	56	99
	91	88	11	41	61	94	35	85	11	18	43	92
	44	35	20	21	17	63	37	48	77	21	84	14
	73	60	33	90	53	73	22	23	96	66	81	16
	75	48	59	94	54	50	31	13	88	83	82	66
	24	99	97	88	72	49	25	75	87	61	34	54
	55	17	50	33	61	90	12	70	54	56	38	14
	80	60	96	67	64	53	58	38	100	89	13	67
	58	87	26	53	75	13	27	73	79	12	70	97
	35	75	75	17	74	14	59	44	40	97	72	45
	36	98	22	34	17	80	48	46	75	66	55	60
	25	66	93	86	23	42	50	23	23	25	67	83
	45	17	46	35	93	61	98	63	27	21	48	94
	38	36	73	16	46	93	72	97	93	42	78	89
	22	70	35	10	88	35	35	16	10	27	93	36
	11	40	21	96	67	99	31	90	79	75	76	49
	32	93	59	13	69	96	48	82	21	22	25	55
	23	40	43	97	11	25	13	33	57	45	88	74
	90	42	78	87	73	92	70	18	72	97	74	32
	34	57	44	46	84	61	67	93	41	30	37	22
	70	83	86	82	78	34	33	96	39	48	19	95
	80	33	24	66	39	18	63	36	55	45	39	32
	14	76	83	86	41	31	18	49	14	16	19	11
	63	48	88	33	73	68	16	26	71	22	84	96
	62	79	51	46	78	37	12	88	70	91	96	25

	79	96	47	15	46	48	92	48	97	100	20	57
	82	11	32	30	79	48	97	19	63	89	83	91
	24	84	32	37	88	63	16	61	31	56	93	79
	63	52	84	20	57	86	97	14	36	47	37	45
	21	42	59	97	50	94	100	15	89	93	23	76
	61	75	88	17	21	12	94	51	10	81	98	31
	66	83	88	92	86	39	61	94	87	66	43	65
	61	67	20	17	77	95	72	55	32	84	98	12
	44	37	23	93	55	17	72	73	53	33	83	60
	50	76	83	55	60	67	64	64	41	57	18	56
	10	73	59	43	85	69	40	17	73	82	83	93
	79	56	20	15	71	82	84	67	14	41	38	94
	19	27	47	73	21	13	19	77	52	89	100	93
	11	95	91	76	89	87	16	50	85	41	38	79
	84	42	61	21	46	96	25	30	67	35	13	76
	40	75	22	90	80	73	38	40	67	55	60	85
	54	19	54	30	89	79	52	61	55	49	35	67
	26	28	90	84	88	21	89	84	91	73	94	80
	12	83	30	39	57	53	42	57	76	30	99	62
	32	15	44	30	55	64	90	15	39	46	22	20
	59	63	18	76	94	52	15	39	59	48	74	47
	44	94	89	43	65	88	85	47	81	91	29	51
	30	36	49	45	67	82	87	23	32	71	27	60
	68	85	36	18	11	72	16	41	17	68	99	73
	35	91	16	53	44	12	56	21	50	84	78	85
	70	96	58	74	43	51	19	66	57	25	30	17
	78	46	19	88	20	23	73	36	73	84	14	98
	73	18	48	68	27	69	38	23	81	50	81	57
	49	14	39	71	74	92	27	86	39	86	78	69
	42	11	47	25	60	55	34	37	38	77	30	77

	100	94	49	31	63	79	25	78	58	14	48	35
	75	37	39	77	41	93	84	59	99	53	42	87
	39	19	58	16	92	14	11	42	41	30	67	10
	50	60	29	83	25	13	75	49	43	41	98	62
	60	68	98	15	81	23	28	66	77	42	29	48
	92	13	80	83	39	60	42	53	45	94	77	35
	28	50	37	59	87	17	39	42	25	68	20	14
	62	21	16	29	45	95	89	62	29	66	64	40
	68	74	80	21	29	34	52	33	22	70	26	61
	36	17	29	44	47	27	80	75	97	33	71	71
	63	33	21	61	34	72	23	68	80	72	14	50
	86	16	76	81	69	39	83	47	35	22	40	61
	45	32	13	88	41	77	83	57	59	39	70	39
	42	54	50	98	52	59	66	87	94	23	68	70
	41	92	79	63	91	38	58	11	22	94	49	37
	18	89	96	15	77	14	74	95	21	26	87	33
	42	42	100	78	73	14	40	47	77	62	77	23
	86	23	56	82	93	20	41	63	15	23	33	18
	62	66	53	30	46	80	41	55	11	57	57	91
	17	79	56	59	62	35	77	85	85	22	66	18
	89	41	48	15	38	55	75	75	32	36	19	50
	30	31	95	61	17	34	65	98	12	66	39	16
	35	11	59	54	37	55	11	47	81	99	49	99
	20	94	67	60	87	33	74	47	23	80	59	16
	75	48	22	53	24	51	43	34	78	54	48	74
	36	25	14	33	23	63	34	18	25	33	31	12
	87	94	76	79	80	61	86	61	44	52	16	79
	65	16	11	67	46	95	24	80	70	99	86	87
	58	63	28	32	16	24	70	14	70	44	59	51
	60	57	67	100	70	75	45	52	22	89	97	29

	43	26	24	82	53	31	31	37	24	23	52	50
	13	57	25	91	58	99	33	64	84	54	34	47
	61	99	34	12	48	88	20	15	15	94	100	21
	70	43	82	84	70	39	99	15	92	98	53	39
	73	54	85	50	19	57	51	87	95	29	46	61
	81	76	53	97	89	53	22	10	98	10	40	42
	35	53	49	33	49	69	60	97	80	21	49	76
	69	63	26	67	25	59	75	12	96	42	69	60
	38	45	84	57	22	22	43	44	14	91	52	82
	64	38	54	94	47	22	99	27	32	43	13	71
	22	68	36	51	28	47	37	48	21	74	44	76
	30	70	21	99	51	74	40	96	57	62	72	76
	19	46	15	36	31	45	67	36	44	23	50	67
	72	42	94	77	88	30	67	18	46	19	65	26
	33	11	61	76	41	57	39	44	49	56	92	41
	82	45	50	17	67	51	27	95	18	63	13	97
	74	15	67	17	84	62	96	49	60	35	16	44
	54	52	10	77	43	88	89	80	61	96	74	19
	50	78	89	48	49	89	40	85	44	57	66	24
	77	16	19	60	17	98	41	17	21	12	74	33
	98	27	92	66	41	41	78	46	23	39	19	23
	31	10	44	66	51	27	31	91	11	91	66	74
	85	58	19	95	92	47	11	74	32	31	52	42
	25	67	48	65	17	98	84	84	83	76	38	74
	90	29	10	49	74	54	85	77	86	46	94	30
	99	98	49	50	34	74	60	90	67	16	90	94
	11	91	82	65	92	98	10	31	77	95	14	15
	17	38	32	79	37	54	48	83	28	14	28	72
	63	58	22	91	45	68	66	41	87	70	33	36
	63	30	35	26	32	74	11	27	67	23	18	97

	86	83	47	91	61	93	24	30	91	34	68	41
	99	16	64	11	68	52	78	55	33	26	56	62
	99	97	41	56	73	62	33	70	24	45	52	12
	11	31	93	31	88	81	89	31	90	78	89	99
	70	69	42	51	21	78	52	15	55	60	75	44
	95	77	44	69	79	43	76	34	44	50	45	51
	37	41	16	72	78	36	37	25	96	58	13	75
	75	29	37	61	98	43	80	56	48	37	31	76
	25	50	94	72	67	74	40	59	59	69	29	30
	10	95	51	54	12	40	38	39	81	61	91	44
	38	19	13	85	67	69	40	60	18	52	67	22
	40	87	46	75	19	48	74	34	66	70	10	41
	77	57	28	20	47	38	51	42	41	46	27	76
	13	55	85	72	20	47	82	21	46	77	33	67
	56	14	24	96	26	15	21	36	63	40	36	41
	39	37	33	54	43	23	56	45	66	55	65	93
	52	48	58	19	15	82	16	55	57	61	49	28
	21	86	33	99	17	53	30	61	61	97	76	61
	92	16	64	52	96	39	73	86	22	37	23	96
	18	81	22	54	52	88	17	93	41	49	22	47
	54	29	36	69	36	74	82	34	77	63	39	13
	29	85	85	69	23	19	47	72	39	94	86	39
	87	22	88	66	96	83	100	33	78	66	45	30
	92	65	44	42	24	87	16	75	71	69	44	30
	27	13	19	46	41	23	90	27	41	63	67	23
	41	66	20	69	77	18	20	26	50	38	32	31
	46	21	24	21	48	83	48	49	46	64	79	57
	54	65	67	90	81	48	45	76	52	60	55	21
	69	19	29	64	20	33	16	68	60	38	65	49
	25	83	27	76	51	14	78	37	17	63	89	22

	74	98	69	38	43	98	95	76	75	34	28	83
	26	14	76	76	53	85	18	50	54	83	63	94
	91	92	55	54	89	53	74	34	87	35	13	12
	100	76	32	62	27	63	38	77	20	25	87	32
	15	76	20	63	31	25	24	39	75	12	13	41
	87	17	78	20	25	70	16	99	34	41	73	50
	53	96	64	60	89	90	69	18	80	92	57	51
	26	22	25	94	23	60	81	87	25	27	63	16
	86	84	42	46	39	38	87	80	70	96	43	48
	64	53	99	13	48	85	30	45	98	87	95	23
	79	53	66	27	41	44	47	58	79	92	84	77
	17	76	57	84	26	89	84	73	44	62	68	77
	24	34	20	47	34	67	61	53	85	30	15	52
	85	14	99	57	24	17	43	45	13	29	10	24
	76	95	98	32	47	92	92	15	73	47	36	47
	26	43	72	72	85	53	89	71	70	74	86	58
	47	24	75	38	39	93	62	36	59	93	81	98
	41	29	46	48	92	28	63	56	91	42	71	14
	38	52	85	92	57	65	73	74	36	64	51	28
	99	11	36	69	79	83	63	83	91	44	19	77
	59	95	30	78	73	32	98	96	97	32	76	91
	88	49	20	26	34	76	48	74	56	25	91	82
	29	88	73	71	72	94	70	38	29	17	79	14
	11	34	78	74	96	43	70	67	54	48	54	72
	26	26	33	100	68	59	25	83	35	95	46	92
	42	69	10	17	74	38	47	30	92	76	75	65
	53	84	63	48	31	70	28	59	23	59	34	54
	51	85	39	13	26	95	99	86	95	61	16	25
	54	94	44	62	77	82	38	34	63	23	14	18
	98	66	14	69	68	51	59	95	60	66	86	97

