***** PARAMETERS PRP *****

Number of Customers = 30
Number of Products = 10
Number of Vehicles = 5
Number of Periods = 12

B = Production capacity
	49569

b_p = Time required to produce item p
 	1	1	1	1	1	1	1	1	1	1

c_p = Production cost of item p
 	800	800	800	800	300	800	300	800	800	300

s_p = Setup cost of item p
 	800	800	800	800	300	800	300	800	800	300

M = Big number
	198274

U_pi = Maximum inventory upper bound of item p at site i
 	198274	111	348	264	235	109	99	106	210	120	125	100	300	112	208	220	156	104	123	310	248	166	170	249	158	100	106	179	179	226	116
	198274	247	174	109	175	261	169	109	170	232	129	330	239	201	280	191	258	149	202	233	290	307	291	163	300	185	84	215	105	308	301
	198274	253	153	135	172	258	162	240	244	107	225	117	177	127	336	131	263	213	116	138	152	254	199	226	161	184	194	192	131	300	227
	198274	320	114	189	194	268	112	196	238	89	115	176	301	113	269	217	199	240	175	208	117	231	299	87	228	151	213	120	237	126	190
	198274	248	159	270	155	92	151	164	155	125	293	238	248	223	162	144	169	103	99	114	109	338	225	192	118	103	289	303	224	295	192
	198274	257	253	157	148	275	239	110	251	160	122	99	111	220	107	184	186	310	139	169	115	138	183	256	314	334	141	134	226	151	333
	198274	118	112	149	85	198	116	254	258	248	190	144	230	205	156	263	313	104	275	108	107	241	218	205	174	236	107	95	166	122	212
	198274	273	296	82	211	206	179	281	278	92	285	269	330	278	163	132	116	198	310	260	119	143	109	172	257	199	193	228	229	224	293
	198274	247	157	253	155	173	233	161	114	345	115	116	99	208	109	153	100	166	243	322	117	221	116	113	273	107	309	220	255	257	87
	198274	275	147	197	146	165	253	290	110	120	164	327	104	331	264	295	184	114	160	100	121	108	210	218	93	143	298	153	327	190	270

I_pi0 = Initial inventory of item p at site i
 	0	35	205	226	91	57	61	62	206	55	98	76	135	51	19	20	129	35	93	247	190	131	106	25	136	40	86	157	115	137	46
	0	190	166	65	96	61	17	82	15	39	56	255	176	16	82	54	210	91	51	210	86	36	170	69	153	93	70	119	36	199	116
	0	21	130	118	90	44	130	197	117	79	26	103	133	92	55	28	173	203	106	51	116	33	25	32	90	51	185	190	69	143	91
	0	58	101	177	65	166	46	49	134	23	67	82	247	84	79	171	124	107	120	113	76	154	85	47	195	112	191	102	85	100	149
	0	107	15	185	145	83	148	100	115	82	140	225	111	23	99	85	69	56	46	76	54	50	143	125	96	21	223	25	104	59	141
	0	231	162	120	59	49	156	84	99	21	76	36	94	198	49	180	136	246	91	72	30	82	131	180	220	258	64	95	204	29	100
	0	103	76	59	76	174	80	147	79	100	122	135	71	85	63	51	266	93	136	67	72	219	162	134	100	94	90	10	145	88	109
	0	95	149	12	179	96	78	97	232	84	158	189	248	228	158	122	107	177	24	256	44	17	56	97	236	134	66	86	220	34	213
	0	51	40	186	100	119	133	145	29	131	53	96	96	181	34	76	32	55	157	203	72	82	74	72	69	86	165	15	188	235	14
	0	174	138	174	80	15	96	86	100	43	21	207	89	53	194	188	98	85	110	34	59	100	129	40	67	57	167	135	169	179	246

h_pi = Inventory cost of item p at site i
 	8	1	5	9	7	1	6	6	9	2	8	3	3	1	4	2	9	2	9	8	7	6	2	1	3	8	8	6	2	5	8
	8	1	4	3	5	1	5	4	7	3	5	2	5	6	4	4	7	4	8	3	2	7	2	2	2	9	9	7	5	5	1
	8	5	9	2	3	4	6	4	2	5	4	1	9	5	8	3	1	8	2	5	5	3	5	5	6	2	1	5	2	5	4
	8	3	9	2	7	8	1	9	3	2	4	4	8	5	9	2	5	4	2	8	9	7	9	4	6	4	1	4	2	8	1
	3	5	5	6	6	3	7	9	5	3	7	6	5	2	2	9	3	5	6	2	7	9	2	6	6	6	3	8	2	1	5
	8	5	7	3	2	9	4	7	4	2	3	5	9	3	6	1	5	4	2	9	2	2	1	2	1	5	2	6	1	2	6
	3	4	9	6	6	9	9	6	7	5	7	1	5	8	5	7	1	9	4	7	6	5	1	2	2	8	9	1	9	3	1
	8	4	6	5	3	3	7	8	9	8	6	5	3	4	4	7	3	4	1	3	4	2	5	5	2	2	5	2	6	2	7
	8	9	6	7	1	9	4	1	1	4	3	9	7	5	4	5	6	9	9	2	9	9	9	4	2	2	5	2	6	8	4
	3	1	1	5	4	8	8	1	9	3	5	4	5	1	9	8	2	2	2	3	5	1	8	8	2	6	9	5	2	5	6

C = Vehicle capacity
	3480

f = Fixed transportation cost
	29574

a_ik = Transportation cost for traveling from node i to node k
 	0	892	311	234	206	904	730	54	242	428	47	637	622	621	313	264	745	151	905	790	75	616	806	788	775	897	244	911	906	559	254
	892	0	711	881	691	243	163	888	694	577	852	375	323	292	708	745	300	794	65	143	910	339	217	158	199	140	911	21	135	408	668
	311	711	0	176	261	802	561	271	103	146	267	589	535	506	445	423	671	161	704	583	277	540	701	575	658	675	508	726	768	511	123
	234	881	176	0	311	954	727	181	200	321	208	718	676	656	485	448	812	138	877	755	167	678	852	748	812	849	474	896	929	637	230
	206	691	261	311	0	700	529	216	159	309	172	438	417	416	186	164	543	174	708	597	243	412	602	597	570	707	279	710	701	357	142
	904	243	802	954	700	0	277	914	755	692	871	277	284	299	652	699	165	841	307	346	940	288	103	365	145	382	857	253	111	349	725
	730	163	561	727	529	277	0	726	536	435	690	262	189	144	555	589	233	634	186	112	749	208	192	126	148	213	755	182	212	270	509
	54	888	271	181	216	914	726	0	214	397	47	653	630	625	348	302	758	114	897	780	30	627	814	777	781	885	296	906	909	572	232
	242	694	103	200	159	755	536	214	0	187	195	521	477	457	343	321	613	105	696	577	230	479	653	572	614	678	413	711	733	440	31
	428	577	146	321	309	692	435	397	187	0	381	512	445	405	471	465	577	284	565	444	408	454	592	434	548	532	585	591	645	442	182
	47	852	267	208	172	871	690	47	195	381	0	608	588	584	303	258	714	107	863	747	76	584	772	745	739	854	267	870	869	528	207
	637	375	589	718	438	277	262	653	521	512	608	0	84	140	376	423	113	594	424	373	680	67	193	387	184	469	582	394	316	82	490
	622	323	535	676	417	284	189	630	477	445	588	84	0	57	392	434	137	559	365	299	657	20	185	312	157	401	599	343	292	86	447
	621	292	506	656	416	299	144	625	457	405	584	140	57	0	416	454	173	546	327	250	650	75	196	261	158	356	620	312	286	127	427
	313	708	445	485	186	652	555	348	343	471	303	376	392	416	0	52	488	349	740	647	377	380	565	652	546	758	208	728	682	311	324
	264	745	423	448	164	699	589	302	321	465	258	423	434	454	52	0	535	313	774	677	330	423	610	681	589	789	167	765	725	355	305
	745	300	671	812	543	165	233	758	613	577	714	113	137	173	488	535	0	692	358	338	785	135	91	355	103	416	693	318	215	187	582
	151	794	161	138	174	841	634	114	105	284	107	594	559	546	349	313	692	0	799	680	126	559	740	675	703	782	362	811	827	512	128
	905	65	704	877	708	307	186	897	696	565	863	424	365	327	740	774	358	799	0	122	918	382	279	132	256	78	940	56	199	449	672
	790	143	583	755	597	346	112	780	577	444	747	373	299	250	647	677	338	680	122	0	800	318	282	19	243	112	841	152	254	377	553
	75	910	277	167	243	940	749	30	230	408	76	680	657	650	377	330	785	126	918	800	0	654	841	796	806	904	317	928	934	600	249
	616	339	540	678	412	288	208	627	479	454	584	67	20	75	380	423	135	559	382	318	654	0	191	331	167	420	587	359	303	70	448
	806	217	701	852	602	103	192	814	653	592	772	193	185	196	565	610	91	740	279	282	841	191	0	300	47	344	772	234	125	257	623
	788	158	575	748	597	365	126	777	572	434	745	387	312	261	652	681	355	675	132	19	796	331	300	0	261	110	844	167	272	388	548
	775	199	658	812	570	145	148	781	614	548	739	184	157	158	546	589	103	703	256	243	806	167	47	261	0	314	753	217	137	235	584
	897	140	675	849	707	382	213	885	678	532	854	469	401	356	758	789	416	782	78	112	904	420	344	110	314	0	953	134	274	482	656
	244	911	508	474	279	857	755	296	413	585	267	582	599	620	208	167	693	362	940	841	317	587	772	844	753	953	0	931	889	518	408
	911	21	726	896	710	253	182	906	711	591	870	394	343	312	728	765	318	811	56	152	928	359	234	167	217	134	931	0	144	428	685
	906	135	768	929	701	111	212	909	733	645	869	316	292	286	682	725	215	827	199	254	934	303	125	272	137	274	889	144	0	372	705
	559	408	511	637	357	349	270	572	440	442	528	82	86	127	311	355	187	512	449	377	600	70	257	388	235	482	518	428	372	0	410
	254	668	123	230	142	725	509	232	31	182	207	490	447	427	324	305	582	128	672	553	249	448	623	548	584	656	408	685	705	410	0

coordXY = Coordinates (x,y): line zero => x line one => y column => customers
 	249	215	18	18	278	457	225	196	120	8	225	454	371	315	462	440	457	138	151	126	177	388	407	108	368	76	491	206	349	411	139
	89	980	297	122	292	968	818	93	293	442	129	692	698	706	317	270	804	190	988	869	71	689	879	864	854	969	112	998	989	623	317

d_pit = Demand of item p at customer i in period t
 	35	48	54	41	21	35	29	92	31	21	12	24
	56	53	96	22	63	42	94	76	49	99	86	100
	36	94	27	69	96	81	35	71	28	40	35	22
	39	52	42	42	55	78	34	52	91	51	70	98
	57	81	97	84	17	38	73	17	35	57	46	52
	61	59	29	33	63	92	28	82	16	61	25	45
	62	99	68	73	50	60	36	71	16	20	56	27
	75	71	46	14	14	31	92	30	51	68	82	57
	31	24	79	31	51	68	63	74	54	99	67	77
	98	38	74	49	60	45	15	19	63	90	99	98
	34	42	57	37	54	23	47	78	50	59	94	26
	20	48	67	40	92	47	95	77	11	99	35	90
	51	75	68	33	64	69	53	79	66	21	56	39
	19	19	10	68	71	93	65	27	87	60	60	46
	20	25	36	95	82	82	37	84	66	77	10	45
	77	52	74	68	33	19	19	67	96	26	30	63
	35	70	52	88	78	26	36	47	16	43	58	72
	66	27	87	23	73	49	98	18	75	82	44	93
	58	75	21	93	85	79	81	33	68	18	94	40
	38	76	20	56	83	54	13	74	41	52	77	11
	88	17	26	95	74	60	43	11	22	25	15	21
	88	18	22	49	51	13	53	98	97	99	67	26
	25	92	25	74	28	74	76	41	77	63	85	87
	62	74	35	70	28	47	29	62	92	84	32	17
	40	86	26	44	83	43	93	17	59	61	34	15
	86	85	16	51	68	98	12	70	24	35	34	55
	95	62	25	55	30	75	84	65	66	48	51	60
	62	53	98	27	21	90	67	92	66	97	29	13
	98	26	13	96	90	47	17	74	43	54	59	61
	46	71	64	57	54	75	19	53	90	94	44	28

	31	17	91	51	22	16	88	40	96	14	99	28
	71	95	44	22	35	60	92	86	55	96	12	27
	27	38	63	73	73	46	34	23	98	55	69	53
	15	81	25	62	62	64	85	18	99	97	39	51
	61	83	14	10	58	67	17	90	77	37	62	50
	17	91	54	33	23	49	32	18	20	66	30	75
	82	62	45	23	29	81	39	76	72	33	45	69
	15	47	49	26	71	55	73	75	23	41	15	19
	39	11	87	85	49	26	89	38	100	30	86	57
	34	22	23	26	52	50	77	17	24	58	83	50
	20	83	62	90	39	43	84	100	37	48	91	94
	17	92	67	77	67	31	42	26	50	59	28	17
	16	40	33	15	59	16	66	72	21	86	21	38
	82	39	45	63	74	46	62	83	84	91	100	71
	35	19	96	24	58	16	20	25	38	41	66	21
	16	46	81	67	37	85	14	44	38	71	42	78
	91	91	74	94	29	99	90	76	77	66	74	30
	26	25	58	12	19	73	63	92	37	94	94	14
	59	83	68	73	16	51	72	78	17	14	88	81
	86	24	50	48	59	67	24	75	53	93	26	91
	36	99	65	86	56	21	74	32	26	94	83	64
	99	22	49	61	73	43	67	27	93	22	99	43
	69	14	91	65	84	49	26	71	66	16	86	13
	81	72	49	99	35	29	42	83	30	67	71	61
	20	35	38	85	15	33	36	74	42	24	60	92
	12	58	62	26	10	15	45	50	55	20	94	55
	26	39	54	54	87	68	69	41	49	76	68	15
	36	63	15	86	59	19	89	30	71	70	28	62
	14	75	74	36	96	44	75	82	47	83	66	47
	90	26	36	92	72	27	100	91	46	34	71	38

	21	71	27	63	78	18	73	35	83	15	45	77
	36	94	41	36	71	54	45	48	53	41	80	11
	30	88	69	43	51	23	30	14	71	41	12	67
	52	38	85	83	81	18	14	82	72	10	96	56
	31	13	95	32	45	51	62	82	37	24	48	98
	62	68	74	77	56	55	11	88	42	78	15	23
	32	100	65	48	77	98	36	34	48	93	49	41
	82	35	64	73	99	40	50	58	13	87	61	69
	79	98	14	38	69	70	39	27	68	48	79	13
	26	32	70	96	59	61	88	32	26	65	65	56
	43	60	40	27	52	93	46	49	90	86	74	41
	94	39	23	57	52	15	67	18	77	21	52	15
	92	73	15	94	65	16	94	87	85	12	54	74
	55	69	99	43	43	50	90	78	91	52	89	47
	28	53	80	15	43	19	73	14	25	14	93	68
	30	23	44	76	80	49	74	13	56	43	58	86
	68	62	73	27	58	95	41	17	66	30	46	55
	64	42	88	43	86	26	17	80	94	57	49	50
	51	79	98	10	68	12	22	11	42	23	67	67
	49	67	61	27	34	23	86	63	37	54	21	86
	33	73	55	25	49	65	72	74	25	21	66	52
	25	63	63	74	74	82	98	41	50	70	89	67
	32	96	32	71	55	54	66	25	55	66	70	55
	48	42	60	16	63	15	66	59	94	69	38	73
	34	17	49	94	53	83	29	52	31	19	59	32
	64	99	22	78	82	12	79	21	17	34	22	51
	49	94	26	21	33	35	68	18	87	60	14	72
	69	27	69	32	75	84	72	17	83	78	95	85
	21	91	31	93	81	80	50	23	41	71	63	74
	91	20	42	11	77	52	42	26	69	24	36	54

	58	55	21	67	82	49	95	73	95	46	59	67
	24	77	89	84	14	79	42	48	47	79	38	63
	24	48	83	22	36	54	29	49	65	28	50	78
	65	57	14	40	43	21	35	33	27	31	86	14
	72	42	52	35	67	50	62	21	92	51	43	55
	46	87	88	14	11	62	50	59	85	65	76	28
	49	84	37	80	84	69	74	78	58	84	12	76
	54	80	62	57	46	33	53	85	94	50	65	34
	23	90	33	56	11	90	11	40	73	35	44	27
	67	97	10	35	81	47	17	56	17	94	68	99
	82	77	26	88	40	92	54	59	40	42	88	15
	40	88	53	66	14	51	93	71	82	38	84	43
	84	31	75	61	93	10	79	11	53	80	56	42
	20	59	42	61	59	80	83	15	61	44	76	46
	79	92	14	20	45	77	61	66	52	49	49	47
	58	66	58	53	77	32	26	27	75	74	19	33
	48	35	24	81	24	83	96	34	94	45	79	78
	80	40	82	21	74	73	70	70	28	83	49	28
	80	33	51	78	70	56	35	14	55	56	73	23
	76	64	82	23	88	80	67	32	48	52	55	36
	61	93	70	84	11	19	40	59	83	76	40	56
	85	74	90	44	83	88	48	96	73	96	59	62
	18	29	50	83	83	41	52	11	29	26	64	33
	27	89	33	46	65	24	92	86	22	96	51	52
	58	23	31	78	31	89	48	41	36	55	35	79
	77	88	10	16	44	94	89	61	66	15	36	43
	25	58	19	23	42	20	38	34	19	43	96	63
	42	43	32	32	75	76	82	30	77	63	87	73
	100	57	76	17	67	88	95	28	67	81	49	31
	31	13	23	82	46	83	51	33	51	94	37	25

	77	30	79	14	88	22	46	57	16	81	17	69
	15	12	63	56	58	23	39	86	85	51	87	61
	41	47	28	69	89	39	52	47	70	64	83	19
	64	66	15	69	82	22	65	71	54	14	27	72
	28	10	45	62	26	23	65	44	59	39	95	56
	91	57	62	34	82	33	51	74	26	63	13	18
	12	69	19	46	91	94	41	19	58	91	24	93
	14	43	18	40	50	75	69	32	86	98	14	82
	82	96	50	46	100	94	25	41	81	67	14	51
	42	98	54	60	85	82	93	71	23	58	21	16
	51	92	82	20	59	18	75	95	32	77	27	86
	44	39	28	36	38	33	53	66	20	90	50	97
	23	67	95	53	47	23	50	32	62	70	76	72
	99	99	15	86	49	20	66	22	59	67	24	41
	14	57	14	90	89	25	20	37	62	12	84	72
	69	97	82	44	19	83	55	51	34	51	49	43
	56	41	27	25	87	88	14	85	19	55	43	75
	46	75	57	80	20	40	24	53	46	49	29	76
	64	12	74	78	73	31	81	94	77	28	20	54
	35	19	82	61	89	81	69	67	26	75	11	39
	50	96	49	28	99	44	60	71	36	97	85	95
	35	50	58	67	19	84	96	24	20	87	52	83
	99	26	53	93	66	73	82	31	36	82	32	95
	96	91	45	21	49	60	65	81	40	45	65	52
	21	85	45	12	11	66	64	40	38	68	93	77
	30	98	71	24	79	16	64	51	63	61	97	39
	25	67	81	24	51	57	92	99	96	79	29	27
	24	69	11	86	53	60	92	45	28	27	13	30
	22	37	67	23	88	87	65	84	54	74	20	88
	71	70	90	16	70	75	66	79	82	15	69	64

	49	20	81	81	32	29	18	59	72	64	55	56
	52	81	29	82	57	20	54	95	86	57	47	98
	89	31	79	79	94	14	83	33	42	17	24	42
	59	33	47	92	13	28	59	72	28	94	17	51
	15	34	54	95	42	46	91	76	57	47	55	48
	38	57	61	15	84	74	98	99	23	31	66	71
	53	31	68	40	64	54	97	91	34	40	15	70
	99	30	75	63	96	43	49	63	72	89	50	25
	21	10	93	42	48	45	51	10	79	72	94	73
	76	79	47	12	77	98	52	13	27	76	77	97
	36	85	28	55	34	11	45	39	98	20	93	49
	94	20	94	35	10	79	71	11	42	87	37	88
	81	58	59	35	43	14	37	46	95	18	97	78
	49	72	90	75	42	18	16	37	46	20	93	83
	90	42	48	12	35	62	65	16	87	32	24	40
	70	36	30	97	54	16	32	55	80	15	54	20
	71	82	68	25	17	78	87	81	20	80	46	90
	91	64	62	63	46	94	87	56	82	73	35	78
	72	79	92	94	36	49	46	29	24	27	57	71
	30	70	75	50	21	89	25	37	24	93	93	82
	82	80	95	47	37	82	79	79	89	93	51	12
	86	45	54	40	50	74	73	48	95	67	40	59
	13	31	59	77	61	57	48	71	74	45	64	15
	87	89	44	92	55	85	60	52	94	15	49	32
	57	99	27	75	30	69	83	100	83	73	78	27
	64	35	77	38	56	29	48	41	14	79	40	44
	95	65	83	96	71	66	23	38	89	90	15	72
	29	45	40	90	80	27	84	90	37	25	57	73
	17	12	17	71	31	84	79	27	65	52	84	63
	100	29	56	89	82	64	84	56	79	72	22	67

	34	69	27	55	22	73	63	72	84	84	37	90
	76	22	39	99	33	49	46	69	25	88	33	90
	22	26	11	95	34	57	75	45	62	48	73	46
	16	60	67	36	95	90	19	45	30	16	14	23
	59	31	25	59	53	90	27	81	14	30	99	26
	65	15	51	82	29	69	71	40	99	60	93	24
	93	22	32	64	49	95	54	15	90	48	35	13
	33	46	63	67	35	85	17	81	61	13	27	92
	33	22	45	30	31	80	48	40	38	69	96	64
	14	16	18	74	57	79	55	75	19	18	93	51
	50	85	90	16	37	44	42	43	26	37	69	35
	55	16	18	34	76	64	88	14	90	96	82	56
	85	95	49	80	42	39	78	95	75	28	93	61
	23	17	23	86	70	56	77	41	97	68	47	19
	21	30	36	38	39	86	97	42	91	44	17	89
	83	50	98	35	75	83	43	86	69	34	15	80
	93	61	63	56	61	16	32	17	36	33	65	93
	93	43	48	93	45	49	66	53	77	33	26	33
	67	44	32	60	92	67	67	32	14	54	21	95
	72	44	86	47	67	48	13	28	47	67	90	33
	59	80	49	31	19	92	42	74	61	68	75	72
	17	98	47	29	82	54	97	10	97	63	31	29
	28	42	64	29	84	45	60	65	62	13	41	81
	100	91	90	22	36	87	74	22	22	23	31	96
	54	40	40	61	49	34	69	82	90	66	36	87
	90	61	13	50	30	71	31	70	50	47	71	57
	10	54	73	50	12	16	74	77	30	78	24	69
	85	60	55	22	12	16	65	42	79	99	45	83
	60	28	74	62	42	83	62	56	61	25	85	91
	83	26	99	83	38	40	58	33	35	36	37	69

	16	48	31	88	91	41	59	93	17	53	32	86
	75	55	19	84	83	93	38	80	44	12	73	54
	12	47	39	50	15	50	12	30	71	19	98	47
	31	52	96	91	12	47	42	20	24	96	41	80
	34	62	90	89	17	18	34	77	52	50	21	75
	78	83	73	46	92	37	13	11	63	84	44	91
	97	89	28	44	62	11	29	37	95	60	83	39
	90	98	44	79	87	53	40	65	67	91	25	96
	84	42	49	25	45	27	18	48	65	83	39	24
	32	48	78	97	62	75	84	65	67	72	74	100
	94	95	69	56	30	26	26	65	23	34	78	49
	56	75	28	89	90	66	74	11	91	72	96	45
	94	72	62	87	59	39	98	33	69	69	71	81
	25	49	68	16	40	64	19	44	56	24	38	45
	36	86	12	28	42	17	65	90	52	31	24	43
	19	88	21	31	25	18	80	22	39	53	37	30
	86	56	35	77	11	37	42	87	47	14	27	76
	24	92	58	40	33	99	100	47	99	42	86	23
	98	94	40	24	25	15	45	73	66	21	39	85
	44	78	77	38	82	95	20	60	60	26	98	38
	17	50	90	34	54	33	42	74	51	81	17	30
	40	16	85	66	90	17	26	29	68	95	74	50
	13	84	77	100	84	34	38	52	83	21	47	55
	95	99	42	38	52	35	77	65	58	95	52	62
	21	45	68	62	72	40	99	50	13	25	42	59
	66	17	99	22	20	13	48	54	63	93	35	50
	44	31	11	77	65	42	67	89	41	56	67	95
	65	91	64	16	68	61	17	80	84	35	73	33
	34	47	99	29	63	42	83	49	29	35	68	93
	95	19	99	21	67	71	67	14	51	92	15	92

	51	87	67	68	49	89	83	53	38	69	48	40
	40	98	65	41	23	60	87	16	10	41	59	86
	87	55	44	99	20	88	72	15	90	56	47	86
	89	11	18	59	53	56	69	47	99	51	41	28
	26	81	12	90	32	99	11	68	77	79	87	28
	51	82	35	85	55	36	76	68	48	12	60	92
	80	65	82	54	33	35	88	46	17	57	59	27
	29	43	38	40	18	60	58	57	82	72	94	90
	63	24	44	83	97	78	78	68	92	15	100	87
	53	89	84	49	64	66	11	54	88	28	50	55
	35	61	79	74	59	35	29	58	99	43	41	84
	96	16	23	60	49	56	57	18	88	13	34	82
	95	21	65	87	32	76	55	32	18	70	63	10
	23	11	52	35	24	94	93	42	71	70	79	59
	16	38	22	43	19	47	79	31	48	24	80	12
	32	24	98	29	69	81	63	20	26	34	56	70
	55	29	93	14	75	28	30	34	47	96	66	95
	17	55	64	21	49	37	19	75	81	39	44	82
	77	94	32	39	88	91	52	40	98	86	31	45
	72	51	87	11	83	83	71	11	99	71	34	27
	69	13	52	38	26	69	96	72	36	64	33	95
	74	93	90	43	86	90	64	11	27	12	21	82
	52	20	100	70	63	65	29	51	54	60	52	59
	69	40	85	64	22	33	43	97	42	60	21	80
	86	25	66	23	18	99	43	82	88	17	64	31
	79	86	87	51	82	81	15	82	37	70	35	37
	15	34	34	94	88	44	98	48	47	100	19	39
	96	20	72	95	43	52	47	82	38	71	83	65
	82	66	51	36	22	87	35	87	99	95	87	24
	14	92	56	11	41	12	51	45	85	10	24	81

	24	28	23	99	99	33	49	99	36	56	37	78
	51	87	42	20	65	87	70	20	24	38	33	50
	62	45	67	72	26	77	32	72	39	46	42	12
	80	98	53	29	21	22	15	36	50	63	62	54
	15	49	64	14	84	42	55	42	35	21	13	60
	23	73	53	21	35	59	79	97	55	16	26	69
	86	57	68	47	16	41	96	98	91	82	90	99
	29	71	97	98	24	81	85	15	11	56	51	44
	43	93	94	37	57	52	51	91	76	33	45	50
	21	52	93	42	56	89	38	84	51	38	69	24
	15	43	55	94	94	52	92	44	83	44	99	70
	89	95	50	46	92	11	19	19	66	37	25	76
	53	70	71	76	35	40	98	73	80	50	64	84
	95	99	34	88	81	32	83	98	56	48	27	51
	86	41	61	40	47	39	76	38	46	89	56	90
	98	95	23	96	21	58	80	78	25	54	32	75
	85	60	40	66	85	70	71	45	14	72	23	50
	11	65	34	42	94	76	13	38	60	69	78	61
	34	82	17	90	35	45	83	70	56	55	20	14
	59	16	19	98	98	67	72	48	75	57	65	52
	100	16	44	15	22	83	71	67	38	91	50	49
	36	48	45	17	33	23	30	57	65	85	38	27
	40	51	72	56	98	62	66	19	40	69	15	65
	67	36	28	95	20	24	57	93	52	29	35	24
	57	43	38	27	68	35	64	15	45	87	71	22
	96	71	27	35	32	83	70	65	74	56	42	64
	40	95	69	70	68	14	39	34	30	19	93	41
	44	55	70	93	82	13	91	93	53	56	66	68
	64	25	90	70	90	73	64	81	82	39	29	52
	64	94	88	66	35	78	21	100	54	28	93	88

