***** PARAMETERS PRP *****

Number of Customers = 30
Number of Products = 10
Number of Vehicles = 5
Number of Periods = 12

B = Production capacity
	49170

b_p = Time required to produce item p
 	1	1	1	1	1	1	1	1	1	1

c_p = Production cost of item p
 	30	30	80	80	80	80	30	80	80	30

s_p = Setup cost of item p
 	300	300	800	800	800	800	300	800	800	300

M = Big number
	196678

U_pi = Maximum inventory upper bound of item p at site i
 	196678	119	273	167	130	194	121	293	151	261	109	248	93	198	176	299	110	174	249	127	288	268	233	125	225	126	131	128	115	174	287
	196678	204	156	222	127	181	218	109	162	167	233	285	152	287	303	126	353	84	169	249	253	126	101	224	198	98	282	250	110	289	304
	196678	175	191	135	97	279	320	250	217	154	86	315	124	324	169	112	216	149	160	304	196	90	183	239	303	239	168	259	192	192	124
	196678	252	129	254	206	257	166	197	229	92	211	222	270	210	113	294	100	185	192	298	288	340	239	290	198	189	159	183	242	152	99
	196678	284	227	130	185	360	92	101	104	245	85	209	101	106	286	176	165	251	185	240	238	109	305	93	243	282	115	168	153	155	162
	196678	231	137	290	343	301	318	120	249	82	330	196	114	271	146	213	119	229	235	264	149	222	135	144	230	318	89	89	171	106	188
	196678	294	206	200	310	228	250	173	162	83	281	103	121	149	121	90	203	232	272	248	281	120	161	127	193	308	196	249	320	297	120
	196678	114	231	162	150	133	116	161	241	215	73	136	243	240	121	194	189	265	181	230	177	137	201	107	127	278	229	98	184	230	333
	196678	186	299	188	115	249	368	119	104	131	236	224	207	110	171	261	213	196	250	214	169	173	242	288	189	171	154	105	241	216	266
	196678	102	202	197	217	158	110	94	99	180	126	116	169	104	286	110	113	151	228	161	107	320	95	165	255	186	279	216	107	259	257

I_pi0 = Initial inventory of item p at site i
 	0	73	185	57	94	21	74	218	29	157	21	186	47	95	160	32	64	163	236	34	244	94	76	85	80	95	40	89	86	108	136
	0	35	56	190	63	132	108	40	36	157	70	75	94	234	184	118	178	63	158	129	88	125	52	49	179	16	104	121	37	205	174
	0	110	20	56	69	208	134	55	139	135	14	195	86	78	74	80	65	35	140	110	178	83	129	192	90	208	98	73	146	192	61
	0	94	116	20	88	171	101	23	12	39	21	78	62	169	67	256	94	139	74	141	84	130	86	120	184	101	140	89	163	56	67
	0	126	89	56	52	51	68	31	77	234	80	23	49	53	94	149	99	29	135	135	181	53	97	0	76	25	56	74	108	86	118
	0	225	19	24	98	91	50	90	232	10	67	136	48	182	20	60	91	212	173	70	110	148	69	106	162	150	78	77	23	61	89
	0	164	59	136	100	150	136	96	92	42	126	102	71	87	46	56	113	104	172	179	187	83	125	48	168	205	115	188	97	80	49
	0	26	61	159	145	89	109	109	179	24	0	84	141	124	86	155	81	196	115	84	131	69	35	81	80	95	198	52	94	134	95
	0	56	289	70	115	166	92	32	13	107	99	125	144	51	137	170	65	94	106	180	111	121	183	195	82	101	21	79	191	100	232
	0	82	161	47	136	128	52	73	42	43	51	85	135	94	193	14	84	100	26	153	97	183	76	93	183	116	46	172	71	45	21

h_pi = Inventory cost of item p at site i
 	3	2	3	5	2	9	7	1	6	5	7	7	2	8	3	1	9	7	3	9	5	1	2	1	9	2	1	3	6	6	9
	3	1	2	7	1	2	5	2	6	7	4	4	8	9	2	8	4	4	5	2	3	7	7	6	5	1	2	1	9	3	6
	8	5	4	7	5	2	6	5	1	2	8	8	6	2	6	8	2	3	8	7	6	7	9	2	8	4	9	7	5	2	7
	8	2	4	4	5	9	5	5	3	7	1	9	8	5	9	2	5	6	4	7	7	6	9	1	1	6	8	6	2	1	8
	8	7	3	8	2	1	2	7	8	4	4	6	7	9	1	5	5	9	1	5	8	2	8	3	5	5	7	4	9	7	4
	8	1	9	4	2	8	9	8	2	4	7	2	5	5	1	8	4	8	7	6	3	5	3	6	4	2	7	1	2	2	9
	3	8	2	2	3	7	4	7	3	2	6	4	3	6	8	2	5	2	1	3	8	7	8	6	5	6	4	4	5	5	4
	8	2	7	7	1	3	6	7	8	5	9	1	9	5	7	6	4	8	5	8	3	8	7	9	5	1	4	8	9	7	5
	8	5	1	5	6	6	7	1	5	5	2	2	8	5	5	8	1	5	1	5	2	4	8	2	7	8	6	8	3	4	7
	3	9	6	6	9	4	7	2	1	8	2	1	4	2	7	2	3	3	1	3	6	9	6	6	2	9	5	8	8	6	8

C = Vehicle capacity
	3680

f = Fixed transportation cost
	28086

a_ik = Transportation cost for traveling from node i to node k
 	0	370	729	287	467	826	776	404	69	587	77	642	85	724	117	121	42	675	448	161	124	715	726	528	218	407	433	558	406	238	783
	370	0	459	178	458	657	611	39	435	517	366	333	451	476	351	320	329	449	283	217	389	445	412	353	574	42	446	358	456	467	563
	729	459	0	444	426	273	247	425	797	353	682	141	812	53	644	622	701	98	291	628	672	15	113	230	868	424	450	190	494	671	141
	287	178	444	0	296	572	523	189	355	378	249	358	371	442	218	191	258	397	176	199	254	430	441	259	453	193	278	282	282	305	509
	467	458	426	296	0	392	347	455	518	129	394	435	530	391	351	348	461	334	209	464	358	416	494	210	516	457	37	248	79	298	401
	826	657	273	572	392	0	50	631	885	267	760	399	900	224	718	706	809	220	398	771	734	277	384	315	906	631	428	301	471	688	133
	776	611	247	523	347	50	0	586	836	224	711	365	850	196	669	657	759	182	349	721	685	249	359	266	859	586	382	254	426	642	118
	404	39	425	189	455	631	586	0	470	504	396	296	486	444	378	347	364	420	269	254	417	412	374	334	605	4	446	334	460	488	533
	69	435	797	355	518	885	836	470	0	641	126	711	17	790	169	181	106	741	513	222	162	783	795	592	175	474	483	623	452	260	847
	587	517	353	378	129	267	224	504	641	0	516	402	654	309	473	467	577	256	236	565	483	346	442	188	644	506	165	214	206	426	295
	77	366	682	249	394	760	711	396	126	516	0	605	140	672	44	60	91	621	394	184	50	668	688	470	211	399	360	503	331	166	725
	642	333	141	358	435	399	365	296	711	402	605	0	727	178	572	547	609	185	248	522	605	131	84	227	806	295	450	192	487	627	275
	85	451	812	371	530	900	850	486	17	654	140	727	0	805	183	196	122	756	529	237	173	799	811	607	168	489	495	639	463	268	862
	724	476	53	442	391	224	196	444	790	309	672	178	805	0	632	613	697	58	278	632	658	54	163	207	852	444	418	170	462	649	97
	117	351	644	218	351	718	669	378	169	473	44	572	183	632	0	31	121	581	355	192	39	630	654	430	236	381	317	463	289	143	683
	121	320	622	191	348	706	657	347	181	467	60	547	196	613	31	0	114	562	335	166	70	608	629	412	264	351	316	445	292	168	667
	42	329	701	258	461	809	759	364	106	577	91	609	122	697	121	114	0	651	424	120	140	687	693	505	259	368	429	534	405	256	760
	675	449	98	397	334	220	182	420	741	256	621	185	756	58	581	562	651	0	228	591	606	91	195	153	798	420	360	118	405	593	116
	448	283	291	176	209	398	349	269	513	236	394	248	529	278	355	335	424	228	0	374	382	278	321	84	578	270	213	111	245	385	336
	161	217	628	199	464	771	721	254	222	565	184	522	237	632	192	166	120	591	374	0	226	614	605	457	377	257	438	479	426	334	704
	124	389	672	254	358	734	685	417	162	483	50	605	173	658	39	70	140	606	382	226	0	658	687	454	201	420	323	489	291	116	706
	715	445	15	430	416	277	249	412	783	346	668	131	799	54	630	608	687	91	278	614	658	0	111	218	855	411	440	178	483	658	147
	726	412	113	441	494	384	359	374	795	442	688	84	811	163	654	629	693	195	321	605	687	111	0	285	887	372	512	246	552	704	252
	528	353	230	259	210	315	266	334	592	188	470	227	607	207	430	412	505	153	84	457	454	218	285	0	645	335	228	41	268	442	256
	218	574	868	453	516	906	859	605	175	644	211	806	168	852	236	264	259	798	578	377	201	855	887	645	0	609	480	682	439	219	892
	407	42	424	193	457	631	586	4	474	506	399	295	489	444	381	351	368	420	270	257	420	411	372	335	609	0	448	335	463	491	533
	433	446	450	278	37	428	382	446	483	165	360	450	495	418	317	316	429	360	213	438	323	440	512	228	480	448	0	267	46	262	432
	558	358	190	282	248	301	254	334	623	214	503	192	639	170	463	445	534	118	111	479	489	178	246	41	682	335	267	0	308	481	227
	406	456	494	282	79	471	426	460	452	206	331	487	463	462	289	292	405	405	245	426	291	483	552	268	439	463	46	308	0	221	477
	238	467	671	305	298	688	642	488	260	426	166	627	268	649	143	168	256	593	385	334	116	658	704	442	219	491	262	481	221	0	681
	783	563	141	509	401	133	118	533	847	295	725	275	862	97	683	667	760	116	336	704	706	147	252	256	892	533	432	227	477	681	0

coordXY = Coordinates (x,y): line zero => x line one => y column => customers
 	241	484	360	307	51	105	118	492	216	48	192	446	210	308	182	209	275	274	258	373	148	359	468	234	43	495	53	261	34	42	234
	861	583	142	582	435	47	95	545	925	307	802	253	940	141	760	745	837	187	414	769	779	156	172	334	950	543	471	304	512	732	79

d_pit = Demand of item p at customer i in period t
 	15	58	55	73	63	71	63	68	67	80	54	46
	25	54	44	62	99	64	27	42	48	99	36	54
	12	45	66	38	83	36	70	14	98	30	92	85
	94	90	28	48	38	34	98	93	90	96	49	23
	21	47	68	73	14	77	63	19	16	87	31	67
	74	72	12	88	21	89	49	42	76	77	30	96
	58	76	14	70	24	93	15	45	89	58	83	78
	12	17	57	97	98	66	49	57	41	48	48	12
	29	63	65	46	77	43	75	52	45	32	66	34
	21	69	37	56	27	84	70	38	57	82	60	51
	99	60	27	87	15	39	15	18	49	41	90	55
	47	54	10	14	20	86	83	30	47	31	52	85
	26	69	35	30	78	69	54	48	89	23	17	56
	63	36	61	85	31	21	39	82	86	94	21	83
	32	60	15	98	49	87	91	72	68	77	33	35
	64	56	56	14	83	96	96	16	19	30	52	75
	47	42	74	59	21	50	56	29	14	56	47	26
	87	52	97	67	77	22	41	41	46	79	59	78
	34	63	97	66	34	41	80	80	51	57	78	80
	72	78	94	76	16	55	24	30	52	69	34	92
	94	52	44	69	22	14	78	59	45	71	78	16
	76	66	85	66	21	18	72	39	22	87	72	76
	21	64	68	13	26	74	27	21	28	60	47	49
	80	19	47	47	46	31	90	46	78	57	52	83
	31	64	100	13	25	61	11	64	41	27	43	23
	40	14	64	25	53	16	20	76	84	11	92	28
	53	36	67	50	23	13	44	47	78	22	50	29
	86	40	81	17	67	19	40	90	33	78	90	51
	43	65	49	63	32	65	18	58	68	69	90	77
	49	87	72	79	23	91	45	45	13	36	51	97

	35	25	68	14	14	59	28	39	17	100	56	34
	56	23	81	16	23	14	46	75	37	94	93	66
	94	26	36	34	27	57	31	98	83	83	39	59
	63	79	91	77	67	76	83	95	12	30	73	17
	88	44	31	18	26	25	11	48	56	47	52	96
	35	73	55	84	28	20	46	58	92	87	44	33
	40	85	59	59	69	97	42	20	26	47	55	56
	36	47	78	87	31	69	27	50	16	79	59	70
	26	96	35	71	69	92	10	26	47	79	38	80
	70	51	54	15	89	57	36	56	72	74	48	76
	75	25	88	37	60	19	49	71	95	55	39	71
	94	60	43	13	13	86	10	63	77	45	61	43
	55	85	94	69	80	82	63	96	54	43	69	72
	76	76	32	98	99	89	70	13	42	15	85	33
	54	64	97	69	47	16	68	63	83	56	47	94
	93	85	36	96	72	94	27	60	60	96	54	75
	36	27	43	23	34	72	29	18	64	73	45	39
	66	51	41	20	60	42	23	49	46	43	45	22
	33	29	67	21	27	19	81	57	68	71	68	57
	45	43	83	86	53	87	98	66	66	77	33	23
	56	69	90	32	57	65	28	82	29	87	96	66
	52	62	81	13	42	25	64	44	58	53	71	38
	49	22	86	73	12	93	48	13	75	33	98	69
	22	93	41	23	29	77	49	30	67	28	47	87
	16	86	96	47	72	12	15	50	29	54	68	40
	27	77	28	70	10	88	82	54	27	58	92	64
	48	19	54	38	39	76	29	71	98	23	26	80
	37	96	25	37	45	59	12	88	86	94	37	42
	76	74	55	87	78	59	79	48	59	93	66	93
	83	71	20	66	23	99	85	52	83	85	30	33

	21	59	30	31	93	60	16	74	85	36	96	100
	20	24	32	52	25	60	83	54	52	41	37	92
	25	31	24	80	52	67	67	48	19	73	12	40
	69	74	20	11	15	54	99	52	29	25	96	35
	42	72	94	82	54	22	52	74	18	46	92	22
	42	92	56	44	73	72	89	70	96	56	13	66
	55	95	84	60	41	75	98	48	50	49	63	32
	91	21	27	36	54	64	52	19	71	22	50	14
	52	46	37	20	13	27	61	82	41	60	83	92
	14	35	24	12	21	74	24	33	80	83	67	46
	91	80	24	70	41	39	53	95	85	99	61	19
	28	58	82	72	89	47	44	58	33	88	79	63
	78	96	100	15	75	30	55	88	51	21	84	84
	74	90	42	66	12	19	60	90	12	67	84	59
	80	79	35	85	80	61	47	20	10	95	16	66
	65	29	27	58	76	86	75	36	69	78	11	39
	35	50	97	31	70	74	53	36	63	52	14	19
	92	33	15	41	62	10	67	92	60	95	32	39
	95	15	61	65	89	76	41	95	39	60	69	25
	56	43	48	31	57	54	69	26	43	61	57	42
	41	42	41	41	22	81	14	71	37	14	91	43
	48	23	28	30	13	79	41	23	97	97	54	16
	50	79	63	39	52	28	98	48	72	81	51	56
	90	38	76	23	67	71	70	82	52	68	63	27
	47	59	55	47	67	43	26	26	22	37	97	48
	58	40	93	11	13	59	48	23	16	63	46	34
	38	23	12	58	48	44	31	86	77	95	54	56
	66	80	56	17	84	52	15	42	63	46	31	23
	71	53	68	45	60	81	55	77	41	93	57	68
	22	39	37	23	22	51	99	32	28	98	17	29

	94	65	96	72	31	17	63	98	91	49	53	26
	24	92	62	78	85	95	41	90	56	91	42	20
	20	95	66	72	61	76	41	94	19	90	66	61
	88	57	15	60	32	90	58	17	17	91	25	69
	57	18	96	42	35	89	72	42	68	98	90	63
	16	55	30	81	48	40	10	91	15	86	97	95
	23	88	31	24	64	94	100	81	77	90	95	21
	12	47	75	76	38	40	36	93	53	35	85	97
	11	28	61	76	30	89	15	57	73	19	57	35
	21	94	46	71	61	52	16	44	54	54	85	34
	78	78	77	80	64	90	70	23	74	59	98	96
	62	23	85	59	78	42	97	58	43	48	12	42
	21	78	70	70	23	54	38	47	44	99	34	51
	28	39	79	46	22	14	19	26	35	19	27	98
	35	24	98	99	89	58	78	12	38	98	26	51
	94	16	65	45	39	14	83	80	12	48	47	57
	91	21	27	89	86	67	33	57	89	66	42	70
	74	41	92	93	66	37	11	90	42	34	88	100
	67	74	53	76	28	90	82	54	29	29	42	90
	84	81	63	11	68	71	19	74	52	47	69	52
	42	88	71	86	79	90	64	51	76	40	91	37
	86	40	31	31	56	48	36	97	74	79	51	88
	31	43	46	95	54	61	73	65	94	92	14	29
	87	19	78	68	18	88	91	59	92	82	40	69
	65	36	30	79	24	23	59	14	28	60	92	58
	42	98	32	57	61	39	11	48	57	35	96	60
	30	16	43	98	36	49	68	89	88	93	24	96
	38	48	77	99	60	85	38	99	66	51	21	45
	22	34	35	34	90	25	94	95	85	19	50	24
	25	42	49	74	76	38	37	71	60	71	42	11

	62	64	17	43	79	99	38	64	43	26	55	91
	60	29	42	39	40	32	94	57	68	88	79	53
	56	90	83	25	46	65	46	87	95	57	52	78
	52	61	56	22	23	98	64	20	31	28	80	19
	51	95	93	55	63	91	79	95	43	48	79	72
	68	81	34	53	99	24	88	11	15	31	27	23
	31	56	41	92	48	16	91	17	37	19	71	87
	77	69	32	67	64	12	41	71	82	18	64	25
	40	85	34	75	33	40	72	89	20	35	28	36
	61	19	16	18	51	56	87	36	14	61	51	38
	23	59	40	26	80	54	45	84	70	84	15	48
	25	24	72	81	18	42	48	32	35	28	100	99
	53	77	87	37	37	49	26	73	42	20	82	52
	81	13	40	58	85	75	14	15	53	68	91	94
	81	68	48	17	91	62	83	82	66	18	54	32
	99	91	11	61	96	11	19	100	56	14	58	44
	29	17	81	78	99	58	97	59	70	37	36	93
	37	64	34	29	75	87	89	74	44	17	98	91
	45	74	16	61	58	72	34	60	28	39	12	76
	37	61	72	11	100	53	75	61	94	88	32	29
	53	89	66	23	91	56	33	52	36	32	55	70
	97	65	28	65	19	91	58	64	82	21	49	93
	95	30	12	48	19	65	55	17	83	37	26	69
	76	40	37	58	29	78	85	30	50	13	72	16
	25	70	22	77	94	97	86	51	99	77	58	90
	56	38	69	58	69	62	59	19	72	75	25	89
	74	45	25	52	31	91	51	30	98	56	98	20
	68	40	75	17	60	87	24	82	19	57	53	29
	86	81	22	57	35	58	99	17	59	36	50	18
	69	49	46	30	94	36	13	26	20	28	34	40

	90	68	30	37	12	16	41	41	40	19	95	66
	19	34	89	97	31	99	91	69	81	85	83	45
	24	94	92	24	78	87	54	13	27	56	63	85
	98	35	97	74	69	61	97	76	50	28	92	47
	80	11	85	37	42	36	67	76	56	91	90	52
	50	75	91	65	14	34	95	47	79	77	53	82
	65	25	82	84	22	90	55	38	74	68	56	63
	92	29	25	86	97	76	24	53	98	41	48	79
	10	73	52	29	14	17	61	37	29	13	67	90
	67	76	92	90	42	15	48	74	31	74	92	92
	24	15	45	52	84	79	66	40	55	29	62	36
	48	17	16	77	93	11	37	59	47	13	17	22
	37	68	77	89	15	42	73	16	27	66	53	87
	20	14	18	46	100	84	20	71	71	17	68	54
	13	47	79	89	60	14	72	62	29	61	14	99
	91	24	14	94	78	81	63	70	87	13	24	75
	42	38	65	67	45	60	83	90	50	13	76	58
	65	56	52	42	82	68	31	60	38	80	80	50
	50	20	51	33	48	53	86	40	52	79	94	27
	71	11	28	75	61	48	61	18	74	31	77	42
	22	43	83	85	32	18	95	94	35	35	86	38
	33	36	99	47	26	31	17	93	33	18	12	94
	58	48	48	65	90	20	34	86	19	38	38	33
	77	85	88	48	65	29	48	11	93	19	79	49
	45	68	37	14	76	91	85	58	68	91	71	59
	78	31	33	19	29	67	14	17	89	68	62	28
	21	56	73	61	32	15	34	59	50	22	49	64
	23	71	59	82	17	85	63	81	33	39	74	57
	61	99	13	38	88	40	47	67	30	15	43	92
	89	92	58	26	83	44	54	17	80	68	66	74

	85	55	24	15	91	51	97	84	27	60	29	87
	59	36	88	35	61	94	81	72	98	33	72	95
	92	44	55	26	26	16	69	72	95	15	38	51
	100	93	59	60	52	43	97	96	10	36	80	19
	90	60	84	50	27	25	43	79	36	45	61	84
	51	74	11	51	90	37	38	43	42	52	24	86
	96	95	79	81	56	51	64	25	22	19	81	24
	92	90	49	34	10	21	37	51	86	44	95	37
	42	69	44	57	16	70	12	50	43	17	27	52
	72	54	22	43	73	17	82	91	77	11	89	44
	33	32	37	64	52	83	77	55	22	55	68	42
	71	68	51	94	86	96	19	20	95	29	39	55
	15	39	33	88	33	69	15	28	35	11	15	66
	46	81	34	100	41	66	33	63	56	97	72	34
	56	50	23	40	21	29	45	67	63	16	69	58
	92	21	13	28	53	38	14	79	98	56	76	41
	89	15	80	21	33	84	87	54	23	75	50	85
	47	93	32	66	67	43	63	30	42	67	45	58
	83	83	13	51	38	27	67	92	18	14	92	18
	88	54	45	79	35	15	61	45	57	84	15	96
	83	77	14	76	88	46	14	73	47	49	72	82
	19	93	13	39	81	42	38	30	67	96	57	68
	48	96	78	93	24	92	24	83	68	17	93	44
	19	95	54	47	59	17	50	48	68	83	16	23
	45	78	82	50	60	88	21	59	61	51	45	98
	62	53	25	45	38	76	82	24	15	63	31	74
	68	61	59	53	27	40	70	83	44	86	78	77
	97	77	78	56	98	74	70	45	65	17	41	49
	80	11	99	38	39	43	51	46	81	86	47	92
	49	94	63	89	12	100	76	31	40	40	98	29

	26	84	66	22	81	80	30	20	20	75	84	94
	61	96	99	65	35	50	31	14	41	91	65	45
	38	73	48	58	48	41	90	30	32	94	38	59
	79	66	53	15	12	23	20	13	31	14	50	75
	61	28	82	39	25	54	17	65	25	15	80	41
	67	42	99	57	33	61	37	73	98	46	15	68
	77	21	11	77	61	92	71	53	41	30	65	43
	79	34	66	97	89	57	44	38	63	100	27	29
	24	26	41	18	61	66	57	67	15	54	11	77
	81	22	54	43	11	13	27	33	21	78	26	30
	84	96	26	21	11	42	21	60	71	14	43	55
	62	79	75	93	69	75	28	15	69	76	56	32
	30	22	72	16	24	32	28	94	45	91	36	85
	86	70	77	32	67	34	75	33	39	78	67	69
	73	82	82	95	21	47	49	32	85	66	75	69
	81	98	29	25	28	16	33	57	60	35	18	88
	50	27	63	56	20	74	52	58	66	43	97	30
	41	24	50	87	11	27	54	74	26	50	54	44
	60	24	43	16	83	76	46	72	91	92	75	12
	21	92	18	40	34	23	84	68	95	99	89	43
	69	39	16	99	38	16	19	70	21	83	41	37
	35	38	40	68	22	24	49	99	64	19	63	83
	21	60	70	72	47	15	25	48	98	79	12	94
	80	98	24	26	93	96	32	39	77	66	68	64
	95	44	79	31	33	89	26	73	11	68	64	53
	94	93	11	98	52	30	35	43	85	29	33	83
	52	35	66	20	56	59	91	86	32	11	11	68
	94	58	40	15	80	26	30	17	37	21	89	45
	96	38	22	66	71	14	37	25	34	10	92	47
	95	51	60	89	91	25	45	79	61	98	21	83

	56	18	75	91	26	94	63	78	13	80	74	76
	99	63	51	76	55	92	19	76	42	63	39	43
	70	42	100	82	36	100	88	66	77	19	20	50
	62	53	40	69	73	97	49	14	75	70	46	39
	99	67	66	84	21	77	68	52	55	70	17	71
	92	76	96	89	19	65	80	36	60	98	81	92
	32	56	97	98	28	95	84	80	44	23	54	24
	13	31	61	31	13	10	51	58	59	51	17	19
	19	88	31	39	35	42	67	81	43	35	29	14
	38	35	26	92	61	58	78	88	89	11	80	53
	46	79	32	42	59	57	51	50	31	38	28	25
	23	98	23	43	63	66	76	25	25	39	71	69
	51	15	19	82	39	23	94	73	25	65	86	88
	72	65	62	57	36	38	84	97	43	79	28	22
	89	81	38	24	83	48	57	64	89	43	81	86
	13	52	24	43	69	61	19	74	59	30	12	55
	94	96	31	37	67	50	48	92	58	69	79	64
	34	72	50	62	81	15	79	64	99	54	93	48
	50	43	87	88	29	51	62	48	57	35	41	52
	20	22	69	98	40	74	17	81	92	46	45	72
	73	48	23	25	19	66	19	14	20	11	60	36
	26	91	66	75	26	64	85	91	73	21	63	46
	92	28	75	16	93	62	62	49	50	54	78	32
	20	62	29	68	33	66	40	87	57	10	78	17
	22	29	50	93	54	95	77	76	47	66	32	43
	21	92	73	29	15	36	22	58	69	12	15	19
	79	58	22	51	40	49	69	56	37	33	58	76
	54	70	67	85	42	52	20	95	11	81	52	95
	100	41	67	35	64	60	54	38	42	62	30	56
	42	93	30	67	16	87	83	63	65	49	29	14

	82	18	84	53	17	75	35	19	66	56	86	22
	75	86	52	92	33	75	90	58	95	25	92	34
	47	60	45	38	94	37	59	60	73	10	28	40
	39	97	39	83	88	91	31	34	55	15	45	35
	38	90	48	19	27	25	46	32	29	91	17	12
	21	31	77	11	61	37	13	17	14	40	76	42
	26	31	16	73	32	61	69	83	27	10	37	99
	42	65	47	52	82	46	88	15	29	52	25	48
	43	41	90	36	91	41	21	88	78	40	57	95
	51	84	49	46	91	44	73	61	63	71	91	32
	85	66	78	34	61	11	87	35	64	80	30	63
	30	64	41	29	96	89	24	80	49	65	79	31
	62	32	25	57	79	12	43	85	39	66	78	48
	22	53	25	93	81	69	70	92	55	42	51	33
	14	49	56	47	19	46	88	77	54	68	66	74
	74	10	55	37	99	61	24	98	90	21	81	30
	100	99	74	17	32	49	11	33	19	78	11	82
	26	14	70	92	34	51	59	39	65	24	15	58
	86	67	17	15	62	25	88	44	84	45	51	58
	97	36	55	62	31	32	24	33	53	78	67	75
	53	79	51	41	68	98	98	64	96	25	31	65
	76	38	50	21	51	14	79	48	57	48	24	66
	13	80	90	35	56	28	84	98	38	48	66	23
	97	86	78	36	64	17	98	99	86	61	27	15
	22	94	62	88	67	95	89	12	35	72	36	72
	46	99	29	32	71	92	14	51	84	41	15	95
	61	51	60	60	92	38	34	36	75	37	53	52
	71	55	62	20	89	17	47	95	93	39	32	24
	45	44	69	54	99	71	65	58	70	55	69	78
	21	60	61	41	67	37	65	24	78	39	62	61

