***** PARAMETERS PRP *****

Number of Customers = 30
Number of Products = 10
Number of Vehicles = 5
Number of Periods = 12

B = Production capacity
	49882

b_p = Time required to produce item p
 	1	1	1	1	1	1	1	1	1	1

c_p = Production cost of item p
 	800	800	800	800	300	300	300	300	800	800

s_p = Setup cost of item p
 	800	800	800	800	300	300	300	300	800	800

M = Big number
	199526

U_pi = Maximum inventory upper bound of item p at site i
 	199526	282	226	192	223	139	274	210	266	203	102	136	127	88	227	216	84	280	180	205	147	136	155	300	277	134	110	225	205	179	231
	199526	312	175	195	114	146	207	108	126	191	225	283	245	217	130	105	124	92	181	144	225	180	299	230	200	184	331	233	120	130	197
	199526	272	178	100	195	250	110	115	227	169	227	215	113	163	300	121	125	165	312	156	213	117	316	130	259	195	183	207	117	301	280
	199526	121	162	126	144	130	173	163	259	216	335	292	330	260	156	145	214	296	150	163	113	279	255	198	230	239	202	247	165	266	188
	199526	134	217	216	257	122	196	251	176	238	297	184	179	227	230	201	155	98	110	164	117	234	178	204	97	253	204	230	108	111	313
	199526	124	102	96	268	122	279	232	236	283	253	242	103	121	176	113	236	170	134	195	237	228	255	174	285	110	226	186	263	243	251
	199526	115	113	192	104	166	249	226	164	117	245	258	228	80	131	219	256	93	95	286	183	134	129	202	245	126	179	250	167	321	107
	199526	282	166	250	110	288	236	305	181	190	102	185	200	259	160	268	107	258	106	95	136	132	250	132	234	165	256	113	141	290	298
	199526	112	148	295	192	136	313	103	108	114	267	295	185	189	217	138	216	139	189	249	217	169	150	260	240	289	284	250	110	117	162
	199526	115	210	193	245	73	310	276	185	162	87	231	217	106	228	195	271	114	165	177	96	185	217	238	262	165	281	289	173	275	198

I_pi0 = Initial inventory of item p at site i
 	0	196	150	162	72	119	84	144	182	113	36	87	85	65	56	49	32	195	76	127	137	87	46	144	116	32	74	48	39	92	135
	0	190	134	126	108	84	67	39	97	123	155	62	200	53	22	96	84	23	61	126	188	114	249	180	115	169	223	194	33	113	106
	0	175	165	47	35	176	107	76	172	93	175	91	80	131	35	100	98	99	294	15	168	54	82	119	252	132	135	93	88	219	169
	0	79	120	115	117	122	163	44	10	65	283	120	153	42	136	95	132	87	102	88	85	195	254	14	11	170	96	236	93	41	172
	0	71	140	148	211	18	96	189	126	72	226	141	175	176	18	166	124	25	73	111	24	186	162	139	73	182	100	14	104	89	275
	0	95	48	35	212	116	27	107	225	72	170	112	53	27	61	91	223	169	95	19	58	41	208	104	43	56	193	71	51	136	192
	0	101	22	67	76	157	179	182	93	68	182	107	78	78	129	161	185	48	81	66	145	89	90	153	148	89	47	42	110	202	69
	0	127	52	172	40	114	149	109	93	53	42	89	95	43	19	257	75	135	18	87	95	88	162	113	65	54	130	54	91	102	131
	0	90	125	205	118	115	220	92	76	97	180	165	62	152	143	49	99	40	87	148	31	145	116	189	162	65	152	24	13	66	69
	0	103	192	147	42	56	245	119	69	150	71	86	126	84	148	117	232	85	106	24	37	177	188	75	161	121	81	70	167	161	35

h_pi = Inventory cost of item p at site i
 	8	4	5	6	6	6	9	5	1	6	7	1	9	3	9	4	7	3	4	1	4	6	5	4	4	1	9	5	4	6	2
	8	7	4	5	3	1	2	6	3	9	6	1	2	4	2	3	1	8	7	4	9	2	2	9	5	1	7	1	9	1	4
	8	9	7	7	4	1	2	3	9	8	1	4	8	8	8	8	9	8	4	5	6	5	3	8	8	5	6	9	4	8	7
	8	7	2	1	2	5	9	2	7	7	3	1	2	2	5	4	9	1	3	9	6	3	1	4	5	9	5	8	2	6	7
	3	9	8	5	2	9	1	1	1	7	2	6	5	4	6	4	3	6	1	7	3	3	4	9	2	8	9	5	2	1	5
	3	6	2	6	2	6	8	3	6	1	2	3	6	5	1	7	7	6	4	9	6	6	5	8	8	8	1	3	2	8	5
	3	9	9	4	9	2	2	6	2	1	9	8	8	4	3	9	3	9	6	6	3	6	7	4	1	3	4	1	1	6	3
	3	8	1	1	7	9	6	8	3	2	7	8	6	3	7	8	1	1	2	4	2	1	8	2	1	6	8	3	3	9	1
	8	4	1	8	5	6	5	6	3	1	9	3	3	4	6	3	6	5	8	2	6	9	2	4	2	8	6	8	6	4	5
	8	5	6	7	7	7	9	3	8	7	2	7	3	5	7	8	2	6	8	2	7	7	4	1	4	1	9	6	1	5	9

C = Vehicle capacity
	3350

f = Fixed transportation cost
	30628

a_ik = Transportation cost for traveling from node i to node k
 	0	229	529	56	124	750	650	806	58	52	630	213	293	191	664	791	725	98	157	484	626	140	584	42	55	764	216	700	142	133	573
	229	0	624	214	336	908	769	988	220	226	824	251	343	418	855	967	899	228	269	659	810	308	687	269	176	904	292	817	362	185	698
	529	624	0	485	587	343	154	473	480	482	402	375	283	556	411	442	380	627	684	253	353	648	64	533	557	306	339	197	455	456	109
	56	214	485	0	173	723	612	789	7	13	618	157	240	227	651	771	704	148	208	463	609	195	542	88	73	732	163	662	150	80	536
	124	336	587	173	0	756	689	791	172	165	605	323	390	94	641	780	718	124	138	487	613	76	634	85	164	783	315	738	135	253	611
	750	908	343	723	756	0	206	147	717	716	219	665	589	687	195	114	87	839	883	270	174	830	289	735	793	85	619	195	628	724	236
	650	769	154	612	689	206	0	349	607	608	333	519	430	641	330	316	264	747	800	250	278	756	91	647	685	155	479	51	554	594	79
	806	988	473	789	791	147	349	0	783	780	189	756	690	711	153	33	95	888	925	329	181	866	425	786	855	227	708	342	673	804	364
	58	220	480	7	172	717	607	783	0	9	612	156	237	224	644	765	698	151	212	456	603	197	537	88	78	726	160	657	145	82	531
	52	226	482	13	165	716	608	780	9	0	608	162	242	216	641	763	695	148	208	454	600	190	538	80	79	726	165	657	138	90	531
	630	824	402	618	605	219	333	189	612	608	0	607	556	524	37	185	141	707	741	180	56	680	376	606	681	293	558	354	492	642	306
	213	251	375	157	323	665	519	756	156	162	607	0	97	355	635	733	664	299	361	432	584	352	437	241	213	656	49	567	248	92	449
	293	343	283	240	390	589	430	690	237	242	556	97	0	403	581	665	597	386	447	377	527	430	346	314	303	573	78	477	289	186	364
	191	418	556	227	94	687	641	711	224	216	524	355	403	0	560	702	642	217	230	421	536	164	596	150	242	722	334	689	115	303	564
	664	855	411	651	641	195	330	153	644	641	37	635	581	560	0	150	112	742	777	205	59	716	381	640	714	273	587	345	527	673	311
	791	967	442	771	780	114	316	33	765	763	185	733	665	702	150	0	69	874	913	309	168	855	394	771	838	195	686	309	659	783	334
	725	899	380	704	718	87	264	95	698	695	141	664	597	642	112	69	0	810	850	242	108	792	335	706	772	170	617	266	595	715	272
	98	228	627	148	124	839	747	888	151	148	707	299	386	217	742	874	810	0	62	572	708	80	681	105	88	857	310	797	216	211	670
	157	269	684	208	138	883	800	925	212	208	741	361	447	230	777	913	850	62	0	614	746	67	737	153	150	905	371	850	256	272	722
	484	659	253	463	487	270	250	329	456	454	180	432	377	421	205	309	242	572	614	0	153	560	250	468	531	302	384	292	359	475	188
	626	810	353	609	613	174	278	181	603	600	56	584	527	536	59	168	108	708	746	153	0	688	324	605	675	242	536	298	493	627	254
	140	308	648	195	76	830	756	866	197	190	680	352	430	164	716	855	792	80	67	560	688	0	698	119	156	855	353	806	205	270	678
	584	687	64	542	634	289	91	425	537	538	376	437	346	596	381	394	335	681	737	250	324	698	0	585	614	245	399	133	500	516	70
	42	269	533	88	85	735	647	786	88	80	606	241	314	150	640	771	706	105	153	468	605	119	585	0	94	754	237	697	114	168	569
	55	176	557	73	164	793	685	855	78	79	681	213	303	242	714	838	772	88	150	531	675	156	614	94	0	804	229	735	196	123	609
	764	904	306	732	783	85	155	227	726	726	293	656	573	722	273	195	170	857	905	302	242	855	245	754	804	0	613	128	651	724	209
	216	292	339	163	315	619	479	708	160	165	558	49	78	334	587	686	617	310	371	384	536	353	399	237	229	613	0	527	222	118	407
	700	817	197	662	738	195	51	342	657	657	354	567	477	689	345	309	266	797	850	292	298	806	133	697	735	128	527	0	604	642	128
	142	362	455	150	135	628	554	673	145	138	492	248	289	115	527	659	595	216	256	359	493	205	500	114	196	651	222	604	0	213	476
	133	185	456	80	253	724	594	804	82	90	642	92	186	303	673	783	715	211	272	475	627	270	516	168	123	724	118	642	213	0	521
	573	698	109	536	611	236	79	364	531	531	306	449	364	564	311	334	272	670	722	188	254	678	70	569	609	209	407	128	476	521	0

coordXY = Coordinates (x,y): line zero => x line one => y column => customers
 	233	52	20	185	356	237	70	377	187	195	402	52	21	405	399	346	318	274	320	272	347	352	31	272	199	153	79	56	299	106	100
	183	44	667	211	186	932	812	976	217	218	789	294	385	266	825	965	902	94	53	665	798	111	730	198	140	942	334	860	308	220	740

d_pit = Demand of item p at customer i in period t
 	83	23	90	42	34	56	26	50	59	97	92	24
	20	75	55	99	76	59	27	25	35	99	33	75
	91	23	48	38	78	59	90	16	58	30	11	33
	22	50	48	45	53	41	69	93	81	37	92	39
	73	46	78	75	88	71	95	47	74	96	43	50
	84	85	62	58	64	68	78	20	23	30	42	43
	42	14	88	49	69	74	41	81	21	41	35	74
	53	79	50	10	41	83	42	25	57	88	31	79
	31	82	85	27	23	83	29	94	82	90	89	95
	36	89	31	43	34	45	50	28	38	98	40	80
	14	20	53	61	23	18	51	21	22	52	33	40
	85	74	67	57	86	13	96	58	27	36	67	95
	33	32	20	21	41	60	28	27	59	87	80	37
	56	46	39	65	53	39	46	41	96	79	36	86
	49	30	70	46	34	62	40	63	71	44	97	41
	32	71	12	89	18	43	32	55	21	45	16	70
	37	50	32	76	88	27	87	59	95	26	51	45
	76	47	99	91	67	35	47	13	51	24	75	94
	74	53	100	94	66	85	94	34	13	41	91	76
	25	88	24	14	25	44	55	83	15	63	72	79
	87	97	77	34	56	43	93	45	75	83	80	48
	46	47	37	28	42	11	48	51	78	93	69	70
	44	100	80	49	39	47	73	36	30	79	56	86
	73	43	15	98	53	41	68	57	62	72	14	69
	32	43	82	50	11	56	17	16	81	17	49	82
	74	38	48	98	48	41	31	49	90	48	69	25
	48	38	96	46	24	46	27	16	40	87	36	37
	39	88	48	84	20	11	40	77	42	70	72	25
	92	95	32	88	69	62	95	42	37	31	63	10
	44	91	74	21	50	49	86	78	80	67	14	38

	57	35	98	27	42	99	29	77	19	96	88	82
	64	70	61	50	73	32	45	54	56	93	79	21
	52	63	11	85	24	41	27	86	74	41	53	27
	16	31	44	17	85	66	85	54	100	51	77	58
	84	73	88	88	69	58	97	60	45	87	89	39
	27	40	65	18	44	93	11	27	68	47	28	29
	17	22	92	96	67	14	58	95	52	13	31	93
	97	49	13	89	65	44	43	60	100	72	59	65
	79	44	42	63	87	56	63	36	88	85	84	38
	92	63	43	56	40	79	59	43	17	45	74	64
	62	86	81	38	87	64	87	87	66	57	75	58
	20	57	89	34	54	80	47	40	29	30	93	14
	53	92	28	33	78	10	84	67	62	65	63	17
	22	92	57	27	37	51	88	92	78	92	54	89
	96	55	99	41	55	26	22	19	23	57	68	70
	84	73	71	80	80	21	47	59	65	90	34	41
	23	89	50	71	66	20	12	78	75	12	17	36
	25	36	55	96	75	58	43	59	37	96	74	68
	66	60	41	34	86	39	58	11	25	53	59	43
	84	54	50	94	64	19	31	20	24	67	73	94
	13	84	17	98	90	80	36	68	41	71	51	72
	99	83	67	76	89	72	66	91	79	49	65	60
	95	85	31	38	40	48	39	86	85	64	26	52
	62	53	93	38	83	13	62	43	77	34	31	12
	52	65	52	64	56	69	98	76	25	38	53	87
	13	34	98	78	62	93	55	76	63	68	61	94
	67	39	42	46	64	81	98	78	27	31	72	55
	33	91	69	83	45	76	67	27	100	56	65	10
	52	61	33	55	59	43	34	35	49	14	53	30
	35	71	52	83	97	91	25	86	22	77	66	82

	45	68	62	69	46	97	13	52	68	22	33	78
	90	75	14	78	51	46	32	53	56	75	50	93
	37	10	99	93	39	76	28	15	86	49	52	18
	35	84	77	13	79	37	44	16	60	62	11	68
	45	49	39	43	12	83	26	84	50	96	56	16
	31	76	88	28	75	23	32	66	16	83	99	43
	76	55	35	42	88	53	73	75	50	48	82	11
	75	68	29	67	74	45	71	96	24	63	27	42
	12	52	29	84	57	69	16	95	74	72	42	74
	77	98	80	15	69	59	49	32	28	88	34	52
	26	65	69	23	98	91	17	61	76	11	96	12
	80	77	93	34	47	51	98	62	17	16	84	19
	53	78	27	60	53	40	48	41	60	39	66	86
	35	32	40	54	100	88	58	92	76	13	89	44
	60	40	94	29	50	95	56	96	64	92	14	38
	98	70	60	37	38	60	92	99	64	51	40	40
	62	37	84	48	67	32	81	67	74	48	25	35
	99	100	95	99	15	31	97	32	78	13	12	77
	15	92	39	52	99	34	17	17	60	85	31	81
	96	37	35	73	31	26	75	83	65	13	37	67
	54	87	32	28	98	34	67	23	31	100	72	75
	82	27	47	90	38	55	58	91	55	96	39	81
	60	59	97	39	43	81	74	51	79	85	97	13
	68	18	78	88	93	22	80	54	75	65	55	82
	70	43	19	94	75	82	18	28	76	30	16	35
	25	68	42	52	81	27	87	93	64	72	84	38
	13	40	40	87	20	24	68	72	44	35	31	23
	45	43	94	14	23	38	72	74	72	68	87	73
	65	43	32	79	76	59	99	36	74	52	51	57
	53	40	26	50	85	94	88	14	45	63	81	32

	60	19	99	24	56	71	88	12	72	86	43	97
	52	53	15	71	91	81	22	45	41	40	85	50
	98	17	51	69	89	51	67	84	42	27	81	81
	61	15	12	29	55	15	92	42	57	92	71	34
	37	62	23	35	31	30	21	27	58	20	19	28
	65	98	45	46	17	81	16	87	83	26	96	33
	44	58	82	53	85	51	80	92	54	20	21	11
	10	32	26	37	52	81	11	88	60	41	92	91
	25	40	73	40	21	59	77	94	62	35	23	99
	87	74	31	91	34	91	90	74	41	51	71	69
	67	35	18	99	75	38	42	66	98	34	44	85
	54	99	57	67	62	49	68	50	98	39	87	63
	42	23	16	34	68	67	24	92	81	47	91	38
	41	95	71	51	14	26	85	79	47	29	38	46
	71	24	100	30	38	30	53	35	33	47	90	28
	96	36	49	21	78	31	79	71	22	57	55	46
	66	21	40	77	63	50	29	36	86	82	79	81
	65	37	54	42	45	64	39	69	40	22	50	74
	88	75	30	82	99	70	21	38	45	25	45	35
	85	54	72	92	76	33	42	23	63	17	52	68
	51	25	46	73	44	67	22	69	74	88	66	45
	77	86	91	93	57	34	71	66	30	96	35	30
	14	68	38	62	37	86	21	17	23	63	80	86
	11	92	83	96	11	90	16	58	46	100	72	16
	91	39	40	100	59	77	45	69	21	29	85	63
	96	94	54	60	96	14	67	88	59	83	61	35
	91	83	62	31	43	52	82	29	70	59	40	98
	93	79	55	45	77	47	62	25	87	34	41	14
	41	45	75	82	94	38	14	96	39	26	51	37
	21	29	92	30	98	99	34	24	83	95	51	94

	26	45	71	29	66	23	92	12	24	43	73	33
	44	21	53	22	76	21	96	51	17	26	56	38
	99	49	37	12	18	54	22	94	61	62	100	40
	74	42	81	14	28	13	79	95	15	59	87	30
	18	62	28	67	70	12	43	43	25	49	41	29
	56	40	36	32	52	63	72	75	22	47	20	72
	28	58	52	51	29	63	54	65	11	89	37	66
	74	11	41	46	77	69	64	81	43	90	75	34
	72	43	95	52	47	21	13	64	88	99	80	39
	49	38	76	63	31	52	84	92	99	29	58	41
	59	55	27	13	49	14	64	53	39	65	17	97
	85	47	43	97	41	76	54	33	28	55	99	59
	40	93	43	79	26	92	53	10	94	89	26	35
	18	48	19	35	24	45	76	73	95	43	59	16
	85	81	76	76	69	52	95	46	70	33	56	63
	87	37	81	43	21	39	80	17	80	83	36	14
	25	11	52	24	31	56	81	29	48	60	92	79
	73	28	15	38	58	48	96	57	95	46	90	18
	71	40	80	67	68	98	32	53	43	33	52	17
	24	45	59	84	38	77	71	93	31	72	41	67
	74	17	95	37	32	30	27	31	33	93	41	52
	54	63	45	18	93	71	70	96	44	43	26	87
	25	69	45	66	75	66	40	16	16	65	90	39
	43	30	33	35	69	53	90	37	91	54	26	22
	48	38	96	74	28	67	93	46	74	59	64	73
	100	22	41	20	60	46	35	13	80	97	53	46
	14	88	40	32	74	28	92	62	53	58	75	73
	41	63	11	63	72	48	97	23	36	12	98	83
	46	43	86	56	26	12	86	96	55	72	63	26
	67	65	91	52	59	30	67	93	92	39	24	71

	95	95	39	23	57	16	84	66	61	75	98	37
	20	28	98	31	77	96	32	51	27	13	84	54
	11	24	72	55	63	50	32	54	87	67	11	48
	88	67	57	67	49	96	40	57	84	95	51	52
	28	88	59	79	89	43	39	79	56	70	52	47
	27	22	30	99	92	44	52	74	58	60	97	14
	80	27	81	32	41	10	47	18	28	90	63	40
	65	69	91	97	54	55	69	50	40	51	39	29
	72	19	18	60	80	32	84	82	94	64	59	15
	90	43	37	31	58	21	84	39	44	82	16	62
	13	99	86	49	52	89	52	40	90	74	37	46
	35	18	33	61	35	36	62	90	49	49	95	56
	27	87	77	52	22	57	70	53	97	52	59	74
	13	18	10	20	82	40	91	79	64	98	94	94
	91	28	35	26	59	53	91	96	47	49	88	12
	100	68	55	83	25	87	54	90	15	18	61	53
	90	79	70	94	10	35	37	84	61	54	40	25
	61	34	97	43	90	35	93	93	70	60	33	97
	19	65	20	78	77	48	39	48	77	26	26	61
	58	85	13	28	96	96	89	58	90	11	11	76
	41	35	43	23	18	96	61	97	75	89	44	61
	63	79	44	22	24	18	92	90	35	51	84	11
	14	90	95	28	66	62	16	13	32	43	13	49
	43	88	46	10	53	83	80	52	57	76	51	45
	56	57	63	91	90	48	39	46	85	13	17	53
	47	86	60	30	85	40	25	25	94	83	72	32
	71	39	67	31	49	95	89	24	52	59	77	90
	51	46	53	20	39	89	32	44	59	50	94	55
	45	91	62	59	99	45	30	95	14	90	63	36
	88	34	70	53	84	91	66	37	49	60	93	28

	72	29	97	31	41	70	50	83	78	17	26	98
	22	93	75	74	61	77	48	85	14	48	16	65
	67	10	27	74	15	92	84	98	76	84	81	58
	76	66	31	63	15	78	66	79	39	58	32	20
	58	34	17	48	17	80	25	50	67	24	58	19
	81	98	82	29	62	61	87	14	21	70	63	79
	81	54	37	10	11	38	84	51	91	66	91	64
	49	44	88	13	87	98	50	52	27	60	29	59
	68	68	87	20	54	21	60	15	99	68	65	76
	63	86	33	91	86	69	29	96	73	34	14	62
	55	21	31	56	91	96	69	30	84	19	27	40
	78	22	74	45	85	72	38	42	13	96	42	77
	63	15	16	33	58	12	13	54	20	34	86	78
	96	33	71	98	93	63	39	39	44	94	34	79
	39	80	42	40	87	70	28	100	52	73	35	12
	93	63	29	83	96	35	26	82	42	98	85	36
	48	46	54	89	32	26	40	26	43	63	79	13
	29	52	84	27	36	43	73	23	67	37	15	82
	66	71	74	86	85	95	88	80	39	79	60	35
	73	72	54	90	10	49	91	94	46	81	18	52
	89	64	79	96	98	25	31	88	98	43	37	55
	90	45	33	94	52	38	28	94	98	40	66	96
	93	60	91	13	54	76	79	89	90	85	34	45
	79	52	17	69	30	63	37	81	19	37	93	12
	89	90	39	26	82	32	94	97	29	76	48	52
	29	18	95	96	93	84	41	53	59	60	34	52
	42	19	91	54	72	15	34	36	60	61	68	47
	26	30	38	16	46	17	62	55	25	60	67	60
	85	33	84	15	19	86	80	84	78	70	73	64
	33	36	46	50	41	91	74	48	62	48	85	26

	75	26	26	66	34	31	69	87	36	73	72	81
	25	27	11	47	20	80	61	27	90	11	66	34
	27	52	93	12	32	33	67	57	63	45	24	96
	40	41	77	79	65	72	92	38	45	45	37	29
	56	58	74	46	46	93	27	66	60	66	13	85
	84	65	90	46	45	47	41	97	16	35	94	48
	86	23	48	81	67	10	58	84	89	96	15	76
	93	21	37	69	24	59	79	50	28	32	28	23
	53	25	45	42	28	78	24	14	19	14	52	61
	42	46	23	23	63	43	81	64	69	87	44	25
	89	50	75	77	68	51	19	48	52	83	100	26
	95	43	25	96	18	34	14	28	48	16	33	30
	43	21	31	19	95	77	56	44	99	25	58	54
	19	14	91	74	73	23	44	38	63	39	63	99
	99	81	77	68	16	23	19	47	44	63	93	13
	60	15	31	83	64	92	33	28	88	53	77	17
	15	23	97	19	56	44	42	95	57	14	80	76
	18	34	80	76	72	40	95	31	31	45	56	59
	40	33	14	30	47	36	88	24	94	83	47	32
	34	24	37	56	30	62	29	93	45	60	19	56
	88	60	59	18	53	52	11	64	38	51	13	19
	53	79	30	48	57	34	78	99	17	60	13	32
	17	96	59	31	70	97	87	31	86	86	96	37
	65	40	61	71	40	94	57	23	50	94	35	71
	40	14	95	56	48	62	15	95	39	91	50	56
	45	85	26	75	21	21	53	95	14	69	94	16
	41	13	38	40	97	66	12	86	91	77	52	64
	13	29	22	27	57	71	84	87	16	69	36	53
	17	85	85	77	85	42	84	87	20	20	51	42
	78	11	42	93	89	79	49	61	10	80	96	28

	90	79	15	45	73	24	43	40	70	47	79	67
	54	53	18	43	26	76	18	99	80	29	62	35
	32	56	71	46	33	40	94	84	89	75	60	28
	56	62	81	38	36	99	87	55	99	37	33	86
	19	32	64	71	59	32	32	22	85	64	38	24
	26	53	47	94	96	41	61	62	96	35	60	79
	92	44	68	33	21	75	35	48	85	55	12	50
	76	28	27	39	20	59	43	70	58	35	95	96
	80	17	20	54	93	51	94	80	52	30	94	21
	96	84	58	34	54	93	78	88	15	72	90	38
	23	57	85	47	72	61	100	73	46	66	42	36
	29	33	52	76	55	56	48	22	73	81	12	18
	34	77	41	62	42	52	96	48	93	55	84	73
	97	46	81	48	94	88	19	73	38	16	16	35
	15	34	56	97	76	98	95	80	66	59	80	74
	99	48	99	42	84	59	13	16	40	81	46	21
	40	13	59	15	39	14	56	45	81	54	46	94
	87	38	44	41	81	12	78	90	45	74	67	98
	45	46	57	96	41	75	25	24	55	14	42	77
	31	95	23	80	46	44	50	39	90	91	37	26
	46	99	49	29	95	27	88	33	42	40	63	63
	35	44	37	10	61	27	92	95	43	25	76	55
	30	83	76	87	51	87	88	46	54	70	37	71
	19	20	62	61	91	31	16	26	63	65	76	45
	55	10	84	64	23	14	76	89	22	100	95	62
	100	52	86	66	71	30	39	77	77	13	44	27
	24	91	77	38	60	74	35	59	95	50	78	69
	13	47	71	63	74	53	47	80	17	57	48	88
	66	54	42	27	79	100	68	15	95	71	18	64
	25	44	98	83	31	32	48	56	84	44	88	15

	62	41	53	44	97	96	24	77	74	13	81	29
	94	98	86	77	89	31	31	66	45	98	75	51
	82	65	88	75	15	48	38	19	17	69	19	45
	42	70	32	92	11	45	51	79	11	58	18	78
	56	72	23	16	51	10	24	74	70	16	12	16
	82	69	94	80	24	24	69	80	55	71	14	82
	54	65	82	27	20	74	95	12	94	96	23	21
	69	86	78	21	40	66	47	68	64	46	96	60
	52	35	16	47	48	54	78	51	51	12	32	11
	35	36	53	66	54	32	65	27	25	77	30	20
	86	25	36	50	75	99	66	68	82	35	23	47
	56	70	53	87	31	32	89	19	44	24	63	84
	84	99	90	78	35	16	20	79	16	21	83	12
	69	79	22	72	73	79	22	70	37	77	50	33
	23	52	42	96	26	10	62	41	18	90	64	60
	79	81	72	97	38	40	68	56	82	54	84	63
	42	43	63	67	54	38	54	95	74	98	11	42
	76	30	91	82	59	31	14	99	65	29	16	66
	24	29	71	80	53	80	60	70	77	70	53	39
	37	45	84	21	17	91	39	26	95	23	36	60
	31	54	92	82	89	97	60	38	56	20	20	99
	26	98	54	10	10	54	54	69	94	12	13	26
	75	33	57	57	52	47	13	65	15	25	36	96
	90	33	38	14	92	11	73	33	99	29	94	22
	17	35	69	97	51	28	39	14	48	28	57	12
	81	69	58	98	98	86	86	85	70	41	28	44
	24	46	35	68	44	66	65	89	67	87	24	79
	78	89	98	96	50	62	14	53	64	51	22	16
	64	59	38	65	62	35	92	74	19	46	61	45
	24	11	99	53	21	42	49	85	91	51	26	41

