***** PARAMETERS PRP *****

Number of Customers = 30
Number of Products = 10
Number of Vehicles = 5
Number of Periods = 12

B = Production capacity
	49390

b_p = Time required to produce item p
 	1	1	1	1	1	1	1	1	1	1

c_p = Production cost of item p
 	800	300	300	300	800	800	800	800	800	800

s_p = Setup cost of item p
 	800	300	300	300	800	800	800	800	800	800

M = Big number
	197559

U_pi = Maximum inventory upper bound of item p at site i
 	197559	257	224	240	145	87	236	201	381	96	153	161	124	238	102	112	141	241	143	244	184	275	175	255	112	218	139	85	238	181	143
	197559	229	269	132	89	171	252	169	195	269	136	252	170	80	222	84	277	282	242	106	206	269	116	307	102	201	177	208	252	124	107
	197559	144	117	183	183	95	356	147	192	232	173	151	220	95	150	107	204	126	192	247	173	128	329	294	203	221	197	206	94	277	131
	197559	255	99	195	214	236	166	135	101	85	157	301	187	181	193	250	111	107	282	111	244	104	157	245	152	240	216	196	201	170	157
	197559	176	311	228	98	221	142	156	334	318	218	162	224	225	151	167	228	137	112	281	178	201	233	323	115	288	96	228	221	288	232
	197559	123	96	99	112	124	303	247	209	257	145	171	233	276	175	206	247	125	246	345	281	81	256	338	248	231	134	102	259	275	122
	197559	306	178	296	216	200	191	325	99	138	213	103	283	181	306	203	310	118	231	300	237	114	233	95	224	212	226	213	202	94	191
	197559	293	311	244	313	125	268	198	199	262	138	189	305	94	266	150	190	217	110	164	193	151	286	270	115	188	125	85	180	216	288
	197559	177	115	146	246	202	306	204	146	193	314	114	175	84	113	126	151	246	289	200	242	140	193	256	260	202	290	199	96	154	303
	197559	142	190	97	252	99	302	308	233	302	176	136	197	269	109	195	259	185	152	211	110	105	153	85	199	108	153	139	132	126	298

I_pi0 = Initial inventory of item p at site i
 	0	79	114	157	16	32	205	134	259	56	118	57	83	42	90	66	59	237	141	200	48	113	173	188	83	114	99	62	106	147	102
	0	201	86	61	80	16	81	76	176	70	70	112	120	57	153	31	34	228	58	33	171	40	111	88	93	182	61	186	13	79	44
	0	99	115	122	120	27	164	121	85	132	110	130	87	79	102	74	159	64	130	33	101	111	284	31	153	90	156	195	90	65	47
	0	158	89	173	180	89	141	93	60	33	132	154	152	157	154	65	31	79	166	53	179	71	50	151	83	92	138	99	131	62	74
	0	62	98	196	57	77	129	131	290	223	99	111	222	65	146	160	172	123	108	257	125	184	187	210	51	128	90	82	126	221	25
	0	103	95	89	95	66	254	169	149	42	85	124	200	21	149	199	145	82	220	257	11	60	31	181	187	28	86	88	76	190	87
	0	214	158	138	158	188	121	52	55	115	45	34	39	161	58	178	65	70	215	62	89	61	72	90	197	86	92	153	103	76	141
	0	214	137	202	266	119	186	148	118	90	92	124	89	20	19	113	89	98	98	161	93	27	151	167	64	151	118	0	149	179	36
	0	169	86	135	137	71	129	186	44	138	246	90	145	53	103	78	23	123	88	48	238	114	144	24	170	118	85	177	70	89	37
	0	134	158	52	55	44	260	67	52	157	152	84	94	185	98	131	199	95	78	95	68	49	110	83	63	80	26	76	98	68	298

h_pi = Inventory cost of item p at site i
 	8	4	3	8	2	5	5	1	3	7	6	5	6	5	7	8	7	9	7	6	9	4	4	2	6	5	2	7	7	7	9
	3	1	8	8	4	9	9	8	3	6	7	8	8	8	3	4	2	4	3	1	6	5	2	9	1	1	8	4	3	1	3
	3	9	2	8	9	8	8	5	1	4	7	1	3	8	9	7	4	6	1	7	4	8	3	2	5	4	4	5	5	3	3
	3	8	1	1	5	8	7	4	9	7	8	3	1	4	6	6	1	5	8	1	8	1	6	5	5	5	9	2	2	2	6
	8	6	7	9	4	5	3	1	4	7	1	4	5	9	6	2	7	5	2	6	3	7	2	9	3	7	7	5	5	2	6
	8	3	6	1	4	5	5	5	1	8	2	9	6	7	8	8	9	8	3	5	9	8	6	1	7	5	9	8	7	5	9
	8	7	3	7	6	6	3	5	3	6	8	2	1	1	4	2	4	9	6	4	9	8	4	8	5	7	7	3	2	6	5
	8	6	4	8	9	1	6	4	2	7	4	6	7	8	2	5	6	7	3	1	9	2	3	2	4	4	7	9	5	5	9
	8	4	2	9	7	8	1	5	9	2	5	9	8	1	2	4	4	3	1	5	4	8	5	7	7	8	5	3	5	1	9
	8	5	6	8	7	6	2	3	4	4	6	3	1	5	3	6	1	2	4	4	4	8	9	9	6	9	2	1	9	8	6

C = Vehicle capacity
	3810

f = Fixed transportation cost
	30535

a_ik = Transportation cost for traveling from node i to node k
 	0	63	205	357	100	687	405	688	306	189	368	199	310	336	179	513	164	362	445	680	373	239	215	336	521	489	388	203	144	409	414
	63	0	266	342	162	637	350	638	366	129	333	241	267	315	241	465	147	303	384	620	406	179	255	338	460	443	349	239	167	432	459
	205	266	0	437	110	844	584	846	158	386	496	149	466	438	61	669	295	553	639	872	294	437	163	375	720	639	528	173	204	361	277
	357	342	437	0	403	452	303	457	592	304	121	294	180	47	461	296	196	335	407	579	291	318	285	91	490	261	161	269	242	245	401
	100	162	110	403	0	772	498	773	212	287	438	164	392	392	81	597	228	459	543	778	341	338	182	360	620	570	463	180	162	394	356
	687	637	844	452	772	0	297	8	983	517	354	720	380	428	848	176	549	365	330	260	742	479	717	542	336	205	318	698	641	688	853
	405	350	584	303	498	297	0	296	709	224	186	486	138	258	577	146	296	75	107	297	565	183	488	380	187	144	152	467	395	538	665
	688	638	846	457	773	8	296	0	984	517	357	723	382	431	849	178	552	363	327	253	746	479	720	547	331	208	321	701	644	693	858
	306	366	158	592	212	983	709	984	0	494	643	306	603	589	136	808	435	668	749	985	437	544	319	532	823	780	671	330	354	510	393
	189	129	386	304	287	517	224	517	494	0	252	324	170	264	367	350	153	174	256	492	460	52	334	334	335	333	255	314	233	465	535
	368	333	496	121	438	354	186	357	643	252	0	368	88	81	508	185	210	228	292	459	403	247	364	206	372	152	42	345	293	364	510
	199	241	149	294	164	720	486	723	306	324	368	0	355	301	188	548	191	471	558	781	179	372	19	227	644	517	403	25	94	231	219
	310	267	466	180	392	380	138	382	603	170	88	355	0	133	468	205	172	155	233	432	428	160	356	248	318	179	86	335	268	404	528
	336	315	438	47	392	428	258	431	589	264	81	301	133	0	456	264	173	288	361	539	323	274	295	126	444	230	122	276	236	284	431
	179	241	61	461	81	848	577	849	136	367	508	188	468	456	0	672	300	539	623	858	348	418	204	408	700	645	536	210	220	412	337
	513	465	669	296	597	176	146	178	808	350	185	548	205	264	672	0	374	220	223	299	585	318	546	385	273	35	146	526	467	539	694
	164	147	295	196	228	549	296	552	435	153	210	191	172	173	300	374	0	280	368	591	308	192	196	195	454	346	237	175	100	313	389
	362	303	553	335	459	365	75	363	668	174	228	471	155	288	539	220	280	0	88	320	572	126	476	401	174	217	202	455	377	555	664
	445	384	639	407	543	330	107	327	749	256	292	558	233	361	623	223	368	88	0	236	657	206	564	480	87	234	258	543	465	636	751
	680	620	872	579	778	260	297	253	985	492	459	781	432	539	858	299	591	320	236	0	857	442	784	664	173	331	418	763	690	822	959
	373	406	294	291	341	742	565	746	437	460	403	179	428	323	348	585	308	572	657	857	0	500	161	201	743	550	444	171	240	80	113
	239	179	437	318	338	479	183	479	544	52	247	372	160	274	418	318	192	126	206	442	500	0	380	359	284	304	241	360	279	498	579
	215	255	163	285	182	717	488	720	319	334	364	19	356	295	204	546	196	476	564	784	161	380	0	215	649	514	400	22	101	213	205
	336	338	375	91	360	542	380	547	532	334	206	227	248	126	408	385	195	401	480	664	201	359	215	0	565	351	247	202	201	159	312
	521	460	720	490	620	336	187	331	823	335	372	644	318	444	700	273	454	174	87	173	743	284	649	565	0	292	337	628	550	722	838
	489	443	639	261	570	205	144	208	780	333	152	517	179	230	645	35	346	217	234	331	550	304	514	351	292	0	114	494	437	505	660
	388	349	528	161	463	318	152	321	671	255	42	403	86	122	536	146	237	202	258	418	444	241	400	247	337	114	0	381	325	404	551
	203	239	173	269	180	698	467	701	330	314	345	25	335	276	210	526	175	455	543	763	171	360	22	202	628	494	381	0	81	215	223
	144	167	204	242	162	641	395	644	354	233	293	94	268	236	220	467	100	377	465	690	240	279	101	201	550	437	325	81	0	267	304
	409	432	361	245	394	688	538	693	510	465	364	231	404	284	412	539	313	555	636	822	80	498	213	159	722	505	404	215	267	0	184
	414	459	277	401	356	853	665	858	393	535	510	219	528	431	337	694	389	664	751	959	113	579	205	312	838	660	551	223	304	184	0

coordXY = Coordinates (x,y): line zero => x line one => y column => customers
 	84	82	127	418	84	459	243	453	1	120	367	247	280	382	71	381	228	172	159	216	418	121	265	418	128	386	358	263	226	477	393
	327	389	127	452	228	902	699	907	33	512	561	214	567	482	149	745	404	678	765	994	162	563	212	362	846	711	601	233	305	215	52

d_pit = Demand of item p at customer i in period t
 	28	51	50	26	72	54	32	93	62	71	41	36
	34	69	11	93	77	10	46	39	71	55	68	99
	73	27	57	53	22	45	41	23	72	13	88	62
	16	14	13	63	62	22	33	99	37	96	47	77
	32	65	90	72	15	17	26	74	56	22	36	15
	44	58	39	64	28	80	44	26	98	74	59	93
	57	41	36	90	43	99	50	97	85	42	92	72
	88	76	95	99	41	88	80	35	97	58	100	58
	56	71	45	48	16	86	76	22	20	67	29	39
	40	30	48	48	30	22	21	82	71	25	10	33
	57	16	71	84	73	13	13	43	85	70	85	32
	26	57	36	79	73	24	79	90	63	92	47	80
	42	11	100	30	70	83	37	53	57	44	14	31
	90	34	21	12	81	93	21	43	54	38	27	96
	66	99	80	62	49	58	19	64	16	22	47	88
	42	17	82	16	89	25	22	82	53	25	52	60
	63	42	37	95	87	24	55	94	68	55	73	30
	76	65	94	72	83	89	46	63	62	98	96	11
	38	46	55	61	33	81	63	23	52	44	45	45
	48	59	53	78	80	86	36	21	88	65	50	70
	82	31	27	68	75	87	42	30	22	93	42	62
	53	89	31	35	48	98	21	55	50	98	81	42
	35	89	64	98	92	33	95	74	36	49	52	48
	29	54	73	28	85	89	23	52	66	74	72	24
	24	90	83	77	50	62	27	80	90	30	25	16
	99	95	39	77	28	92	93	48	32	44	96	92
	14	48	42	32	47	35	34	49	31	31	51	94
	58	17	31	71	44	62	54	64	11	62	31	67
	92	43	12	50	79	35	80	89	66	72	72	34
	24	64	14	22	64	27	31	12	13	100	43	15

	36	37	79	49	61	50	47	86	38	30	14	22
	73	13	34	64	14	99	38	65	35	41	85	85
	28	15	18	30	41	10	35	39	96	35	83	98
	19	61	40	28	26	33	39	66	47	64	82	26
	16	36	55	58	16	74	52	23	13	58	68	43
	11	70	45	54	79	97	38	38	36	19	17	100
	76	50	84	60	53	44	38	27	62	90	54	39
	81	57	38	43	31	30	45	54	21	39	73	74
	70	77	37	70	81	20	50	35	49	28	90	39
	70	74	68	83	79	46	55	36	95	64	95	50
	66	46	14	68	91	39	87	13	93	57	83	100
	18	63	39	50	20	71	36	52	19	78	38	27
	57	95	24	15	84	44	30	25	42	14	31	18
	60	43	50	44	26	56	94	99	73	69	39	13
	31	55	53	54	86	52	42	19	11	66	13	20
	34	81	53	62	88	20	44	60	44	34	59	86
	68	41	95	24	63	14	67	81	57	63	23	80
	58	98	65	83	67	29	55	65	78	39	14	76
	20	13	89	88	21	83	61	24	69	50	84	33
	84	87	26	12	78	39	98	82	50	16	17	30
	20	20	84	42	72	49	10	61	98	56	51	82
	66	10	35	51	50	58	96	99	55	61	95	20
	88	98	70	71	69	11	66	30	92	65	55	22
	93	26	25	22	99	58	89	27	64	48	23	37
	20	56	19	87	93	32	66	46	31	38	33	81
	61	66	93	40	87	33	87	31	59	99	40	13
	37	66	83	33	83	93	87	91	93	59	64	44
	13	11	54	27	36	55	64	85	66	61	69	64
	13	66	87	31	99	91	80	21	85	44	99	30
	44	64	25	70	82	43	87	51	11	88	57	18

	39	35	25	12	36	89	92	74	91	35	33	13
	30	85	12	49	78	33	67	22	47	91	94	92
	21	89	12	15	36	61	78	63	61	38	17	57
	37	83	90	43	75	94	90	23	44	31	81	41
	27	60	18	99	90	22	50	90	71	10	11	21
	68	96	95	88	58	88	42	33	20	85	87	94
	25	96	34	32	58	94	37	19	25	76	74	18
	72	13	96	13	99	75	71	76	71	48	44	89
	60	72	56	81	69	99	34	38	29	14	51	92
	73	37	74	48	82	89	15	65	14	83	57	54
	79	51	34	57	49	65	15	65	67	26	32	65
	40	47	35	14	34	30	19	76	26	58	94	55
	79	56	33	51	15	30	13	84	76	65	28	38
	41	50	11	76	57	76	58	63	27	20	43	76
	63	11	85	56	17	41	63	25	96	64	73	45
	66	17	61	15	62	49	97	14	44	44	99	43
	14	50	90	72	52	19	38	69	91	89	84	88
	20	80	30	41	54	85	91	39	55	88	90	94
	33	16	44	97	56	85	35	23	68	98	88	97
	37	64	41	68	33	11	68	99	68	40	89	75
	90	21	71	100	70	73	37	46	55	95	12	97
	39	99	85	61	33	72	90	79	71	68	65	27
	31	27	41	73	98	42	81	76	55	46	58	78
	97	56	74	44	61	36	100	41	97	77	70	59
	41	18	31	28	75	91	86	88	35	16	80	73
	91	65	46	74	31	65	41	69	91	49	91	76
	32	12	85	66	39	97	51	27	32	45	40	92
	21	69	34	94	42	63	32	22	53	28	63	41
	54	11	30	89	82	57	21	62	23	80	79	77
	47	98	47	94	75	54	36	97	93	28	86	30

	86	72	33	43	21	64	27	44	44	69	75	33
	21	68	89	78	28	38	25	56	17	38	49	85
	85	18	70	26	48	38	70	36	70	36	74	14
	84	20	76	61	24	30	25	22	21	73	13	64
	47	10	32	29	90	68	49	21	97	15	55	54
	55	17	69	75	69	54	25	38	80	47	50	83
	93	97	45	56	68	100	13	93	89	79	16	58
	39	21	99	10	26	20	64	77	12	98	52	88
	33	10	52	50	19	50	53	70	62	13	59	40
	34	98	61	34	16	16	75	76	27	80	30	81
	79	75	16	71	65	21	77	67	39	91	61	60
	95	57	48	11	12	97	41	23	68	19	37	52
	37	37	83	16	33	37	90	23	18	28	14	18
	66	88	52	70	41	58	67	71	74	74	15	96
	65	54	48	89	22	15	98	40	59	41	22	47
	31	13	79	74	70	24	83	40	43	63	73	75
	79	80	44	11	71	48	39	18	86	55	99	12
	67	24	75	72	48	47	75	27	91	25	36	89
	53	21	98	18	63	77	55	33	70	51	70	57
	77	37	65	91	40	45	75	92	70	15	60	66
	48	23	97	61	58	37	47	89	59	50	19	33
	29	21	19	42	68	18	38	68	52	36	29	50
	98	53	96	40	82	67	35	10	56	92	24	81
	61	22	76	19	80	48	45	32	39	55	43	87
	92	82	31	44	47	17	21	40	49	91	15	48
	27	28	54	29	81	46	25	94	58	49	86	70
	99	75	79	48	44	40	49	73	77	61	78	62
	65	66	96	90	82	57	16	74	53	92	90	24
	62	53	46	76	29	40	99	29	38	99	24	84
	74	90	74	62	17	69	26	49	50	18	35	63

	62	33	70	54	89	50	85	60	70	34	14	83
	16	82	93	99	72	82	97	23	32	54	11	85
	46	41	71	38	65	92	16	82	90	64	31	47
	57	93	29	44	81	48	56	13	90	42	10	27
	77	78	96	96	56	21	99	59	92	89	42	79
	54	26	49	69	90	43	40	41	18	22	46	71
	49	82	26	29	76	15	65	51	87	91	23	28
	83	26	87	94	89	68	62	86	65	34	70	37
	54	77	40	52	71	88	68	57	84	32	39	100
	19	80	78	82	50	42	27	90	78	61	36	11
	38	73	63	63	57	71	50	38	36	57	36	64
	87	71	64	36	29	69	40	13	39	72	92	59
	65	31	89	15	10	96	67	49	83	46	39	86
	81	23	42	46	84	69	23	86	16	79	25	28
	41	43	32	44	34	96	28	77	92	78	90	13
	26	44	37	65	76	49	58	37	36	13	66	41
	95	10	18	44	30	27	52	99	35	71	42	26
	29	79	75	73	50	72	86	92	26	10	56	23
	62	95	20	80	78	93	21	25	62	43	32	63
	59	31	35	10	42	76	34	59	16	62	27	82
	27	95	62	31	62	26	27	47	64	17	69	76
	66	54	67	66	68	79	59	50	71	23	52	44
	54	63	16	77	78	59	82	62	61	55	71	98
	51	79	24	51	75	66	42	19	98	64	36	87
	34	94	91	12	17	14	90	64	68	58	82	66
	90	42	41	10	33	59	32	84	35	70	58	22
	71	11	14	34	95	74	46	40	31	19	66	47
	62	16	48	31	68	70	27	27	75	22	64	20
	38	90	93	60	28	68	56	52	44	55	61	46
	25	50	44	17	70	13	12	83	32	85	32	93

	24	79	65	68	33	74	95	79	49	59	27	87
	55	40	28	37	59	68	44	98	66	53	11	17
	11	35	43	87	56	20	50	69	96	41	34	50
	73	22	31	77	63	74	90	29	40	65	85	23
	66	100	40	59	72	68	99	98	27	71	11	30
	57	77	83	37	48	99	75	78	23	44	92	15
	83	86	97	28	77	18	33	43	93	16	85	82
	45	38	66	15	20	27	81	54	77	84	87	34
	42	93	58	19	51	41	43	58	34	22	62	93
	85	93	56	54	95	58	21	86	98	98	83	44
	39	85	73	30	82	19	27	67	95	91	38	37
	53	19	66	62	66	13	36	78	36	91	89	91
	21	72	95	76	75	23	42	31	96	13	79	39
	64	72	13	36	13	28	86	62	48	43	20	39
	62	35	67	35	17	74	99	71	66	26	36	30
	95	50	47	89	99	17	31	68	74	100	13	59
	68	14	67	12	57	33	90	89	72	95	91	61
	53	54	36	77	54	93	61	90	38	99	31	51
	65	96	96	83	91	88	41	81	76	21	61	30
	11	36	94	93	55	89	25	63	34	69	74	31
	18	42	91	41	44	96	29	22	11	36	13	41
	17	14	93	59	29	51	91	28	31	61	83	58
	81	42	58	99	30	96	65	22	74	86	77	80
	46	59	15	67	31	74	75	10	39	84	18	77
	28	51	55	59	19	40	60	30	29	96	74	13
	86	74	98	24	50	49	74	80	41	97	43	89
	53	35	65	43	38	99	40	26	59	36	31	86
	76	70	77	37	18	71	79	86	41	50	83	90
	39	83	68	41	30	93	38	94	51	38	10	75
	87	98	42	36	63	49	80	39	45	56	91	45

	53	48	24	89	90	67	89	21	76	50	100	27
	64	22	72	27	25	47	61	19	82	40	50	25
	25	57	56	81	69	88	21	35	57	59	98	65
	13	83	62	61	14	23	47	30	47	33	20	86
	82	73	33	72	23	42	96	82	89	48	80	78
	84	37	95	98	12	83	62	62	57	80	27	66
	52	72	58	49	99	97	59	60	95	42	50	46
	41	14	24	62	65	61	39	90	64	73	50	13
	31	55	29	57	29	33	34	64	30	83	22	85
	45	42	15	48	16	44	41	75	97	34	37	17
	34	60	11	68	11	32	69	21	99	88	28	94
	39	67	38	17	95	47	50	80	90	57	78	20
	26	67	68	82	58	27	92	11	84	96	85	27
	58	69	22	84	97	72	18	77	95	11	78	53
	32	12	76	58	82	47	23	45	81	18	48	86
	65	96	43	58	60	48	16	59	63	72	89	74
	38	32	36	36	75	59	20	14	72	54	23	11
	59	100	56	77	21	42	39	67	26	63	69	73
	62	99	78	13	24	85	50	71	51	48	78	60
	89	97	46	90	90	94	86	85	90	62	76	41
	61	50	91	52	32	30	56	35	64	72	51	91
	72	43	36	53	23	23	16	68	48	44	89	45
	90	11	32	66	58	50	34	32	42	85	40	27
	72	53	72	73	92	44	25	33	41	59	46	62
	86	96	74	54	66	41	93	86	83	36	77	55
	92	73	45	85	58	68	35	61	44	23	54	41
	71	82	62	30	37	19	29	29	32	98	63	86
	80	23	31	42	77	12	49	94	26	46	71	55
	24	34	18	89	57	24	66	13	52	93	54	41
	59	11	71	70	21	12	83	53	24	41	36	92

	90	16	34	74	60	92	81	65	76	14	21	80
	33	72	32	82	94	61	63	32	72	49	67	90
	45	11	73	73	32	67	10	83	92	20	44	35
	89	58	51	68	95	42	54	45	58	68	34	89
	94	25	43	61	27	11	54	38	52	64	18	12
	32	84	70	37	68	22	71	33	41	40	72	73
	60	88	92	66	30	41	93	95	76	91	42	17
	80	38	13	87	81	15	87	26	78	24	23	44
	90	20	71	26	65	39	39	25	69	12	87	85
	49	43	59	69	55	11	62	23	19	60	61	40
	72	52	73	40	83	91	35	14	69	96	65	67
	14	75	77	67	18	88	98	65	26	86	72	46
	20	46	35	40	67	72	37	95	52	16	24	60
	19	19	68	60	51	77	77	50	35	72	90	21
	25	10	78	93	26	79	44	34	24	50	91	46
	89	55	96	23	70	95	87	57	48	71	43	24
	98	25	98	34	13	18	55	58	63	94	47	48
	98	79	73	40	26	17	35	41	78	32	69	70
	74	87	20	58	48	70	49	92	11	32	71	43
	21	72	63	36	71	58	11	19	40	99	64	26
	27	23	20	94	39	32	13	90	71	53	68	73
	64	87	14	83	57	35	83	67	79	48	31	39
	83	84	96	17	82	32	96	64	54	96	71	34
	64	100	62	41	49	75	69	50	56	53	38	30
	17	15	31	88	22	21	58	34	23	10	58	75
	62	56	89	68	61	22	82	78	85	42	39	64
	90	44	14	28	35	45	30	51	53	40	35	44
	23	35	91	88	57	76	92	14	65	59	33	87
	54	75	17	33	89	10	69	35	65	17	10	45
	36	33	81	69	67	55	69	70	54	30	54	73

	72	66	31	28	99	86	64	82	38	53	38	52
	86	32	53	45	71	45	77	70	29	25	58	97
	74	61	54	60	94	52	11	19	81	12	15	50
	55	82	17	79	92	52	36	65	15	95	59	91
	71	27	61	44	28	50	17	90	57	43	70	47
	90	39	74	44	99	15	98	23	59	23	84	87
	95	91	71	43	26	84	21	60	20	45	19	36
	44	69	29	88	24	12	51	75	25	76	62	30
	52	86	60	27	25	66	54	23	25	30	35	97
	72	88	86	95	92	77	87	58	64	95	94	34
	90	67	37	88	14	52	91	50	69	18	50	60
	54	91	18	32	89	50	52	71	54	23	83	81
	38	15	11	89	43	59	11	48	36	33	98	21
	60	43	97	87	63	80	84	23	33	80	13	16
	78	74	97	47	89	79	10	61	90	60	46	25
	23	70	62	12	64	18	87	12	12	18	18	56
	73	36	14	93	76	61	50	81	83	24	77	69
	70	18	89	35	91	57	85	16	81	48	21	82
	48	97	60	84	88	89	85	23	76	60	55	33
	82	84	72	21	72	97	33	68	69	35	33	59
	86	28	66	12	35	34	67	40	62	11	79	38
	70	74	60	86	93	69	85	52	37	30	32	85
	24	75	94	77	31	98	47	92	40	97	39	53
	74	48	15	33	30	69	38	88	46	69	16	99
	53	65	37	77	67	81	74	53	89	98	88	24
	44	41	53	46	19	72	82	43	59	79	98	61
	36	83	58	75	12	56	75	54	34	37	49	29
	70	33	23	47	48	20	80	79	77	34	18	45
	44	45	53	85	13	87	60	36	15	38	87	54
	37	67	64	23	80	86	95	33	79	83	63	16

	59	43	32	43	24	87	25	63	51	21	92	27
	12	30	73	43	18	70	68	98	77	17	15	50
	38	14	90	25	30	98	94	47	70	33	26	14
	29	26	23	48	55	23	55	24	91	94	57	80
	44	100	32	27	13	94	48	47	47	29	15	98
	83	83	94	79	68	15	55	83	32	35	34	64
	67	39	62	39	81	44	99	89	72	31	48	69
	52	98	11	86	64	22	67	58	71	38	56	76
	84	73	23	61	54	43	32	89	33	73	69	91
	19	42	91	20	29	62	86	94	80	55	46	78
	38	46	18	88	46	22	42	57	32	88	35	31
	52	42	20	26	66	55	96	68	31	38	12	85
	53	32	100	46	30	52	89	15	18	89	41	81
	48	50	74	48	28	33	74	25	73	63	45	91
	72	29	30	22	57	99	63	49	52	42	32	37
	84	84	31	56	14	54	27	76	61	27	49	58
	95	32	73	84	64	80	43	51	23	97	70	26
	58	20	91	78	12	28	26	13	92	23	76	91
	60	35	91	88	98	50	37	85	81	69	83	68
	68	39	85	21	80	31	43	68	53	58	42	72
	49	72	28	69	96	56	43	54	27	65	24	49
	25	24	61	44	36	90	31	36	82	78	87	18
	12	71	70	37	12	55	58	19	46	13	43	75
	63	62	41	76	96	77	30	41	45	99	82	84
	80	29	26	95	26	53	98	80	82	41	16	23
	26	27	75	90	19	74	53	35	91	10	87	26
	76	61	37	13	34	63	91	27	24	44	67	17
	98	79	59	48	64	100	25	86	66	59	59	48
	68	74	50	24	98	99	14	72	93	71	32	60
	66	96	50	86	88	51	36	37	67	10	39	88

