***** PARAMETERS PRP *****

Number of Customers = 30
Number of Products = 10
Number of Vehicles = 5
Number of Periods = 12

B = Production capacity
	49448

b_p = Time required to produce item p
 	1	1	1	1	1	1	1	1	1	1

c_p = Production cost of item p
 	800	300	800	300	300	300	300	300	300	800

s_p = Setup cost of item p
 	800	300	800	300	300	300	300	300	300	800

M = Big number
	197790

U_pi = Maximum inventory upper bound of item p at site i
 	197790	160	247	113	202	140	202	321	220	101	122	340	148	195	205	189	283	223	315	321	222	168	108	193	95	123	116	181	212	240	98
	197790	166	231	127	290	187	311	210	255	195	283	224	241	134	315	96	212	163	209	216	110	109	295	203	127	200	165	252	232	93	233
	197790	128	163	116	310	256	197	238	282	158	190	232	104	168	287	293	269	184	246	246	177	236	151	269	148	161	129	203	127	230	209
	197790	320	183	180	236	137	228	194	310	108	93	308	118	175	128	234	122	105	165	130	97	117	131	168	86	265	163	143	182	254	92
	197790	184	303	177	276	147	165	246	118	140	174	222	237	300	122	282	108	106	126	204	242	199	215	247	204	98	314	317	148	120	310
	197790	101	287	93	109	116	139	92	193	176	154	212	170	239	358	238	207	256	353	350	207	182	93	167	304	258	216	197	182	122	130
	197790	206	119	143	229	227	275	285	217	176	166	228	166	281	178	293	111	117	143	299	177	187	233	287	275	228	207	120	175	272	106
	197790	99	266	114	232	325	154	162	250	167	144	118	177	198	315	255	257	114	295	94	252	171	256	104	176	237	279	295	165	94	250
	197790	114	159	189	214	74	128	190	125	124	189	184	204	308	264	264	238	119	113	205	160	159	249	241	329	180	143	205	106	131	271
	197790	319	314	104	149	151	220	114	234	283	270	165	139	236	111	242	101	123	113	181	287	150	121	210	260	113	116	248	113	110	99

I_pi0 = Initial inventory of item p at site i
 	0	71	93	93	202	122	175	224	109	92	99	189	17	195	146	23	45	153	256	69	46	141	88	36	53	90	96	142	68	213	39
	0	79	158	103	259	150	97	132	184	152	100	196	82	113	63	77	15	90	20	122	19	55	199	147	72	157	124	215	157	57	142
	0	56	50	20	160	219	48	11	176	93	179	109	14	149	268	214	64	99	57	151	166	155	38	223	100	87	58	78	82	154	86
	0	57	77	129	107	100	95	114	106	106	35	165	101	15	63	214	74	86	113	103	40	86	48	143	43	112	108	135	85	87	76
	0	134	115	144	59	109	87	106	60	61	116	36	30	55	104	199	98	88	53	91	148	86	84	159	110	62	33	195	148	34	76
	0	15	231	14	80	64	132	29	97	74	42	155	135	135	133	151	136	73	85	36	146	148	87	23	66	36	110	171	115	107	52
	0	179	60	106	70	225	119	163	128	98	137	222	38	240	171	158	63	91	61	249	144	163	167	63	182	194	179	91	153	247	46
	0	90	83	107	70	324	42	78	219	107	89	38	20	84	173	243	67	76	158	23	207	21	82	19	94	133	199	202	30	90	81
	0	62	146	99	33	60	48	120	27	102	112	156	72	78	78	80	151	55	100	157	146	136	139	83	201	139	58	45	77	18	148
	0	115	175	39	77	125	43	98	144	243	138	98	75	46	62	51	101	60	40	143	150	139	86	94	194	112	113	199	97	84	78

h_pi = Inventory cost of item p at site i
 	8	5	2	4	9	5	3	3	2	3	3	5	4	3	9	8	2	1	5	8	9	5	2	4	6	8	2	6	2	5	6
	3	4	9	1	1	6	9	6	5	5	7	2	7	3	9	5	6	9	5	8	6	4	5	3	4	9	4	6	8	6	4
	8	1	3	1	1	7	5	7	2	4	7	4	9	8	7	2	7	4	7	3	9	7	3	3	2	2	4	3	2	9	3
	3	2	1	3	3	4	3	2	2	5	1	5	3	1	3	9	4	5	5	7	9	4	2	8	8	4	1	1	3	9	6
	3	7	2	4	6	2	2	5	6	4	2	4	6	7	3	6	6	8	8	8	3	8	7	9	8	4	6	4	4	9	4
	3	7	6	3	3	2	7	4	4	7	3	7	2	1	9	7	7	9	6	7	7	5	8	3	4	5	9	5	2	2	2
	3	9	9	7	7	6	9	5	8	3	3	5	8	9	1	9	5	4	1	9	7	2	2	9	5	3	1	7	8	6	9
	3	1	4	1	2	9	4	9	1	8	3	6	7	5	4	2	9	8	2	8	6	4	4	9	3	7	6	8	4	6	4
	3	9	6	7	6	7	8	7	4	2	6	1	2	4	3	2	7	4	7	8	4	6	9	4	4	1	3	7	5	5	3
	8	2	2	6	2	9	6	7	4	5	4	1	4	6	1	9	4	7	6	9	7	9	1	5	3	8	8	5	7	3	7

C = Vehicle capacity
	3580

f = Fixed transportation cost
	32023

a_ik = Transportation cost for traveling from node i to node k
 	0	319	297	199	166	535	291	703	232	499	712	310	172	333	779	846	165	520	712	201	247	505	732	524	150	170	97	280	243	333	37
	319	0	566	148	484	603	420	785	285	503	867	455	488	332	988	926	388	754	922	197	541	635	931	628	460	178	414	176	531	59	354
	297	566	0	483	223	400	234	518	322	442	462	212	180	374	491	645	413	229	425	379	77	313	451	356	171	459	224	443	66	598	282
	199	148	483	0	358	619	396	799	277	543	849	427	370	359	943	944	241	693	876	187	442	623	892	628	348	32	295	225	436	141	229
	166	484	223	358	0	575	347	719	349	575	683	348	44	440	708	855	204	447	643	350	149	512	671	546	70	328	76	430	157	496	131
	535	603	400	619	575	0	244	183	342	130	298	231	535	272	473	326	698	363	422	433	463	117	411	66	506	614	530	428	446	659	548
	291	420	234	396	347	244	0	415	135	230	454	37	311	145	569	559	454	348	503	226	268	228	512	237	278	386	293	258	250	468	305
	703	785	518	799	719	183	415	0	523	293	195	394	677	454	391	146	863	395	363	615	590	208	335	179	652	793	685	610	574	841	712
	232	285	322	277	349	342	135	523	0	277	585	171	326	101	703	668	392	477	638	94	327	354	646	354	291	272	278	127	311	334	259
	499	503	442	543	575	130	230	293	277	0	427	236	541	184	601	428	662	464	547	357	491	229	538	188	507	543	518	332	473	561	520
	712	867	462	849	683	298	454	195	585	427	0	422	639	544	197	234	858	270	173	678	538	232	141	249	623	836	669	695	527	918	711
	310	455	212	427	348	231	37	394	171	236	422	0	310	177	533	537	470	313	467	260	255	199	476	215	279	415	300	294	237	502	320
	172	488	180	370	44	535	311	677	326	541	639	310	0	413	667	812	240	406	602	338	107	470	629	504	36	340	76	417	114	504	141
	333	332	374	359	440	272	145	454	101	184	544	177	413	0	685	597	492	486	623	173	396	314	625	299	378	360	372	156	379	387	359
	779	988	491	943	708	473	569	391	703	601	197	533	667	685	0	404	903	262	68	791	561	380	63	414	661	925	714	824	555	1033	769
	846	926	645	944	855	326	559	146	668	428	234	537	812	597	404	0	1005	491	400	759	720	346	362	323	789	938	825	752	706	983	854
	165	388	413	241	204	698	454	863	392	662	858	470	240	492	903	1005	0	641	837	341	344	661	863	684	243	211	191	413	349	376	151
	520	754	229	693	447	363	348	395	477	464	270	313	406	486	262	491	641	0	197	557	300	247	225	299	399	673	453	603	294	794	509
	712	922	425	876	643	422	503	363	638	547	173	467	602	623	68	400	837	197	0	725	496	322	42	361	595	858	648	760	490	967	702
	201	197	379	187	350	433	226	615	94	357	678	260	338	173	791	759	341	557	725	0	366	448	736	447	305	188	275	81	354	243	235
	247	541	77	442	149	463	268	590	327	491	538	255	107	396	561	720	344	300	496	366	0	384	523	424	105	415	162	438	19	567	225
	505	635	313	623	512	117	228	208	354	229	232	199	470	314	380	346	661	247	322	448	384	0	318	53	445	613	480	463	368	687	511
	732	931	451	892	671	411	512	335	646	538	141	476	629	625	63	362	863	225	42	736	523	318	0	351	621	874	673	766	516	978	725
	524	628	356	628	546	66	237	179	354	188	249	215	504	299	414	323	684	299	361	447	424	53	351	0	477	620	508	453	407	681	533
	150	460	171	348	70	506	278	652	291	507	623	279	36	378	661	789	243	399	595	305	105	445	621	477	0	319	58	383	107	479	124
	170	178	459	32	328	614	386	793	272	543	836	415	340	360	925	938	211	673	858	188	415	613	874	620	319	0	265	236	410	173	199
	97	414	224	295	76	530	293	685	278	518	669	300	76	372	714	825	191	453	648	275	162	480	673	508	58	265	0	355	163	429	67
	280	176	443	225	430	428	258	610	127	332	695	294	417	156	824	752	413	603	760	81	438	463	766	453	383	236	355	0	425	232	315
	243	531	66	436	157	446	250	574	311	473	527	237	114	379	555	706	349	294	490	354	19	368	516	407	107	410	163	425	0	558	224
	333	59	598	141	496	659	468	841	334	561	918	502	504	387	1033	983	376	794	967	243	567	687	978	681	479	173	429	232	558	0	366
	37	354	282	229	131	548	305	712	259	520	711	320	141	359	769	854	151	509	702	235	225	511	725	533	124	199	67	315	224	366	0

coordXY = Coordinates (x,y): line zero => x line one => y column => customers
 	171	466	62	319	16	406	295	406	354	491	218	273	31	429	29	431	79	44	46	365	34	290	78	342	66	289	91	445	51	452	135
	812	932	536	944	754	332	549	150	670	430	102	520	713	603	47	7	948	308	112	763	607	322	86	317	706	934	758	758	601	989	808

d_pit = Demand of item p at customer i in period t
 	51	20	94	76	73	58	76	35	37	42	56	23
	44	49	43	78	67	16	94	72	94	88	69	28
	79	14	58	70	66	79	95	30	52	62	34	41
	58	31	40	73	72	26	42	84	13	53	33	82
	74	48	80	50	100	47	89	27	63	95	99	66
	45	35	83	12	36	28	32	69	100	21	82	63
	83	70	71	99	53	76	40	21	33	75	76	73
	19	49	41	85	71	24	73	49	78	98	42	31
	92	21	51	100	19	35	93	52	18	16	76	32
	99	83	14	96	43	92	43	23	59	83	11	83
	90	49	50	93	46	83	84	74	42	79	36	89
	17	92	19	24	59	34	73	32	67	95	33	46
	58	48	89	98	83	55	23	51	75	43	93	65
	45	28	73	87	83	24	96	55	65	16	14	28
	23	14	16	93	80	64	31	65	46	38	82	15
	45	94	66	72	38	33	80	76	42	40	41	51
	88	65	79	50	37	77	70	53	54	54	27	15
	93	36	93	34	75	46	89	28	94	77	52	39
	69	23	82	38	93	64	92	75	26	66	73	69
	46	27	40	20	67	73	20	12	75	75	47	30
	54	87	31	82	59	68	74	58	26	29	41	64
	42	46	45	70	32	100	20	72	85	47	31	60
	36	81	76	89	35	28	74	55	51	100	77	71
	53	70	45	69	52	38	21	80	54	13	11	64
	55	35	84	25	41	10	19	98	27	17	15	67
	73	23	75	48	83	30	77	27	91	56	92	22
	38	83	21	81	91	14	93	99	65	40	45	55
	15	31	22	95	74	56	86	77	90	14	54	21
	22	45	88	58	16	36	62	85	90	71	84	62
	39	69	96	57	18	39	63	86	27	35	28	31

	79	48	48	97	63	59	74	25	62	30	33	47
	66	45	47	56	46	86	70	51	37	53	87	48
	21	82	32	44	100	83	32	100	98	51	81	40
	68	79	52	60	39	26	92	83	33	76	28	60
	74	76	84	79	25	64	60	99	62	19	31	75
	14	83	98	23	10	80	97	54	65	100	33	89
	38	47	47	26	57	22	85	13	51	22	14	82
	21	73	90	53	47	12	80	72	72	64	86	96
	30	62	60	26	54	56	27	81	24	17	76	71
	100	98	84	94	31	34	99	99	76	69	45	19
	30	72	94	31	78	24	23	99	66	73	66	15
	82	69	55	70	42	83	54	89	60	28	24	67
	25	20	68	32	60	26	50	43	12	75	50	74
	63	67	59	25	91	69	77	78	88	37	41	60
	77	61	35	59	14	48	39	75	69	12	12	72
	15	89	73	72	46	65	71	41	34	29	73	28
	90	85	44	21	42	42	75	45	29	59	40	78
	20	43	66	93	42	57	26	58	83	54	63	23
	78	44	99	91	13	21	29	27	24	93	51	78
	19	73	80	47	64	59	54	32	40	63	80	49
	55	46	42	31	91	38	38	59	96	52	27	76
	20	94	85	56	95	69	27	85	19	36	33	90
	98	49	32	12	56	40	69	43	42	14	59	94
	62	10	90	83	20	90	40	97	63	22	87	96
	33	75	28	21	86	52	36	100	12	98	31	27
	44	80	47	58	11	15	18	19	28	60	60	54
	68	65	82	96	77	94	84	20	36	14	88	33
	86	71	44	18	79	78	88	16	43	47	76	49
	46	11	76	47	45	56	44	61	71	29	55	16
	52	35	55	97	11	25	86	35	48	29	67	19

	56	61	27	56	77	75	50	57	60	64	85	99
	50	55	21	63	57	79	48	61	10	27	98	84
	20	12	11	50	81	47	34	30	15	84	20	60
	99	24	37	75	18	97	78	76	12	92	45	90
	60	12	52	95	96	37	25	47	21	84	52	33
	36	12	42	88	24	46	77	31	44	32	15	26
	11	31	72	13	16	95	100	35	39	76	45	37
	53	70	53	33	80	41	93	73	98	76	86	90
	25	68	17	69	85	15	76	29	74	47	57	68
	95	84	60	76	80	44	23	21	81	82	75	40
	70	39	35	86	47	24	77	96	17	66	92	47
	14	90	33	68	30	47	20	90	91	34	46	60
	94	10	45	29	92	99	41	94	23	27	51	66
	70	86	74	38	67	68	95	21	85	24	25	36
	76	48	77	13	72	35	68	68	68	45	33	99
	64	86	83	81	50	13	58	82	71	73	75	70
	84	15	32	37	77	64	80	68	43	53	85	97
	57	16	66	18	75	49	44	88	68	18	39	52
	15	83	11	42	76	64	18	48	62	32	87	53
	91	75	49	100	25	37	91	19	32	42	52	96
	30	84	28	13	36	68	77	100	46	79	52	94
	38	29	75	19	76	91	76	57	20	46	15	63
	43	43	79	58	75	84	10	47	13	92	52	50
	11	89	80	76	72	27	43	71	19	24	67	14
	27	60	88	30	31	91	98	26	95	32	15	52
	58	88	85	96	73	86	12	97	50	28	47	56
	15	40	23	35	35	41	69	42	46	41	74	26
	82	99	13	78	39	29	90	89	87	62	80	16
	55	99	86	94	73	88	64	100	97	70	63	29
	20	66	51	16	16	13	84	90	83	46	80	63

	46	11	85	45	74	99	47	97	80	62	37	85
	77	99	27	42	87	37	45	38	71	62	80	67
	16	34	79	16	93	51	22	49	87	12	26	54
	36	60	11	77	55	61	71	36	30	89	22	18
	100	70	100	59	97	75	95	61	70	21	35	36
	77	18	26	18	64	59	38	89	71	91	68	64
	20	84	10	33	43	61	88	28	69	61	74	12
	24	82	63	49	98	88	69	82	51	92	25	20
	63	43	56	26	78	84	57	53	62	56	12	60
	35	67	16	59	51	35	11	43	22	50	71	98
	70	95	46	67	71	74	90	84	83	68	89	86
	46	55	70	85	75	74	54	58	45	34	57	54
	15	17	26	23	39	11	77	70	88	38	24	96
	63	20	28	62	58	97	61	35	87	99	78	78
	83	42	73	16	26	55	41	80	99	94	19	73
	74	74	45	34	48	91	87	70	32	56	86	36
	86	69	30	37	46	100	30	30	43	40	38	82
	28	85	48	69	86	51	43	30	23	97	11	87
	38	48	17	33	29	28	54	23	49	46	75	79
	40	84	73	74	32	93	34	62	33	12	16	31
	66	20	67	99	89	12	83	13	41	43	78	89
	48	89	18	65	58	16	24	54	17	65	59	11
	96	47	28	28	93	20	97	26	46	70	29	90
	43	84	17	36	22	37	15	75	35	34	45	75
	34	78	99	48	65	89	81	35	34	100	87	46
	33	75	45	58	26	93	88	34	36	20	66	78
	36	42	57	63	99	15	78	63	17	28	62	13
	25	28	32	40	98	96	95	13	81	69	62	87
	18	69	96	91	90	82	60	21	86	11	57	81
	28	17	31	17	62	35	89	99	19	31	86	37

	15	99	20	64	77	68	51	67	72	84	79	40
	51	64	37	87	10	23	85	26	87	76	89	93
	54	90	43	18	21	95	36	40	91	92	35	93
	59	48	63	88	71	12	15	44	28	86	84	65
	13	31	65	59	35	72	34	90	94	11	40	42
	69	18	93	77	97	59	20	23	57	13	36	99
	77	29	96	92	28	70	21	94	56	94	55	27
	60	78	43	41	97	16	34	58	60	97	85	39
	61	85	84	95	92	46	25	98	76	70	14	93
	80	36	97	28	77	88	14	82	20	20	58	97
	36	53	67	71	99	48	34	87	94	35	30	13
	14	16	72	75	100	24	68	79	11	72	96	85
	55	60	44	56	64	75	90	80	39	56	83	19
	65	13	26	98	63	58	96	84	92	37	30	72
	15	51	54	79	56	53	70	75	94	79	14	36
	98	98	83	45	47	40	38	58	11	71	27	33
	88	42	15	52	82	44	23	78	52	10	54	93
	53	94	33	92	81	13	34	56	90	73	82	55
	45	46	31	57	42	26	68	50	81	75	77	13
	41	25	38	44	12	90	88	98	14	51	20	59
	86	43	31	84	33	29	54	70	37	99	12	20
	39	45	100	23	18	29	44	12	75	87	77	96
	13	13	56	77	74	23	94	18	68	40	86	31
	23	87	99	36	49	16	43	75	32	43	52	58
	62	71	86	13	24	18	58	52	16	74	55	61
	33	67	91	75	47	37	60	51	86	67	51	88
	62	40	53	40	61	88	89	53	73	23	97	82
	65	27	16	40	80	24	12	24	73	33	33	16
	34	97	60	55	35	21	87	60	58	63	58	93
	54	22	79	86	44	92	46	41	86	82	50	62

	15	65	47	67	68	45	96	22	71	21	26	62
	59	70	17	85	90	39	44	14	88	85	83	15
	14	11	61	59	59	63	23	26	48	55	57	81
	80	15	79	54	24	70	57	21	84	84	27	61
	11	53	54	86	49	37	45	94	12	83	97	77
	89	43	97	73	69	89	36	64	74	82	48	72
	29	92	45	27	53	98	13	34	39	69	31	22
	26	16	55	77	15	91	77	86	30	45	34	28
	74	23	63	18	98	81	28	13	58	13	47	11
	42	41	13	60	84	39	36	86	13	60	86	55
	24	36	46	49	20	87	36	39	84	12	41	35
	43	29	63	49	52	95	55	93	53	20	32	95
	83	52	44	73	80	19	31	62	71	77	87	37
	54	79	98	74	89	75	83	58	52	87	42	68
	75	28	48	42	85	86	70	86	97	49	30	18
	29	25	27	55	67	52	78	24	25	95	81	64
	21	52	32	16	46	99	78	75	35	43	80	37
	58	27	82	85	58	95	80	32	62	85	84	98
	36	99	93	65	65	42	96	77	97	20	71	78
	95	51	14	69	65	53	20	81	19	83	52	19
	92	56	73	70	33	62	96	37	97	38	30	45
	87	67	90	56	27	26	13	21	80	18	28	45
	23	85	40	86	24	58	86	35	40	98	13	79
	66	30	55	86	22	36	56	83	80	92	90	34
	36	13	54	73	15	33	96	94	97	11	42	56
	29	81	83	44	97	41	27	81	34	24	16	91
	72	35	10	54	62	87	14	12	22	41	10	54
	24	79	12	90	78	24	12	32	82	39	53	21
	20	87	26	97	48	91	85	78	67	17	73	42
	52	98	49	36	86	82	32	82	80	100	64	16

	97	52	30	54	87	14	11	44	76	43	16	94
	60	78	73	100	80	11	32	86	76	25	61	31
	93	13	64	33	29	30	20	52	38	100	41	57
	36	34	70	93	31	90	72	44	45	89	65	19
	91	41	93	42	88	57	16	13	69	89	62	19
	88	31	28	53	52	68	91	62	84	23	25	55
	52	48	63	99	100	49	31	29	14	95	93	11
	21	44	63	58	80	83	43	75	18	32	98	36
	98	52	46	24	25	34	26	12	96	16	38	60
	33	24	80	32	18	25	92	67	31	66	13	18
	35	66	70	51	29	94	61	65	56	24	62	71
	38	73	24	19	53	40	78	49	56	16	23	28
	62	99	79	94	44	30	96	78	66	49	84	61
	82	89	77	66	34	86	75	35	25	14	48	81
	81	77	11	26	52	49	38	73	82	50	65	99
	46	17	32	64	20	88	20	67	34	21	16	20
	73	18	44	93	46	97	51	63	66	67	31	51
	47	14	91	86	19	29	21	11	39	11	19	43
	53	55	43	98	65	16	99	99	52	26	31	81
	62	82	50	74	97	33	90	32	62	72	22	33
	55	60	14	34	16	20	25	43	87	65	85	58
	53	62	52	93	64	67	34	83	52	57	19	62
	63	23	31	25	87	91	89	46	49	50	95	40
	47	35	100	61	85	19	29	84	52	40	70	37
	12	98	24	60	72	91	77	62	80	65	13	30
	71	93	15	24	94	96	34	61	35	11	76	12
	91	74	13	36	69	53	92	52	23	79	93	42
	59	94	62	17	45	72	53	71	29	98	33	66
	87	96	64	82	22	53	13	52	16	52	32	83
	46	49	12	16	95	87	88	60	22	56	33	70

	15	22	53	29	79	76	65	30	57	92	30	43
	83	80	33	30	78	50	14	52	45	14	76	84
	14	93	71	33	76	44	75	68	77	78	14	40
	53	17	94	97	56	21	87	34	48	61	93	36
	92	69	98	65	93	96	55	52	32	28	88	11
	42	34	29	84	55	18	17	17	29	14	15	15
	78	16	73	72	64	81	42	78	48	36	34	25
	51	28	51	89	27	63	47	14	69	41	65	55
	52	19	36	86	76	21	51	73	86	16	77	75
	12	77	68	50	78	24	49	18	49	17	70	63
	38	82	69	60	99	90	13	73	23	45	50	66
	20	73	26	26	66	27	30	37	19	49	83	76
	84	50	17	32	32	32	67	50	15	11	51	35
	84	31	58	74	91	50	81	45	50	83	89	21
	99	42	52	50	97	14	36	78	23	64	15	43
	67	21	14	59	39	58	65	46	34	92	36	86
	76	31	84	77	74	24	34	24	11	79	92	80
	75	83	57	75	28	64	74	47	23	52	80	51
	23	88	55	65	13	18	84	45	37	19	29	87
	99	36	72	68	27	61	41	24	91	12	10	63
	21	44	63	15	96	35	21	67	71	99	96	54
	49	33	62	92	23	79	12	63	85	24	11	82
	19	73	51	76	31	42	44	92	57	59	27	51
	94	88	36	20	41	87	55	15	83	25	80	78
	33	72	28	96	97	80	76	99	25	15	68	23
	61	46	92	100	71	40	15	42	91	32	26	54
	41	25	67	69	21	96	47	81	80	72	36	74
	30	38	45	37	80	91	100	98	26	54	26	34
	90	83	28	38	29	78	39	14	39	47	64	14
	81	69	66	45	18	74	42	42	70	31	19	42

	62	56	63	54	25	75	98	90	21	42	63	34
	57	89	29	33	39	19	28	78	83	81	25	76
	99	98	32	30	13	86	60	44	15	14	10	66
	33	37	59	71	94	41	14	37	84	48	75	50
	10	40	10	70	21	40	40	37	34	35	15	91
	48	12	13	58	44	73	23	24	78	14	96	28
	58	21	41	73	80	84	90	76	15	57	76	87
	27	91	94	64	51	58	82	93	26	28	84	52
	50	22	30	34	79	28	84	23	32	26	57	30
	29	83	92	32	93	50	92	77	91	25	66	25
	82	74	48	72	18	63	86	21	33	15	14	25
	72	56	32	11	20	71	52	68	97	31	44	58
	78	56	80	44	64	57	53	91	64	82	11	59
	78	73	54	85	47	27	61	24	96	58	98	91
	80	16	83	59	88	26	82	34	66	35	48	17
	58	13	80	49	69	31	30	36	42	15	81	66
	12	43	66	81	99	21	87	77	67	22	95	41
	20	42	38	30	92	27	29	32	45	63	20	13
	14	48	13	82	51	28	79	79	76	94	10	42
	53	37	56	63	28	23	49	62	75	74	73	45
	19	70	47	57	27	40	66	54	24	66	75	91
	32	94	13	66	14	48	74	68	82	35	34	37
	83	39	58	49	45	34	69	56	68	39	23	15
	44	43	66	48	93	97	12	64	95	81	74	73
	93	46	55	87	82	79	43	46	46	62	19	61
	58	31	31	72	28	53	53	26	25	69	43	82
	45	87	69	49	51	79	55	97	63	70	65	90
	77	57	43	29	77	49	67	18	58	48	69	44
	18	99	89	29	28	28	23	70	44	55	11	28
	38	43	20	47	68	66	89	80	61	23	85	31

	82	33	68	92	40	83	31	63	98	29	85	62
	40	52	61	22	65	79	20	80	83	80	83	89
	39	90	95	45	40	23	39	82	38	71	32	30
	29	48	73	33	87	36	78	21	81	16	22	71
	91	34	86	42	50	44	44	22	21	34	82	54
	12	31	52	90	81	44	97	38	84	51	68	13
	26	72	26	78	55	73	11	65	71	73	47	85
	64	55	25	24	66	84	62	86	49	88	57	41
	60	96	87	62	53	65	35	24	46	94	19	37
	74	38	26	88	79	46	16	53	50	46	55	77
	59	39	61	82	51	16	97	26	27	28	86	88
	75	77	48	69	63	70	70	57	86	55	65	97
	46	28	15	82	17	55	35	37	15	86	56	95
	62	52	53	30	20	55	38	95	21	75	83	84
	51	93	18	61	65	31	98	37	51	54	86	80
	12	89	90	92	48	75	21	19	60	64	19	16
	60	65	94	39	34	56	53	90	52	62	80	55
	40	80	39	67	10	64	64	29	82	98	34	70
	77	66	86	59	51	53	72	18	65	59	81	36
	22	62	66	96	46	29	75	27	65	84	31	85
	13	38	88	49	94	72	39	32	17	10	91	55
	86	42	64	92	71	84	68	24	60	52	58	26
	94	17	29	44	19	96	16	93	55	77	62	27
	14	51	59	70	79	77	63	84	36	84	65	99
	17	95	66	89	17	73	86	34	73	44	69	14
	73	40	59	35	60	48	32	79	41	89	88	50
	99	100	78	12	17	16	19	57	94	14	11	78
	97	89	16	18	45	82	83	10	87	62	62	26
	19	65	47	56	32	45	79	86	65	47	68	49
	28	50	56	61	40	90	37	57	55	11	35	74

