***** PARAMETERS PRP *****

Number of Customers = 30
Number of Products = 10
Number of Vehicles = 5
Number of Periods = 12

B = Production capacity
	49587

b_p = Time required to produce item p
 	1	1	1	1	1	1	1	1	1	1

c_p = Production cost of item p
 	30	80	30	80	80	80	30	80	80	80

s_p = Setup cost of item p
 	300	800	300	800	800	800	300	800	800	800

M = Big number
	198347

U_pi = Maximum inventory upper bound of item p at site i
 	198347	265	260	255	133	298	152	150	109	220	83	127	215	164	146	157	241	135	225	189	137	311	84	174	170	129	174	382	246	170	159
	198347	242	225	189	160	229	150	278	123	119	188	121	263	143	111	129	170	258	315	186	108	141	122	126	302	149	166	109	309	161	201
	198347	155	107	134	120	105	163	136	183	303	113	271	192	108	318	233	131	205	294	178	165	203	114	224	249	264	262	325	215	250	125
	198347	248	161	255	175	291	122	281	169	111	233	112	151	190	293	310	211	294	190	140	268	316	214	209	109	298	239	368	186	97	108
	198347	226	148	207	201	184	80	260	89	267	120	192	120	216	286	234	236	161	325	187	243	159	277	91	147	155	287	276	225	274	103
	198347	107	111	264	244	160	246	157	123	139	177	257	274	273	151	152	230	245	203	278	176	132	241	225	305	132	228	298	79	132	136
	198347	91	119	148	139	260	293	168	162	304	199	208	172	184	103	108	106	86	251	334	147	104	227	261	135	124	134	224	237	107	162
	198347	326	231	287	129	125	141	280	136	90	304	170	181	333	116	98	116	147	301	174	256	115	260	95	174	263	144	159	207	93	110
	198347	134	240	117	190	101	171	213	293	315	208	224	124	237	170	275	274	158	95	187	111	280	268	289	258	320	174	100	176	112	277
	198347	193	184	122	217	305	267	199	200	96	248	104	123	243	258	313	110	116	212	95	263	126	245	315	232	93	328	136	283	185	107

I_pi0 = Initial inventory of item p at site i
 	0	73	222	166	89	221	141	83	102	18	51	46	165	91	134	128	206	67	95	166	114	263	0	125	126	82	155	100	219	97	108
	0	220	212	159	111	181	125	127	17	86	163	16	126	135	87	108	138	39	36	136	104	96	95	95	197	68	150	75	135	158	98
	0	93	33	83	110	22	161	77	135	219	91	113	55	20	40	169	113	18	174	167	143	116	60	136	99	91	75	73	63	116	74
	0	224	130	49	145	49	98	231	162	87	71	41	113	135	145	133	195	188	130	108	238	254	70	33	87	122	170	190	88	15	79
	0	89	128	62	193	16	74	65	44	148	19	182	79	26	231	207	122	87	72	94	153	114	80	32	119	91	147	98	146	238	15
	0	50	52	216	111	20	143	96	111	32	134	89	203	138	101	76	95	237	186	228	108	129	220	164	152	36	176	99	75	87	119
	0	21	57	61	113	119	105	89	40	201	92	30	83	85	72	65	99	54	36	191	135	65	143	148	129	97	128	194	61	84	91
	0	186	92	136	61	95	117	260	102	82	70	159	175	213	87	94	94	128	30	100	122	95	96	82	70	15	114	124	110	90	38
	0	97	17	50	160	96	58	132	201	68	20	98	60	84	149	180	160	128	45	177	94	217	133	237	94	206	67	72	158	96	223
	0	16	149	58	114	91	120	130	82	81	126	24	61	225	182	133	40	54	133	72	88	33	17	290	141	93	157	112	223	94	21

h_pi = Inventory cost of item p at site i
 	3	7	3	9	7	5	2	5	9	8	4	1	1	6	9	9	5	4	2	8	9	8	7	3	6	1	9	5	9	1	2
	8	8	7	8	9	4	8	8	4	5	2	6	8	3	8	7	6	3	6	3	5	6	4	5	3	4	3	3	5	6	3
	3	3	2	9	2	2	7	2	4	9	8	9	5	9	1	3	4	2	3	1	2	5	6	2	7	8	9	9	3	1	4
	8	8	1	6	3	3	1	4	9	9	7	6	6	8	1	6	2	1	3	6	8	1	8	9	5	5	5	9	7	2	7
	8	4	4	9	4	7	2	4	3	3	5	5	1	2	7	8	1	5	9	8	5	5	7	7	5	6	9	3	8	3	5
	8	3	8	8	1	4	2	6	7	4	8	5	6	1	1	1	3	7	7	3	2	4	2	6	7	5	4	5	8	4	8
	3	1	8	8	2	7	9	5	8	7	4	6	3	6	6	4	5	6	8	5	6	9	8	1	1	6	1	5	3	2	8
	8	8	5	6	1	7	4	4	2	3	5	2	1	3	8	9	4	6	8	6	4	1	3	3	9	8	3	1	8	5	4
	8	8	2	4	4	4	3	8	8	7	5	4	9	4	2	7	2	7	1	8	5	2	6	9	2	1	9	4	1	6	7
	8	9	9	8	8	3	2	5	4	1	2	9	4	5	5	1	4	4	5	8	4	2	4	4	1	4	4	6	5	7	3

C = Vehicle capacity
	3820

f = Fixed transportation cost
	30938

a_ik = Transportation cost for traveling from node i to node k
 	0	361	458	412	426	461	288	349	267	449	375	431	394	678	421	198	142	276	580	475	374	188	327	437	431	104	615	491	419	538	494
	361	0	694	150	583	153	79	439	341	145	372	191	302	761	137	187	289	112	777	308	355	449	36	400	643	409	702	147	475	181	687
	458	694	0	808	158	838	652	288	360	689	390	624	841	337	660	516	596	583	135	568	407	276	673	421	61	356	295	840	308	862	84
	412	150	808	0	712	61	158	573	470	279	515	337	182	905	279	293	295	240	902	456	500	545	150	548	762	487	844	121	616	186	811
	426	583	158	712	0	733	555	148	243	555	243	486	775	259	528	422	547	475	196	417	262	245	567	267	99	328	199	726	152	740	111
	461	153	838	61	733	0	188	591	491	257	524	323	235	913	263	323	351	259	926	444	507	582	167	550	789	529	854	65	627	129	836
	288	79	652	158	555	188	0	417	314	209	367	237	263	754	193	137	211	89	745	341	352	395	43	406	605	345	692	205	463	251	654
	349	439	288	573	148	591	417	0	106	408	103	339	653	346	380	291	446	334	343	282	120	207	426	147	229	269	282	580	72	592	258
	267	341	360	470	243	491	314	106	0	332	110	273	548	451	302	185	348	233	436	253	112	179	325	172	305	210	387	486	165	504	347
	449	145	689	279	555	257	209	408	332	0	318	77	445	691	31	251	411	175	749	194	299	484	172	324	632	467	636	214	422	199	665
	375	372	390	515	243	524	367	103	110	318	0	245	620	390	292	260	444	279	434	179	19	277	366	63	330	318	330	506	106	510	353
	431	191	624	337	486	323	237	339	273	77	245	0	491	615	61	235	418	174	679	121	226	437	208	248	566	433	561	286	349	275	596
	394	302	841	182	775	235	263	653	548	445	620	491	0	998	438	364	252	350	953	602	608	566	284	665	805	491	935	300	709	364	863
	678	761	337	905	259	913	754	346	451	691	390	615	998	0	670	634	789	667	241	508	407	502	755	368	309	583	65	891	291	889	254
	421	137	660	279	528	263	193	380	302	31	292	61	438	670	0	223	389	149	723	182	274	453	158	303	603	437	615	227	398	220	637
	198	187	516	293	422	323	137	291	185	251	260	235	364	634	223	0	198	83	611	298	250	263	160	311	469	225	571	332	345	367	520
	142	289	596	295	547	351	211	446	348	411	444	418	252	789	389	198	0	244	714	495	437	321	254	500	564	241	725	393	511	449	625
	276	112	583	240	475	259	89	334	233	175	279	174	350	667	149	83	244	0	668	263	264	340	93	317	532	307	605	258	377	287	578
	580	777	135	902	196	926	745	343	436	749	434	679	953	241	723	611	714	668	0	602	453	394	760	448	151	477	221	921	334	935	92
	475	308	568	456	417	444	341	282	253	194	179	121	602	508	182	298	495	263	602	0	163	432	320	155	508	450	459	406	269	390	526
	374	355	407	500	262	507	352	120	112	299	19	226	608	407	274	250	437	264	453	163	0	285	350	65	348	322	348	488	125	491	372
	188	449	276	545	245	582	395	207	179	484	277	437	566	502	453	263	321	340	394	432	285	0	422	337	244	85	440	594	276	627	307
	327	36	673	150	567	167	43	426	325	172	366	208	284	755	158	160	254	93	760	320	350	422	0	399	623	378	695	173	466	213	670
	437	400	421	548	267	550	406	147	172	324	63	248	665	368	303	311	500	317	448	155	65	337	399	0	361	381	313	525	116	522	374
	431	643	61	762	99	789	605	229	305	632	330	566	805	309	603	469	564	532	151	508	348	244	623	361	0	327	259	789	248	809	66
	104	409	356	487	328	529	345	269	210	467	318	433	491	583	437	225	241	307	477	450	322	85	378	381	327	0	520	549	341	589	391
	615	702	295	844	199	854	692	282	387	636	330	561	935	65	615	571	725	605	221	459	348	440	695	313	259	520	0	834	229	834	211
	491	147	840	121	726	65	205	580	486	214	506	286	300	891	227	332	393	258	921	406	488	594	173	525	789	549	834	0	611	66	832
	419	475	308	616	152	627	463	72	165	422	106	349	709	291	398	345	511	377	334	269	125	276	466	116	248	341	229	611	0	615	258
	538	181	862	186	740	129	251	592	504	199	510	275	364	889	220	367	449	287	935	390	491	627	213	522	809	589	834	66	615	0	848
	494	687	84	811	111	836	654	258	347	665	353	596	863	254	637	520	625	578	92	526	372	307	670	374	66	391	211	832	258	848	0

coordXY = Coordinates (x,y): line zero => x line one => y column => customers
 	479	192	384	262	253	205	266	209	240	60	135	57	439	58	82	290	470	228	298	5	129	410	225	74	340	449	91	142	146	77	301
	557	775	109	907	196	927	750	337	438	716	408	640	948	26	695	616	698	670	6	531	426	383	762	393	150	458	81	913	303	914	97

d_pit = Demand of item p at customer i in period t
 	73	65	72	81	47	14	19	27	87	58	16	76
	89	70	63	70	11	88	93	38	40	46	82	90
	13	58	64	31	32	33	53	75	67	81	62	42
	43	46	52	29	91	70	19	27	79	32	32	12
	65	43	58	55	79	85	44	78	97	43	44	23
	42	99	62	75	26	13	11	56	13	98	90	22
	37	46	36	20	18	36	11	99	19	28	84	17
	85	17	79	17	99	40	47	84	28	28	50	82
	18	45	10	99	80	99	41	72	20	91	32	54
	24	27	78	18	77	50	38	33	34	62	39	19
	46	77	72	91	99	46	39	78	75	48	24	69
	22	47	59	37	37	11	12	14	81	41	71	84
	36	55	47	30	51	15	38	55	92	37	25	12
	57	59	18	61	24	65	67	17	15	79	70	52
	20	55	53	59	86	82	34	85	73	20	22	38
	33	86	34	53	74	95	77	74	44	31	93	28
	53	14	55	26	39	26	30	41	76	55	86	39
	95	17	60	47	20	68	97	36	19	69	55	93
	72	94	52	58	36	30	18	69	47	33	28	30
	43	71	37	74	22	29	62	13	67	42	67	20
	100	63	100	99	45	54	97	99	99	23	98	57
	88	21	24	39	16	45	41	16	27	76	96	13
	36	89	53	78	60	75	42	81	69	42	45	24
	13	78	35	83	74	76	36	87	53	52	38	56
	17	65	81	64	64	18	96	86	53	98	98	31
	17	92	46	71	90	35	98	57	43	79	13	55
	100	89	70	76	49	89	100	36	93	75	85	55
	74	80	65	48	97	71	79	47	16	17	51	94
	97	88	27	26	31	43	43	50	30	92	94	59
	45	63	82	59	50	19	82	27	73	51	18	66

	92	62	66	31	91	95	78	34	82	42	27	25
	41	91	80	79	61	70	86	36	13	24	57	38
	78	81	84	13	74	94	77	13	51	66	55	71
	83	28	82	92	48	55	37	40	89	42	26	19
	78	12	91	32	12	56	66	38	32	96	85	88
	26	99	85	41	21	39	90	14	44	13	45	83
	72	55	69	47	41	83	26	64	13	78	29	89
	17	20	80	83	94	52	88	72	29	46	55	99
	54	32	44	54	42	16	84	14	27	45	17	45
	73	18	72	28	56	65	82	97	54	56	83	69
	16	88	61	65	49	36	89	100	14	71	55	82
	76	50	50	59	55	53	32	20	70	74	75	17
	64	71	11	17	78	14	78	63	90	49	12	23
	87	67	63	24	39	64	88	50	99	28	40	14
	64	23	21	18	46	15	46	52	83	90	34	24
	52	86	34	87	79	67	75	65	28	15	45	45
	39	93	49	88	66	89	43	30	60	88	60	69
	36	82	42	66	80	96	100	56	56	16	30	97
	56	80	87	93	38	94	20	42	20	90	24	99
	12	44	48	28	58	51	31	33	18	62	29	18
	53	43	88	91	56	45	66	82	92	86	90	53
	95	69	89	42	75	84	82	13	50	18	88	28
	95	67	83	19	34	92	47	27	80	80	35	99
	49	77	71	94	64	74	35	54	73	27	56	51
	37	18	13	58	37	30	43	56	90	79	39	97
	66	47	37	85	29	59	11	13	60	38	29	23
	21	54	58	41	36	88	28	87	55	35	81	69
	80	55	83	69	93	90	84	41	23	25	49	50
	94	64	33	74	65	79	33	38	30	28	54	50
	98	52	52	59	16	71	83	71	59	92	62	88

	93	97	36	76	18	50	18	35	15	57	83	43
	33	77	94	49	55	69	83	16	43	54	42	25
	83	97	60	84	86	93	17	75	42	50	82	35
	44	66	24	91	17	87	58	43	67	65	64	95
	22	65	85	71	40	73	83	22	72	30	29	35
	80	81	50	24	72	10	93	65	24	40	20	92
	77	74	16	80	48	48	27	37	15	24	57	42
	36	99	50	13	25	13	21	54	85	27	60	65
	20	60	43	96	74	95	46	13	98	63	82	37
	91	26	84	81	28	44	81	57	68	41	47	32
	96	17	36	72	74	17	36	54	51	60	88	49
	55	25	94	37	25	50	19	45	49	39	75	64
	20	30	11	94	57	29	64	83	81	74	35	70
	40	82	98	86	50	55	45	74	64	14	95	59
	74	17	78	74	19	51	40	22	80	71	82	90
	83	11	19	64	66	12	37	86	27	52	30	38
	18	72	51	87	29	19	13	31	76	69	73	78
	66	41	67	62	71	21	16	73	36	97	86	69
	11	99	57	58	81	61	85	39	49	36	90	44
	65	78	53	46	21	61	10	80	61	25	85	74
	23	13	30	50	30	23	61	83	78	94	71	52
	60	85	20	59	52	58	69	67	28	14	78	94
	80	56	14	96	73	99	27	100	90	84	84	91
	99	76	10	66	77	35	93	67	84	40	39	61
	42	38	11	44	87	55	50	16	24	86	99	82
	75	52	24	89	89	12	29	80	22	70	36	51
	25	48	90	30	20	88	51	82	88	91	97	70
	63	39	26	23	100	20	58	83	22	94	78	40
	45	71	71	31	62	38	68	90	84	15	15	11
	74	60	29	80	20	98	87	93	42	89	12	66

	41	96	87	45	51	59	28	78	38	94	68	58
	18	68	44	38	84	55	40	85	51	74	34	54
	49	95	39	33	24	36	12	39	84	20	82	100
	63	82	78	93	79	13	29	16	13	51	97	87
	49	57	91	45	78	98	78	20	69	44	47	22
	51	47	98	94	23	84	44	63	59	37	86	46
	89	43	99	62	39	95	62	52	31	31	37	34
	93	69	12	97	56	87	11	26	74	10	61	81
	87	43	55	32	39	74	54	17	92	94	15	61
	71	58	72	40	56	36	77	35	73	40	66	74
	41	95	54	33	34	23	64	84	44	93	90	17
	17	11	85	97	60	96	34	22	21	90	17	54
	90	45	82	92	12	78	60	77	16	54	62	90
	53	92	63	89	33	67	41	49	61	99	20	37
	54	79	83	86	70	31	97	73	28	97	19	27
	21	94	80	96	44	20	62	78	12	38	62	27
	68	96	24	34	82	98	72	84	33	98	94	100
	40	90	53	63	67	22	59	70	80	57	94	66
	24	11	73	69	61	52	27	21	22	28	89	83
	98	86	54	46	36	88	100	20	41	21	39	13
	24	91	62	77	88	46	44	63	30	97	81	56
	58	12	93	28	74	49	34	56	65	28	65	80
	33	13	78	66	68	23	73	79	18	67	83	27
	26	61	47	81	33	64	23	77	39	83	79	42
	12	56	54	22	100	95	25	71	68	33	90	89
	67	47	56	36	15	78	86	89	49	31	76	87
	99	91	78	94	60	86	92	49	92	49	64	30
	88	99	48	23	62	72	79	40	20	32	84	98
	15	75	42	95	63	30	36	17	72	13	67	59
	79	48	91	93	26	91	34	79	36	27	27	15

	89	31	53	14	57	59	53	51	93	30	53	96
	45	59	24	69	85	35	57	25	28	61	92	11
	62	26	72	16	89	70	48	98	46	25	22	47
	52	90	17	34	93	65	40	53	22	35	87	15
	16	46	80	76	98	77	35	81	17	25	91	94
	24	32	18	31	67	16	42	20	44	86	27	73
	65	69	93	92	78	71	88	78	46	17	54	30
	44	78	42	82	48	75	21	18	34	28	38	28
	53	95	18	42	62	54	74	96	15	52	26	53
	19	60	37	26	68	77	95	49	56	92	60	78
	83	35	64	82	90	35	76	89	41	68	65	39
	48	31	66	56	23	75	41	54	51	87	97	89
	26	61	33	22	24	52	67	60	97	66	53	87
	44	89	21	77	56	52	84	93	87	88	89	79
	32	21	58	96	44	63	61	99	80	74	31	44
	84	38	37	60	47	12	13	69	31	63	34	78
	68	19	79	80	18	85	65	91	22	17	63	38
	72	89	33	91	95	93	62	20	26	90	97	13
	94	60	27	70	74	94	17	76	67	77	46	45
	66	87	61	12	17	74	23	51	83	40	39	30
	35	29	36	14	66	40	89	12	44	69	25	17
	80	36	100	89	73	56	69	70	51	68	81	58
	32	12	13	16	39	74	30	98	27	95	35	75
	20	99	42	29	68	11	55	71	35	30	61	66
	74	17	69	67	61	11	57	79	41	41	81	21
	71	76	83	12	87	16	37	88	39	98	45	37
	98	60	30	16	40	92	40	70	74	59	40	43
	69	26	51	87	56	19	59	72	41	30	88	77
	50	69	19	100	99	28	51	46	50	92	40	13
	15	91	97	41	84	69	19	37	20	34	20	91

	50	75	21	95	12	50	81	12	56	71	85	36
	52	53	59	92	76	89	60	30	45	19	67	22
	33	19	99	65	33	25	59	37	83	87	41	53
	32	79	71	48	79	100	71	68	70	12	55	48
	20	38	31	16	44	12	65	56	69	32	86	11
	85	58	34	47	85	86	70	85	20	53	51	63
	96	71	80	14	17	15	61	10	78	29	64	91
	53	33	25	100	72	96	90	70	74	24	51	47
	32	47	96	34	46	91	55	11	20	52	46	25
	27	78	29	76	30	13	30	49	39	32	71	56
	89	84	53	51	89	48	43	51	43	66	69	84
	83	84	36	91	98	63	34	29	17	51	23	49
	30	34	74	41	63	30	99	89	66	53	27	50
	73	28	12	12	59	22	16	64	58	10	51	48
	76	79	38	12	32	16	72	69	66	38	76	34
	24	54	17	73	63	35	11	63	42	86	24	60
	78	62	97	33	11	22	11	23	92	53	57	48
	76	75	35	97	75	54	24	89	62	89	89	47
	31	28	94	75	65	57	44	44	54	39	51	86
	15	93	86	70	66	53	17	83	56	75	39	49
	79	50	59	41	73	58	47	61	72	99	75	79
	77	75	68	78	93	50	12	86	14	47	53	69
	100	64	83	11	13	77	30	46	73	74	92	11
	64	88	27	50	78	59	93	31	88	21	91	41
	36	87	91	46	58	70	15	96	89	75	83	44
	21	29	73	53	27	55	67	32	78	79	83	87
	38	61	24	92	38	64	13	78	53	88	72	93
	13	62	63	18	81	17	42	23	17	11	44	80
	87	87	72	68	53	26	84	27	84	50	66	88
	47	56	16	54	11	84	20	83	14	14	51	92

	21	80	13	12	13	46	58	51	87	92	21	52
	57	78	89	77	29	50	93	70	54	38	63	16
	17	17	27	60	43	31	25	62	63	60	28	12
	58	26	29	50	59	60	78	31	20	90	17	39
	93	12	14	84	16	36	47	40	99	28	60	95
	67	38	39	74	92	81	61	66	49	25	56	54
	63	26	24	69	98	94	65	10	28	62	72	60
	40	70	60	28	83	52	12	73	17	30	92	89
	83	84	23	11	98	83	24	40	25	84	87	88
	92	76	64	30	78	30	75	76	94	87	46	48
	30	56	52	24	69	86	77	30	24	45	48	82
	26	22	35	37	55	53	85	74	38	36	33	22
	55	16	14	21	89	16	19	82	70	40	87	44
	31	41	33	54	50	55	71	80	44	96	55	10
	65	73	25	56	27	84	31	18	72	53	58	86
	85	14	40	57	78	52	70	46	32	80	54	25
	54	43	76	17	24	32	33	43	41	44	18	93
	36	98	35	58	28	86	47	20	60	26	26	83
	91	53	47	82	43	99	39	92	46	74	82	54
	47	88	39	88	67	92	23	21	59	36	12	16
	22	43	71	27	71	78	37	80	24	67	56	50
	71	72	97	36	75	38	69	14	75	50	68	15
	98	50	68	27	74	98	29	72	68	37	96	66
	67	62	49	64	48	90	46	61	88	85	79	72
	97	73	12	93	95	65	45	38	34	58	49	82
	38	90	100	50	97	35	57	73	93	72	11	86
	83	17	84	10	84	30	21	56	30	35	33	55
	19	42	33	85	76	92	85	22	82	80	64	32
	84	98	56	30	62	51	23	25	34	46	50	80
	45	46	79	66	26	55	30	71	49	79	13	90

	33	67	86	99	95	78	26	85	92	14	60	47
	92	91	79	18	52	16	75	87	53	78	36	16
	36	50	50	62	81	93	49	42	85	43	65	33
	61	13	92	32	82	27	50	26	53	28	20	33
	95	39	94	29	35	86	86	96	32	63	59	35
	33	15	20	49	46	97	24	59	46	96	48	32
	97	66	34	63	39	58	40	73	56	67	63	17
	86	16	25	73	67	81	86	99	96	13	100	71
	82	42	42	20	36	26	44	33	21	71	64	60
	51	19	57	59	87	22	98	56	93	54	84	50
	96	63	40	42	29	99	87	32	13	60	20	100
	64	29	43	39	83	76	17	88	62	50	86	86
	51	40	99	23	93	98	73	78	76	73	77	19
	87	33	19	45	86	17	88	52	88	22	100	56
	29	39	26	43	16	99	96	79	74	18	34	34
	33	61	76	63	16	85	13	83	89	59	85	30
	45	49	34	67	78	60	38	49	30	58	29	50
	30	88	75	89	40	84	55	17	88	13	96	48
	31	69	98	19	31	46	25	78	38	12	28	47
	30	92	43	18	79	74	69	80	76	92	25	90
	95	95	12	31	13	84	71	79	75	20	18	94
	11	85	81	16	100	30	94	69	89	93	22	91
	48	34	66	33	44	14	64	50	15	62	72	68
	49	21	16	83	45	90	83	29	77	34	79	91
	15	69	66	62	77	40	66	16	27	89	72	31
	17	78	19	37	19	59	91	54	45	30	82	44
	90	34	87	67	10	74	66	43	21	86	13	46
	19	91	29	19	62	89	91	13	17	94	27	69
	90	56	10	55	48	24	22	22	49	14	90	80
	38	28	63	97	85	12	55	35	71	68	40	69

	97	91	14	66	48	93	76	88	30	56	87	57
	17	59	21	11	73	90	52	54	29	53	32	84
	23	27	19	48	20	38	36	65	21	79	27	63
	76	84	27	32	82	66	69	38	98	75	21	91
	13	83	22	50	65	87	34	30	78	51	27	64
	58	23	47	43	18	65	52	46	22	11	100	29
	40	92	17	54	14	19	57	65	91	95	85	11
	49	56	55	41	98	71	16	73	60	89	47	48
	29	39	16	88	57	99	33	74	93	72	59	96
	20	77	79	12	66	63	65	41	47	80	38	35
	69	29	97	71	50	94	11	27	53	26	62	84
	13	47	72	81	77	90	91	36	73	39	62	64
	33	51	51	76	34	94	18	33	54	14	34	77
	54	95	85	15	19	73	51	24	80	45	83	55
	91	89	26	69	13	21	52	100	89	26	55	29
	100	16	16	28	56	19	95	76	71	53	53	75
	42	86	85	11	84	13	43	15	59	40	74	78
	45	55	55	16	96	21	44	45	59	35	47	49
	88	89	36	82	72	14	93	77	63	44	59	31
	48	34	12	24	39	52	57	23	62	47	32	13
	18	44	94	61	63	17	58	74	85	28	92	37
	95	38	25	41	69	57	46	24	55	89	35	69
	95	56	86	81	82	43	15	93	98	13	16	16
	75	19	62	51	16	44	92	99	23	65	15	57
	45	88	73	57	43	86	72	50	23	48	99	83
	67	51	61	34	63	72	96	86	78	12	41	36
	20	52	41	45	86	70	49	41	53	53	15	73
	76	82	33	60	76	81	52	60	42	81	49	13
	63	33	43	41	39	73	30	79	27	93	98	52
	48	64	57	54	58	42	41	30	91	96	23	60

	16	21	35	87	55	15	40	86	20	95	46	62
	80	69	66	43	26	45	30	61	33	25	55	20
	48	10	18	49	36	16	64	27	68	30	58	64
	65	49	28	46	68	59	40	54	34	75	50	83
	91	81	41	59	19	29	50	89	84	43	91	56
	20	77	23	30	98	96	37	53	40	67	76	23
	33	97	83	60	19	95	94	53	67	71	96	28
	82	51	44	36	14	11	33	71	47	15	10	66
	81	29	70	14	71	44	24	36	16	98	30	64
	42	84	75	30	86	81	76	92	23	51	72	32
	24	48	66	71	34	34	82	91	38	14	20	99
	61	89	26	90	89	33	42	95	75	71	23	45
	32	91	41	61	23	86	77	90	32	78	66	52
	35	93	54	77	13	30	16	71	66	84	34	47
	29	66	38	74	67	43	82	99	13	92	73	76
	40	87	78	66	13	70	66	33	36	25	55	92
	54	85	80	97	32	46	25	39	50	64	71	53
	64	27	42	37	44	23	46	13	56	11	91	54
	72	52	55	70	44	32	33	42	51	43	45	28
	88	74	63	18	37	24	89	14	84	14	66	60
	33	98	54	85	67	23	72	72	90	60	70	31
	17	42	79	65	38	81	37	54	57	44	33	42
	57	78	90	65	14	93	84	97	43	69	40	25
	11	65	65	46	27	10	42	22	89	69	66	45
	73	20	74	36	65	45	22	44	85	63	17	16
	72	57	28	11	54	42	96	86	70	83	98	90
	57	55	22	23	96	67	26	57	44	14	57	26
	99	32	92	76	21	20	46	68	25	27	83	89
	94	58	46	95	18	94	16	80	20	54	73	91
	21	60	95	13	46	94	45	86	31	35	82	31

