***** PARAMETERS PRP *****

Number of Customers = 30
Number of Products = 10
Number of Vehicles = 5
Number of Periods = 12

B = Production capacity
	49447

b_p = Time required to produce item p
 	1	1	1	1	1	1	1	1	1	1

c_p = Production cost of item p
 	80	30	80	30	80	80	30	30	80	30

s_p = Setup cost of item p
 	800	300	800	300	800	800	300	300	800	300

M = Big number
	197786

U_pi = Maximum inventory upper bound of item p at site i
 	197786	215	256	256	218	105	133	116	120	76	272	143	120	214	202	115	226	176	94	258	246	98	111	158	328	142	171	134	117	192	164
	197786	157	143	275	245	285	109	165	103	176	268	259	154	222	174	301	303	105	99	251	114	107	228	295	152	116	104	333	256	230	108
	197786	192	220	184	168	288	73	97	109	267	152	214	299	103	242	260	288	321	208	316	211	246	240	207	111	233	181	192	167	278	259
	197786	108	103	168	253	183	180	156	126	125	144	190	321	92	288	232	323	262	183	291	142	171	109	315	221	96	264	121	295	211	207
	197786	226	106	239	155	145	256	168	111	211	232	208	250	243	110	185	114	161	189	333	153	182	116	103	194	265	173	184	200	280	111
	197786	94	139	231	95	166	230	121	94	167	134	347	300	253	236	164	128	189	235	341	187	108	205	285	155	145	80	124	268	89	113
	197786	94	189	99	203	188	144	323	182	204	182	159	101	104	314	294	113	89	140	130	313	281	129	178	153	112	113	247	223	107	179
	197786	133	126	169	97	237	107	261	206	161	248	103	274	266	155	122	78	264	99	101	271	243	241	144	253	181	84	213	137	334	239
	197786	289	149	215	144	224	147	220	165	265	285	265	236	122	169	162	309	181	263	132	238	128	181	110	231	175	346	103	191	221	281
	197786	156	174	270	150	97	181	262	168	97	218	182	126	226	156	137	301	211	260	117	190	252	227	310	322	274	119	198	168	308	161

I_pi0 = Initial inventory of item p at site i
 	0	56	222	246	179	93	60	107	112	42	99	91	73	193	177	22	61	95	51	96	173	95	93	72	200	91	59	17	94	121	91
	0	107	133	47	94	120	52	56	48	114	143	33	138	25	22	61	199	99	62	168	74	49	90	212	95	34	103	272	166	52	88
	0	183	94	65	47	120	48	58	62	129	141	199	92	51	173	181	185	72	127	89	201	132	153	91	67	99	173	23	13	169	145
	0	29	39	138	30	158	97	137	95	75	93	37	22	70	44	180	179	202	28	153	86	158	75	54	139	21	99	46	285	53	121
	0	126	78	224	143	135	26	40	84	114	118	147	118	66	81	157	78	116	142	85	21	131	34	21	169	32	103	135	109	223	84
	0	90	91	129	18	86	40	107	72	26	62	167	17	136	203	111	91	152	80	269	96	53	81	68	77	112	37	82	39	35	49
	0	91	72	95	146	167	140	132	173	85	154	75	91	36	256	91	84	0	51	96	241	89	70	151	142	87	19	181	151	83	90
	0	131	83	42	25	96	87	149	94	111	233	103	272	80	81	85	72	258	44	97	87	88	183	116	115	167	57	53	81	86	209
	0	242	112	192	143	194	86	167	130	122	237	131	84	87	45	38	60	151	94	59	164	89	158	43	155	69	146	36	135	106	149
	0	13	124	187	95	57	115	107	146	95	75	91	85	191	56	119	206	132	241	94	184	78	97	223	218	107	117	94	36	177	63

h_pi = Inventory cost of item p at site i
 	8	8	8	1	6	7	1	1	8	8	9	8	9	3	1	8	4	1	8	8	5	9	7	5	9	7	7	4	6	7	7
	3	3	9	5	3	1	7	7	5	2	6	4	3	2	9	5	1	3	6	5	5	2	4	1	4	1	9	2	5	6	8
	8	1	5	4	9	9	4	4	2	1	5	4	9	9	5	7	7	5	9	8	5	1	9	4	2	5	3	8	2	4	3
	3	6	6	6	1	7	8	8	6	7	6	1	1	9	6	4	1	2	2	6	7	6	8	6	4	3	7	7	5	3	6
	8	7	5	2	3	8	5	7	2	4	2	3	5	9	4	6	4	3	9	9	3	5	9	4	3	8	1	2	4	3	8
	8	3	4	3	6	8	1	3	3	4	9	2	9	8	3	3	8	7	8	5	5	6	2	2	3	4	7	9	6	6	2
	3	3	8	2	9	3	9	5	3	9	5	5	7	8	4	2	2	7	5	7	5	4	9	2	6	7	2	4	5	7	5
	3	4	1	1	3	2	7	3	8	4	1	8	6	1	2	3	5	6	5	2	1	7	2	5	6	2	9	8	4	5	7
	8	9	9	8	6	7	6	9	8	8	1	8	4	5	6	5	2	5	1	7	9	7	5	3	1	4	5	1	8	4	4
	3	2	7	6	7	4	2	3	4	4	8	1	5	9	6	9	3	5	9	6	9	9	6	3	7	5	3	7	7	5	2

C = Vehicle capacity
	3470

f = Fixed transportation cost
	164765

a_ik = Transportation cost for traveling from node i to node k
 	0	3340	2215	3155	815	990	1415	2430	335	2265	2405	3155	1505	2665	435	1050	2480	2630	3440	2160	2380	1425	2480	2390	1625	1515	1295	3830	2215	2525	980
	3340	0	3505	200	2960	3895	2075	1215	3055	2615	1450	420	1890	1500	2910	4375	2875	4830	870	1190	4720	3700	5050	1490	4955	2450	3205	1365	4925	4560	3325
	2215	3505	0	3315	1475	1625	1820	2295	2000	930	2060	3585	2590	2075	2165	2530	795	1405	3040	2590	1390	960	1795	2020	2905	1245	925	3125	1815	1110	1245
	3155	200	3315	0	2760	3700	1875	1025	2865	2430	1260	435	1720	1330	2725	4185	2695	4635	820	1000	4525	3505	4855	1300	4765	2250	3005	1340	4725	4365	3130
	815	2960	1475	2760	0	940	890	1875	540	1455	1785	2870	1395	2000	695	1575	1665	2225	2875	1790	2020	925	2250	1755	2120	750	570	3195	2055	2040	425
	990	3895	1625	3700	940	0	1825	2795	1035	2070	2680	3795	2255	2865	1265	910	2170	1665	3780	2725	1410	665	1495	2650	1330	1580	915	4065	1240	1600	620
	1415	2075	1820	1875	890	1825	0	1025	1090	1285	995	2000	790	1265	1030	2380	1590	2925	2035	915	2770	1690	3050	980	2950	580	1205	2415	2890	2695	1265
	2430	1215	2295	1025	1875	2795	1025	0	2105	1425	265	1315	1295	495	2025	3400	1705	3620	1015	610	3515	2520	3855	305	3965	1265	2025	1420	3740	3345	2195
	335	3055	2000	2865	540	1035	1090	2105	0	1960	2080	2895	1265	2335	235	1325	2190	2585	3120	1870	2355	1315	2505	2060	1900	1195	1080	3500	2265	2445	815
	2265	2615	930	2430	1455	2070	1285	1425	1960	0	1175	2735	2055	1155	2040	2920	315	2330	2110	1825	2285	1530	2675	1135	3400	800	1160	2215	2640	2035	1495
	2405	1450	2060	1260	1785	2680	995	265	2080	1175	0	1570	1420	300	2025	3340	1450	3410	1105	825	3315	2355	3665	45	3895	1115	1870	1425	3570	3130	2070
	3155	420	3585	435	2870	3795	2000	1315	2895	2735	1570	0	1665	1695	2725	4200	3020	4860	1250	1085	4730	3675	5035	1610	4775	2450	3180	1760	4885	4605	3260
	1505	1890	2590	1720	1395	2255	790	1295	1265	2055	1420	1665	0	1720	1075	2550	2365	3595	2185	785	3410	2310	3640	1425	3125	1360	1875	2665	3440	3390	1815
	2665	1500	2075	1330	2000	2865	1265	495	2335	1155	300	1695	1720	0	2295	3570	1385	3460	980	1095	3390	2485	3760	300	4115	1290	2015	1205	3685	3170	2250
	435	2910	2165	2725	695	1265	1030	2025	235	2040	2025	2725	1075	2295	0	1480	2290	2810	3030	1730	2580	1530	2735	2010	2055	1250	1260	3435	2495	2660	1025
	1050	4375	2530	4185	1575	910	2380	3400	1325	2920	3340	4200	2550	3570	1480	0	3050	2345	4410	3190	2070	1575	1990	3315	580	2310	1770	4760	1680	2365	1430
	2480	2875	795	2695	1665	2170	1590	1705	2190	315	1450	3020	2365	1385	2290	3050	0	2190	2315	2135	2180	1575	2585	1410	3500	1080	1285	2350	2590	1890	1635
	2630	4830	1405	4635	2225	1665	2925	3620	2585	2330	3410	4860	3595	3460	2810	2345	2190	0	4430	3805	280	1300	565	3370	2435	2415	1735	4530	795	305	1815
	3440	870	3040	820	2875	3780	2035	1015	3120	2110	1105	1250	2185	980	3030	4410	2315	4430	0	1405	4365	3450	4730	1140	4975	2215	2965	540	4655	4140	3170
	2160	1190	2590	1000	1790	2725	915	610	1870	1825	825	1085	785	1095	1730	3190	2135	3805	1405	0	3665	2595	3960	850	3765	1395	2105	1895	3805	3555	2180
	2380	4720	1390	4525	2020	1410	2770	3515	2355	2285	3315	4730	3410	3390	2580	2070	2180	280	4365	3665	0	1105	420	3280	2170	2285	1565	4495	565	410	1605
	1425	3700	960	3505	925	665	1690	2520	1315	1530	2355	3675	2310	2485	1530	1575	1575	1300	3450	2595	1105	0	1365	2320	1955	1260	500	3665	1225	1135	520
	2480	5050	1795	4855	2250	1495	3050	3855	2505	2675	3665	5035	3640	3760	2735	1990	2585	565	4730	3960	420	1365	0	3630	1980	2605	1860	4885	310	805	1830
	2390	1490	2020	1300	1755	2650	980	305	2060	1135	45	1610	1425	300	2010	3315	1410	3370	1140	850	3280	2320	3630	0	3870	1080	1835	1450	3535	3090	2035
	1625	4955	2905	4765	2120	1330	2950	3965	1900	3400	3895	4775	3125	4115	2055	580	3500	2435	4975	3765	2170	1955	1980	3870	0	2845	2240	5315	1675	2520	1920
	1515	2450	1245	2250	750	1580	580	1265	1195	800	1115	2450	1360	1290	1250	2310	1080	2415	2215	1395	2285	1260	2605	1080	2845	0	765	2490	2480	2165	960
	1295	3205	925	3005	570	915	1205	2025	1080	1160	1870	3180	1875	2015	1260	1770	1285	1735	2965	2105	1565	500	1860	1835	2240	765	0	3205	1720	1520	355
	3830	1365	3125	1340	3195	4065	2415	1420	3500	2215	1425	1760	2665	1205	3435	4760	2350	4530	540	1895	4495	3665	4885	1450	5315	2490	3205	0	4835	4235	3450
	2215	4925	1815	4725	2055	1240	2890	3740	2265	2640	3570	4885	3440	3685	2495	1680	2590	795	4655	3805	565	1225	310	3535	1675	2480	1720	4835	0	970	1640
	2525	4560	1110	4365	2040	1600	2695	3345	2445	2035	3130	4605	3390	3170	2660	2365	1890	305	4140	3555	410	1135	805	3090	2520	2165	1520	4235	970	0	1645
	980	3325	1245	3130	425	620	1265	2195	815	1495	2070	3260	1815	2250	1025	1430	1635	1815	3170	2180	1605	520	1830	2035	1920	960	355	3450	1640	1645	0

coordXY = Coordinates (x,y): line zero => x line one => y column => customers
 	480	372	40	364	333	322	341	271	439	86	227	450	489	173	470	479	27	11	201	391	66	202	95	223	490	242	224	100	156	8	285
	676	17	634	56	607	794	430	238	624	454	267	46	376	241	590	885	476	913	48	254	910	737	988	274	1000	489	640	12	977	853	676

d_pit = Demand of item p at customer i in period t
 	56	20	90	62	17	28	77	86	58	62	74	15
	93	74	55	81	21	94	70	82	55	16	63	63
	78	98	70	73	65	58	99	30	68	49	38	42
	25	33	65	56	71	86	83	18	63	73	65	17
	93	24	57	70	77	79	30	25	15	92	47	21
	60	59	29	80	58	87	100	84	74	91	17	56
	51	56	65	54	15	21	36	79	50	94	94	80
	56	56	55	40	89	78	26	96	63	59	44	55
	42	19	55	42	12	12	49	30	38	25	37	92
	99	39	26	13	13	54	70	89	77	70	40	62
	60	17	14	57	98	22	95	16	30	15	92	55
	18	55	72	21	88	53	98	13	99	67	69	68
	78	49	41	25	54	62	52	66	12	69	48	85
	14	76	48	39	17	15	76	41	69	93	21	97
	22	32	86	66	16	88	73	97	10	74	93	35
	61	79	67	46	80	23	92	37	24	77	80	11
	95	46	18	20	68	50	15	39	17	78	70	11
	35	16	100	41	36	70	55	53	66	61	13	16
	96	19	43	85	11	84	33	72	41	20	16	100
	74	99	96	39	42	41	53	74	67	50	38	66
	40	55	40	27	38	91	98	54	75	20	33	14
	32	61	39	96	12	99	45	37	20	75	74	73
	40	32	62	44	38	72	22	97	46	92	20	68
	79	36	85	82	96	39	35	90	25	43	93	85
	91	84	41	76	85	69	30	98	41	69	77	93
	13	46	57	96	84	96	53	94	46	32	29	39
	17	17	22	42	86	53	12	56	30	97	91	13
	94	67	27	14	29	19	70	95	77	86	32	89
	93	28	86	26	84	74	47	70	33	95	70	61
	42	49	37	35	18	19	23	85	21	51	25	86

	10	97	72	46	62	98	22	38	98	26	44	13
	16	99	18	23	73	90	31	12	43	69	23	73
	18	29	92	75	71	43	90	50	13	46	79	54
	94	67	76	94	66	94	37	44	23	69	28	43
	46	74	29	27	91	34	96	18	36	93	71	68
	52	69	85	32	23	40	72	86	97	14	23	62
	45	11	47	40	72	97	26	23	96	83	90	30
	48	34	64	23	46	96	78	48	46	71	11	53
	30	84	59	94	33	60	26	63	61	59	87	49
	99	44	45	65	74	18	62	13	17	89	22	96
	33	97	70	73	98	93	14	12	96	71	48	72
	70	68	72	41	30	71	28	24	29	40	81	63
	25	27	91	63	35	23	89	25	58	53	81	96
	22	59	52	40	83	33	45	53	63	23	30	19
	61	25	67	63	88	40	88	33	65	95	49	48
	53	83	63	47	66	33	36	90	46	98	34	77
	41	58	74	29	38	76	90	14	57	43	60	51
	62	29	86	100	10	18	54	50	29	47	100	11
	92	76	32	14	29	87	77	98	74	53	38	82
	74	71	52	66	58	35	40	39	100	75	17	57
	20	29	34	96	48	71	58	94	28	86	15	65
	58	32	56	87	47	65	54	78	23	83	82	20
	71	100	41	12	20	40	82	36	91	96	25	95
	95	22	40	96	45	11	23	59	74	11	88	42
	34	86	88	25	70	82	46	46	95	42	29	53
	71	32	97	18	26	56	43	64	45	94	56	22
	52	49	78	93	64	57	35	82	80	58	69	83
	45	62	37	22	86	82	47	62	95	75	59	95
	52	36	71	25	16	11	64	54	70	64	30	58
	88	64	34	51	59	89	16	65	29	24	33	95

	28	59	96	51	73	69	88	33	23	89	68	91
	46	48	41	92	95	15	37	74	71	67	47	28
	16	49	13	31	72	61	11	16	34	98	55	95
	47	40	40	24	87	34	89	45	44	99	72	49
	70	50	86	53	52	17	72	62	80	99	31	18
	29	19	10	23	14	37	61	38	79	56	46	24
	20	38	67	18	49	20	11	63	63	76	72	86
	20	16	14	12	34	67	30	45	51	85	27	36
	82	47	21	30	48	74	71	100	29	49	69	20
	45	96	68	24	10	82	86	49	32	46	23	45
	83	18	98	67	12	39	26	49	98	16	38	97
	92	81	48	85	43	59	38	34	84	75	61	17
	30	21	89	39	90	70	54	73	23	37	60	33
	42	65	66	86	30	33	56	95	94	71	29	59
	17	39	86	39	66	43	54	71	38	89	58	23
	38	72	75	22	50	35	16	55	94	54	83	98
	72	90	64	42	85	56	89	50	80	66	15	61
	72	43	12	16	95	25	73	48	18	32	25	39
	68	21	95	69	69	95	61	59	70	68	54	29
	38	92	71	18	78	25	19	63	19	93	30	88
	73	59	56	29	59	90	66	82	91	51	39	42
	59	94	41	83	45	23	90	59	48	53	77	49
	30	61	61	37	38	32	37	22	53	79	81	91
	33	34	51	81	41	93	86	43	68	43	67	25
	17	38	44	89	79	72	80	31	78	54	86	31
	75	30	68	60	26	90	68	37	100	47	93	29
	23	14	60	45	27	37	59	97	37	19	65	94
	13	87	94	68	95	19	73	18	58	33	16	92
	71	49	49	16	82	56	71	95	79	39	24	37
	14	57	74	61	58	35	93	69	72	54	16	19

	29	82	21	55	71	46	38	76	10	98	92	31
	39	81	65	35	48	62	50	55	41	27	44	71
	10	69	15	44	100	86	23	53	12	27	50	16
	30	73	77	34	84	93	60	14	50	74	94	77
	90	52	16	67	49	89	85	90	75	51	28	40
	26	71	92	49	30	31	63	72	84	83	47	70
	20	52	41	24	23	44	48	15	56	45	51	49
	12	83	96	56	87	95	37	43	98	42	88	18
	75	81	81	12	64	90	36	49	21	93	60	86
	63	30	13	48	52	61	14	97	66	40	22	69
	37	43	56	92	40	21	44	85	41	32	39	40
	22	70	75	18	60	31	97	76	54	95	75	98
	33	37	78	97	26	70	45	57	50	14	18	27
	44	71	27	56	96	55	69	57	76	86	30	25
	15	73	32	60	76	69	50	67	54	69	72	58
	15	90	74	99	40	81	36	75	73	93	18	82
	93	28	81	42	15	72	51	41	88	16	66	35
	28	42	56	98	92	28	20	14	21	27	77	47
	92	61	78	13	80	18	82	84	68	24	81	18
	86	92	51	94	84	77	77	53	90	61	22	65
	63	26	69	36	33	39	62	75	71	42	99	67
	75	98	29	12	59	17	75	28	99	80	25	58
	54	40	93	91	37	34	30	66	59	79	81	92
	94	45	95	72	49	41	23	30	36	59	82	38
	21	58	69	46	83	52	28	12	72	49	47	39
	99	18	54	40	46	73	58	16	29	83	57	61
	46	35	14	27	17	73	37	48	48	22	16	100
	65	71	77	72	24	64	25	70	52	75	73	40
	53	19	51	39	86	59	67	85	61	21	53	39
	11	40	70	63	63	11	43	43	54	56	93	75

	54	72	74	40	35	64	34	71	10	57	84	84
	78	65	14	36	28	97	74	79	19	70	31	43
	84	56	84	78	40	64	28	91	41	38	33	81
	43	84	16	52	69	42	21	71	70	82	22	47
	75	24	36	36	47	76	24	82	53	26	62	40
	26	47	28	55	93	67	23	49	73	43	51	60
	40	42	77	70	13	74	32	86	80	73	13	73
	32	33	19	83	50	95	12	51	73	92	70	57
	66	48	56	75	20	49	68	59	19	52	100	21
	27	91	39	36	56	91	40	68	75	67	27	79
	86	61	46	31	13	50	71	20	13	33	25	49
	44	29	27	18	60	97	32	21	85	52	78	57
	32	34	73	56	48	38	23	51	86	44	63	34
	81	81	31	35	20	19	75	43	67	79	88	42
	33	75	49	84	64	78	58	78	26	69	54	70
	45	33	79	21	86	30	35	77	45	60	93	81
	66	14	15	21	94	27	70	80	57	86	82	30
	15	39	64	24	61	69	98	98	47	83	65	92
	85	69	32	71	63	85	94	49	87	40	92	31
	21	17	26	20	50	53	84	100	86	27	54	72
	100	31	67	52	49	77	90	53	15	49	96	50
	34	98	41	46	63	69	87	53	95	27	15	67
	21	89	49	73	19	43	25	29	96	68	65	42
	40	56	73	86	89	25	48	65	53	81	61	99
	32	66	42	58	47	41	94	69	31	80	54	23
	19	57	27	74	72	63	63	29	89	88	49	62
	95	40	38	95	76	86	22	62	45	62	34	79
	42	67	45	39	75	95	57	20	32	16	15	98
	32	60	76	55	98	64	52	22	59	52	30	71
	61	23	69	79	46	64	47	46	43	86	38	61

	90	13	66	28	23	35	84	39	84	57	12	33
	23	68	18	53	33	63	39	17	37	94	21	90
	49	80	59	80	85	22	52	45	61	69	77	13
	18	91	10	76	40	84	78	16	33	41	74	11
	86	99	29	31	20	86	40	67	65	75	52	13
	40	93	32	40	76	72	22	68	76	82	70	20
	31	36	40	36	53	13	33	70	45	16	95	14
	40	32	75	11	54	42	49	91	31	21	81	38
	26	93	13	25	96	11	82	90	62	71	37	62
	62	82	90	35	72	70	49	63	96	89	35	63
	75	92	84	85	57	58	33	57	63	85	68	75
	17	95	99	85	45	34	63	57	40	60	93	32
	87	49	11	61	53	72	85	89	17	30	13	40
	97	57	49	78	79	72	44	61	33	89	28	21
	27	84	17	72	36	44	13	44	34	64	34	24
	91	99	61	12	59	29	66	61	47	98	51	91
	25	91	36	58	26	73	98	69	87	68	44	82
	80	98	67	16	68	89	24	13	15	79	75	81
	90	74	76	29	49	48	98	70	67	60	84	73
	96	93	81	63	70	17	85	33	16	62	67	66
	53	74	40	65	21	39	66	76	33	49	75	58
	24	57	44	67	51	38	76	33	37	89	67	31
	68	13	81	82	93	95	40	93	69	75	75	70
	52	25	95	68	27	36	20	80	46	73	46	51
	64	48	40	73	95	32	95	13	23	11	27	59
	37	67	63	36	39	46	45	13	64	16	22	31
	82	86	69	75	100	17	92	47	27	20	97	32
	39	78	70	94	70	24	33	24	39	68	36	68
	16	19	67	73	62	52	32	15	31	25	85	58
	49	72	99	22	42	24	74	52	50	29	72	94

	91	69	66	43	57	21	13	86	36	28	36	16
	53	19	90	79	41	80	52	93	70	85	29	66
	25	70	38	30	23	74	47	93	19	52	55	68
	41	52	13	40	83	65	42	54	27	82	54	55
	69	98	64	47	34	86	32	55	95	33	53	84
	49	22	69	74	68	19	38	31	85	68	40	13
	83	49	84	17	56	72	80	63	63	40	72	97
	80	93	64	55	76	36	34	49	25	92	77	45
	85	86	47	39	67	72	30	51	92	96	78	73
	44	52	58	54	90	50	98	89	35	45	80	34
	19	56	85	73	11	96	94	87	11	24	20	58
	33	58	94	17	65	87	70	39	50	19	65	11
	36	100	26	83	35	17	54	35	22	90	46	78
	63	96	97	70	86	33	97	70	54	16	61	11
	91	67	14	53	91	65	24	75	59	100	42	25
	84	100	33	30	72	68	54	35	89	86	10	16
	94	17	42	68	27	48	36	84	24	41	34	18
	51	35	19	69	61	39	18	74	83	36	31	42
	96	69	41	95	91	58	74	43	65	43	25	79
	31	59	77	74	34	60	68	59	70	91	95	32
	89	53	88	44	69	46	32	46	22	97	69	20
	70	92	69	50	14	21	89	23	81	96	78	89
	14	58	79	89	56	55	74	58	42	63	77	47
	20	52	20	50	57	72	63	73	34	17	91	63
	57	30	87	52	74	89	34	23	85	75	20	47
	19	23	30	64	21	77	33	69	44	16	25	32
	77	14	90	42	44	86	90	64	18	36	86	94
	44	50	57	83	48	51	90	55	82	14	63	33
	83	49	58	32	52	18	24	76	36	73	52	88
	90	48	61	15	37	91	77	55	64	39	51	87

	24	90	17	59	56	97	95	98	96	44	80	41
	83	91	28	76	30	41	11	87	83	57	80	89
	42	94	70	44	88	54	53	33	42	31	87	37
	25	83	52	23	75	57	85	41	18	85	23	12
	34	62	13	65	53	51	86	30	44	28	29	73
	87	34	35	66	95	28	19	50	62	53	64	47
	86	38	25	22	45	84	23	58	100	93	13	40
	94	77	51	50	12	47	95	57	23	70	23	18
	37	74	37	35	51	10	61	50	88	30	94	78
	56	37	48	92	47	25	98	55	66	81	82	56
	37	32	34	16	24	91	37	54	50	87	64	89
	73	91	21	87	58	54	52	31	64	52	44	30
	69	11	13	60	37	87	94	54	66	81	41	26
	53	28	64	66	48	19	24	34	97	81	57	47
	56	29	90	67	11	65	87	96	14	83	56	79
	28	44	45	48	25	24	52	13	32	87	59	11
	91	79	77	11	49	33	82	49	42	56	10	55
	44	87	77	41	41	77	19	51	52	44	17	43
	49	48	55	23	94	60	41	72	18	72	63	13
	87	95	32	58	74	26	53	42	12	15	76	81
	34	17	37	42	81	31	43	73	13	76	78	58
	42	90	51	44	90	30	47	61	87	98	25	57
	76	40	31	67	55	11	50	69	28	82	28	39
	43	72	53	75	86	74	95	36	83	25	30	87
	32	48	87	56	55	57	89	67	83	54	19	75
	57	84	70	36	38	46	43	25	15	14	22	52
	35	18	52	27	68	54	81	61	81	56	11	96
	13	68	95	95	55	86	73	38	99	68	98	31
	74	12	20	93	79	73	44	75	86	68	98	80
	96	13	40	60	79	65	35	93	97	52	71	17

	79	80	68	15	50	61	55	79	13	75	95	24
	27	85	76	48	13	38	22	54	62	64	52	56
	22	68	51	51	43	58	91	21	43	66	90	40
	60	83	10	68	24	19	38	73	69	51	60	22
	40	61	66	27	35	48	95	32	96	63	18	91
	44	42	92	89	66	71	50	48	19	22	27	18
	32	23	55	57	38	64	70	96	64	19	51	91
	39	30	61	31	15	93	14	46	13	43	80	30
	38	56	28	81	96	58	35	18	10	32	92	91
	64	86	30	57	64	75	54	73	19	56	45	62
	90	41	44	75	38	97	82	89	90	48	24	77
	60	24	80	86	25	65	55	86	86	13	87	42
	87	52	27	15	27	20	24	14	72	71	44	33
	45	93	31	38	95	37	80	31	49	54	61	62
	38	82	57	76	30	32	99	47	74	12	73	27
	60	11	96	58	86	25	96	43	32	98	43	94
	92	59	70	97	18	80	29	55	82	61	49	33
	94	18	58	92	68	41	15	92	11	44	30	68
	59	88	31	87	44	73	71	58	100	46	53	82
	19	71	56	18	22	94	27	58	63	23	74	46
	89	65	81	52	10	89	85	63	71	43	39	80
	93	65	46	10	44	53	12	32	56	32	39	61
	43	61	68	62	90	74	25	17	26	36	68	89
	60	29	66	38	95	79	56	55	92	61	30	31
	69	53	77	46	44	14	63	72	95	37	37	92
	61	85	46	42	93	62	67	41	53	93	99	89
	36	86	57	94	82	38	39	42	63	35	37	11
	70	65	72	76	72	99	33	55	58	52	39	71
	52	17	37	11	93	53	91	18	50	63	22	23
	37	49	63	23	99	21	57	87	42	23	97	76

	13	67	51	93	37	15	25	62	69	64	37	90
	12	56	15	41	96	84	14	15	46	45	22	76
	98	31	58	33	81	44	60	13	63	69	21	76
	68	27	64	11	73	48	18	23	97	48	37	87
	28	29	93	60	69	92	11	57	45	55	25	15
	32	83	49	99	89	55	50	27	60	69	19	92
	32	63	12	55	24	24	37	91	84	51	80	76
	79	67	34	50	53	59	65	63	90	21	77	12
	41	54	68	22	43	67	61	11	71	64	65	13
	75	36	60	61	44	77	59	50	38	94	21	39
	91	99	40	21	78	83	40	84	66	88	17	21
	27	31	27	94	74	39	15	19	32	33	53	60
	29	54	90	18	86	15	57	65	91	97	29	48
	29	27	62	91	14	27	79	91	63	26	63	51
	29	19	11	60	77	10	92	43	63	32	44	68
	26	52	89	39	75	89	94	62	55	54	48	39
	47	85	21	10	54	84	26	20	33	26	66	35
	92	72	77	66	19	96	75	96	92	53	11	32
	43	51	70	23	65	42	75	73	10	89	86	74
	43	46	82	13	54	38	82	84	62	83	94	78
	36	42	50	34	30	19	51	39	57	99	97	51
	47	50	80	53	86	29	30	26	67	55	61	96
	71	73	79	51	51	52	63	85	57	79	73	10
	94	27	97	50	77	89	90	32	97	49	25	46
	28	79	57	89	41	83	11	62	60	22	83	42
	22	95	53	77	24	97	40	85	81	80	27	34
	94	42	52	55	26	23	79	39	42	31	80	31
	17	19	49	23	86	40	39	15	34	51	73	57
	93	50	34	92	12	70	77	58	100	62	36	56
	63	99	18	23	66	80	73	57	22	52	61	29

