***** PARAMETERS PRP *****

Number of Customers = 30
Number of Products = 10
Number of Vehicles = 5
Number of Periods = 12

B = Production capacity
	49832

b_p = Time required to produce item p
 	1	1	1	1	1	1	1	1	1	1

c_p = Production cost of item p
 	30	30	80	80	30	80	30	80	30	30

s_p = Setup cost of item p
 	300	300	800	800	300	800	300	800	300	300

M = Big number
	199328

U_pi = Maximum inventory upper bound of item p at site i
 	199328	265	84	102	120	158	212	291	154	171	185	215	112	205	183	275	330	218	106	222	113	161	304	120	282	255	216	311	142	172	270
	199328	263	176	328	246	113	250	354	266	294	329	250	273	300	324	195	288	175	181	209	191	122	139	101	171	254	184	125	215	210	156
	199328	306	177	130	176	156	116	214	155	269	277	83	257	287	215	172	230	230	182	300	250	270	127	250	230	188	150	217	123	127	239
	199328	107	148	191	154	161	177	200	152	220	275	259	151	100	138	225	256	216	118	282	264	187	110	278	363	111	264	287	197	170	91
	199328	126	275	103	98	242	233	192	179	313	271	184	118	217	111	133	253	263	318	174	175	173	89	267	125	101	154	133	99	220	183
	199328	280	183	161	152	265	171	98	295	175	208	242	110	325	120	142	87	227	146	266	108	273	112	110	118	198	268	190	104	132	158
	199328	94	98	262	280	195	144	153	210	228	135	296	158	129	171	168	130	137	243	298	236	290	186	219	163	215	167	173	237	266	258
	199328	139	112	293	282	267	163	159	217	201	172	161	257	201	256	194	202	174	217	146	135	104	206	215	133	189	158	221	113	121	153
	199328	109	156	212	97	299	184	188	275	184	111	180	261	215	153	173	253	247	129	335	250	203	261	139	262	106	89	361	265	151	227
	199328	308	252	82	144	179	295	123	184	238	230	127	210	161	333	203	205	206	258	142	187	296	302	115	225	214	177	197	161	267	120

I_pi0 = Initial inventory of item p at site i
 	0	199	65	41	80	152	201	78	91	158	171	159	63	124	153	28	85	182	15	196	63	144	302	108	231	88	215	189	117	116	15
	0	173	123	72	116	60	103	55	79	170	139	19	250	210	205	148	201	64	49	190	144	90	75	94	133	122	78	97	203	124	110
	0	63	173	32	20	11	113	162	60	81	91	25	98	40	66	160	99	172	78	131	204	156	86	39	76	142	125	35	120	115	67
	0	96	146	86	104	150	133	98	67	100	88	100	14	88	120	152	180	166	89	34	110	168	31	228	212	90	84	277	113	126	81
	0	104	56	78	82	94	149	161	64	117	263	66	90	84	81	70	248	207	311	133	97	163	65	88	97	87	99	101	79	173	54
	0	198	107	126	126	226	130	29	174	140	152	172	63	69	73	59	31	163	85	229	29	217	99	81	118	159	41	131	93	72	97
	0	87	84	117	139	193	88	76	143	175	62	163	157	86	150	118	68	101	119	213	170	209	181	211	130	43	165	80	167	185	130
	0	85	37	146	157	226	63	130	206	128	105	145	133	166	161	12	148	76	203	141	65	86	178	46	53	140	89	52	50	121	111
	0	59	148	61	69	256	115	78	211	118	80	121	127	203	20	64	69	41	85	171	110	186	80	116	87	63	75	171	105	127	104
	0	159	233	27	32	22	206	72	52	192	90	91	166	153	136	144	35	56	91	40	181	58	218	22	203	31	172	65	55	129	47

h_pi = Inventory cost of item p at site i
 	3	8	8	3	7	3	8	7	6	6	4	7	2	4	8	4	1	9	9	8	3	4	9	6	6	8	1	7	8	1	7
	3	1	3	3	3	5	7	8	3	8	5	4	5	9	6	6	3	2	8	9	4	4	3	4	4	6	5	1	8	5	6
	8	9	1	3	2	6	5	1	1	6	8	8	1	2	1	3	3	7	8	1	9	4	3	8	1	3	6	2	7	6	5
	8	1	9	7	3	7	9	2	1	4	6	7	2	6	3	7	4	6	1	8	2	2	9	6	2	1	5	8	7	5	1
	3	7	8	2	1	6	2	1	7	2	8	9	2	9	6	4	9	8	5	8	8	6	7	3	4	8	6	5	4	6	3
	8	8	3	4	4	8	5	5	6	4	8	6	6	7	2	3	7	1	4	9	3	3	3	8	8	7	8	2	7	2	7
	3	8	5	4	7	7	7	2	5	5	7	1	9	9	8	4	5	5	3	8	5	3	5	9	1	7	5	6	7	4	6
	8	4	2	2	4	9	8	4	6	2	8	5	9	6	8	4	4	2	7	1	5	2	5	1	4	8	4	2	2	8	2
	3	2	4	6	9	5	9	3	9	4	8	3	2	1	6	7	6	4	2	1	1	8	8	2	8	4	4	5	8	2	9
	3	4	7	7	7	7	4	2	6	7	2	1	7	5	6	9	9	4	8	7	2	7	2	8	1	4	8	4	9	3	5

C = Vehicle capacity
	3630

f = Fixed transportation cost
	144460

a_ik = Transportation cost for traveling from node i to node k
 	0	3035	545	2125	1720	1595	1205	2080	2050	1140	805	1830	2955	120	2625	535	1130	3410	2645	400	1675	2630	1805	1875	1905	2615	2385	2005	1840	2235	1165
	3035	0	3580	1275	1395	1720	2210	1815	1840	3850	2865	4445	705	2920	1070	2515	4155	1765	995	2650	1415	2190	3235	3040	2885	925	770	4660	1810	1855	3820
	545	3580	0	2635	2260	2090	1655	2530	2495	935	1095	1515	3475	660	3130	1070	595	3870	3160	935	2205	3025	1955	2080	2150	3135	2915	1650	2305	2670	945
	2125	1275	2635	0	1110	550	1045	570	590	3150	1725	3245	880	2020	500	1605	3160	1385	530	1735	580	1130	1965	1770	1615	510	520	3465	535	665	2665
	1720	1395	2260	1110	0	1025	1300	1550	1545	2460	1785	3350	1565	1605	1460	1240	2845	2430	1440	1365	610	2195	2505	2390	2290	1365	965	3555	1355	1695	2680
	1595	1720	2090	550	1025	0	505	605	590	2655	1185	2735	1425	1495	1045	1085	2610	1840	1075	1210	440	1265	1580	1425	1305	1060	955	2955	365	770	2135
	1205	2210	1655	1045	1300	505	0	880	850	2325	680	2235	1925	1125	1520	775	2145	2220	1560	865	840	1445	1210	1115	1040	1555	1455	2455	650	1030	1630
	2080	1815	2530	570	1550	605	880	0	40	3190	1490	2875	1300	1995	835	1615	2990	1350	900	1725	945	665	1475	1255	1090	935	1085	3100	255	170	2365
	2050	1840	2495	590	1545	590	850	40	0	3160	1455	2840	1330	1965	870	1590	2955	1380	930	1700	940	680	1440	1225	1065	965	1105	3065	230	190	2330
	1140	3850	935	3150	2460	2655	2325	3190	3160	0	1915	2340	3910	1205	3640	1575	1140	4490	3655	1465	2630	3765	2860	2965	3015	3610	3305	2425	2945	3345	1855
	805	2865	1095	1725	1785	1185	680	1490	1455	1915	0	1590	2600	785	2195	710	1505	2835	2240	685	1460	1940	1025	1075	1105	2235	2120	1805	1295	1620	955
	1830	4445	1515	3245	3350	2735	2235	2875	2840	2340	1590	0	4115	1920	3680	2150	1230	4115	3730	2050	3050	3085	1560	1800	1955	3740	3685	225	2750	2955	685
	2955	705	3475	880	1565	1425	1925	1300	1330	3910	2600	4115	0	2845	465	2425	4020	1080	400	2560	1290	1540	2770	2550	2385	380	615	4340	1375	1295	3545
	120	2920	660	2020	1605	1495	1125	1995	1965	1205	785	1920	2845	0	2520	425	1245	3315	2540	290	1560	2560	1800	1855	1870	2510	2270	2095	1755	2150	1245
	2625	1070	3130	500	1460	1045	1520	835	870	3640	2195	3680	465	2520	0	2100	3650	975	75	2230	1030	1120	2305	2085	1920	155	555	3900	935	830	3125
	535	2515	1070	1605	1240	1085	775	1615	1590	1575	710	2150	2425	425	2100	0	1640	2920	2120	140	1140	2215	1690	1690	1675	2090	1850	2345	1370	1780	1470
	1130	4155	595	3160	2845	2610	2145	2990	2955	1140	1505	1230	4020	1245	3650	1640	0	4335	3685	1505	2765	3425	2155	2335	2440	3665	3475	1295	2785	3120	910
	3410	1765	3870	1385	2430	1840	2220	1350	1380	4490	2835	4115	1080	3315	975	2920	4335	0	1005	3040	1960	1055	2590	2345	2180	1090	1515	4335	1575	1220	3670
	2645	995	3160	530	1440	1075	1560	900	930	3655	2240	3730	400	2540	75	2120	3685	1005	0	2255	1035	1195	2370	2150	1985	90	510	3955	985	900	3170
	400	2650	935	1735	1365	1210	865	1725	1700	1465	685	2050	2560	290	2230	140	1505	3040	2255	0	1280	2310	1695	1715	1710	2220	1990	2240	1480	1885	1370
	1675	1415	2205	580	610	440	840	945	940	2630	1460	3050	1290	1560	1030	1140	2765	1960	1035	1280	0	1600	2000	1855	1740	985	715	3265	750	1095	2410
	2630	2190	3025	1130	2195	1265	1445	665	680	3765	1940	3085	1540	2560	1120	2215	3425	1055	1195	2310	1600	0	1545	1300	1135	1265	1570	3300	905	505	2685
	1805	3235	1955	1965	2505	1580	1210	1475	1440	2860	1025	1560	2770	1800	2305	1690	2155	2590	2370	1695	2000	1545	0	250	415	2400	2470	1765	1430	1505	1280
	1875	3040	2080	1770	2390	1425	1115	1255	1225	2965	1075	1800	2550	1855	2085	1690	2335	2345	2150	1715	1855	1300	250	0	175	2185	2280	2005	1235	1275	1485
	1905	2885	2150	1615	2290	1305	1040	1090	1065	3015	1105	1955	2385	1870	1920	1675	2440	2180	1985	1710	1740	1135	415	175	0	2025	2135	2165	1090	1105	1610
	2615	925	3135	510	1365	1060	1555	935	965	3610	2235	3740	380	2510	155	2090	3665	1090	90	2220	985	1265	2400	2185	2025	0	425	3965	1000	950	3170
	2385	770	2915	520	965	955	1455	1085	1105	3305	2120	3685	615	2270	555	1850	3475	1515	510	1990	715	1570	2470	2280	2135	425	0	3905	1050	1160	3075
	2005	4660	1650	3465	3555	2955	2455	3100	3065	2425	1805	225	4340	2095	3900	2345	1295	4335	3955	2240	3265	3300	1765	2005	2165	3965	3905	0	2970	3175	880
	1840	1810	2305	535	1355	365	650	255	230	2945	1295	2750	1375	1755	935	1370	2785	1575	985	1480	750	905	1430	1235	1090	1000	1050	2970	0	420	2200
	2235	1855	2670	665	1695	770	1030	170	190	3345	1620	2955	1295	2150	830	1780	3120	1220	900	1885	1095	505	1505	1275	1105	950	1160	3175	420	0	2465
	1165	3820	945	2665	2680	2135	1630	2365	2330	1855	955	685	3545	1245	3125	1470	910	3670	3170	1370	2410	2685	1280	1485	1610	3170	3075	880	2200	2465	0

coordXY = Coordinates (x,y): line zero => x line one => y column => customers
 	148	2	179	194	2	206	245	302	303	9	281	476	142	140	204	141	235	349	191	145	121	417	476	466	452	174	104	493	270	326	366
	719	130	823	297	408	406	499	333	340	899	630	881	129	697	198	613	927	68	192	640	386	267	570	522	491	197	245	922	372	310	801

d_pit = Demand of item p at customer i in period t
 	84	80	21	14	17	27	78	90	32	26	91	75
	52	13	85	20	39	12	98	16	39	74	24	34
	41	89	40	53	13	69	26	67	34	80	49	49
	39	41	67	15	59	96	91	28	83	68	80	52
	63	21	68	65	35	84	75	75	39	24	34	47
	68	12	97	24	52	14	73	96	25	38	36	100
	78	77	71	44	43	77	38	68	22	92	18	71
	65	26	51	64	48	85	62	19	50	55	47	42
	46	22	11	79	100	66	89	58	11	92	39	70
	24	64	51	32	24	48	28	33	35	47	19	40
	47	51	61	30	71	44	14	11	55	21	59	53
	15	48	58	100	54	70	83	16	75	48	74	30
	92	32	20	78	34	48	33	84	40	35	62	56
	97	56	87	70	18	53	18	96	22	62	56	95
	28	65	76	84	21	41	38	55	76	94	24	59
	85	27	20	81	93	54	49	94	84	90	35	80
	17	97	68	52	42	26	49	25	11	65	33	37
	15	71	94	73	42	63	28	63	13	82	44	47
	30	70	96	42	54	58	48	27	95	12	37	96
	41	22	88	98	89	89	42	32	37	45	56	37
	58	86	22	56	45	78	48	30	56	50	87	28
	95	59	63	85	93	31	50	77	60	26	22	69
	45	33	30	17	44	89	46	90	85	92	72	78
	93	58	80	31	44	58	81	62	30	62	12	65
	47	18	23	36	88	99	43	33	57	86	14	68
	50	91	74	80	73	17	46	18	41	44	79	35
	24	92	73	58	93	40	90	70	77	12	79	38
	51	66	85	63	68	85	97	17	56	86	98	80
	83	33	98	36	63	42	54	73	62	30	50	63
	15	57	56	80	19	72	95	26	92	32	52	53

	79	62	32	98	85	32	97	37	68	95	78	25
	53	70	94	28	63	64	64	57	13	92	92	14
	72	53	71	51	62	98	74	34	18	90	80	83
	62	54	88	68	35	43	55	80	78	25	54	95
	60	54	59	47	11	75	57	88	32	33	79	80
	22	21	60	62	77	74	82	64	78	80	65	64
	55	85	50	87	38	30	62	100	66	98	87	92
	45	34	27	21	72	51	49	94	58	64	86	38
	82	88	87	80	42	49	58	31	20	46	59	64
	66	73	65	92	43	25	86	84	66	76	49	64
	19	33	35	32	10	61	88	91	59	26	98	47
	83	42	28	97	57	82	15	62	58	39	26	67
	70	94	46	84	36	44	94	71	90	26	43	21
	54	49	19	83	98	81	29	63	70	78	62	91
	58	58	32	12	31	26	52	63	85	87	21	59
	41	89	34	37	37	85	72	95	27	93	42	38
	64	80	35	15	49	21	44	44	52	37	52	32
	49	59	97	23	13	48	67	87	72	90	94	26
	16	93	81	25	55	67	13	52	44	93	62	25
	86	58	72	81	51	67	48	46	94	95	42	22
	90	58	23	45	96	97	61	25	42	58	69	66
	12	63	71	46	17	89	45	12	28	17	84	70
	13	81	72	47	34	49	78	84	46	22	43	38
	61	72	52	11	11	66	91	24	100	33	83	81
	74	48	39	91	18	65	54	96	95	92	56	34
	78	24	20	10	15	31	56	45	99	97	39	37
	97	88	24	53	87	70	99	66	40	18	17	88
	36	78	20	69	32	46	84	49	71	23	93	43
	30	20	74	33	41	72	30	64	97	61	75	33
	21	89	20	30	13	98	42	78	92	24	55	60

	63	63	56	62	83	46	20	24	82	75	62	98
	20	63	90	97	55	14	51	49	54	67	96	51
	32	88	20	36	88	92	71	42	87	65	95	64
	20	23	36	12	18	53	12	81	35	43	26	63
	11	13	95	89	26	36	13	37	27	56	11	54
	55	45	13	98	94	61	82	81	75	47	19	27
	96	21	45	24	59	11	87	75	40	62	94	28
	60	98	63	59	72	31	24	42	57	24	70	18
	81	89	11	41	28	83	100	79	26	12	78	18
	91	53	58	94	50	97	92	86	10	19	98	84
	25	80	10	78	24	30	14	100	86	12	21	16
	10	68	20	51	22	61	60	66	50	54	99	56
	40	10	16	52	98	90	26	88	92	43	69	65
	66	62	88	68	55	38	79	41	28	21	52	47
	68	92	46	69	44	74	65	25	33	63	50	57
	48	51	65	99	61	15	33	37	73	89	22	98
	98	22	52	46	54	100	47	39	22	91	25	95
	41	14	23	94	26	50	36	17	39	88	29	89
	94	37	80	36	78	51	65	51	45	38	69	75
	45	38	35	86	11	37	43	47	95	39	75	50
	53	21	82	99	64	68	74	61	96	83	92	18
	86	63	44	96	20	75	97	83	76	51	42	28
	39	34	74	73	60	20	19	36	87	40	93	24
	29	47	32	74	97	63	38	45	23	92	73	77
	34	32	76	24	49	54	15	18	65	11	95	91
	40	85	23	80	64	47	62	28	54	82	20	15
	35	38	21	54	68	31	31	88	66	87	83	50
	47	73	41	81	17	84	96	68	59	25	62	83
	98	17	14	34	79	70	86	33	84	91	61	93
	12	55	36	71	68	18	60	16	87	43	47	60

	96	29	21	45	20	66	98	23	99	59	64	22
	30	55	61	84	36	41	14	46	88	11	56	69
	86	63	23	81	75	87	70	29	24	45	89	91
	43	48	13	80	33	70	50	62	98	19	53	46
	37	79	34	98	16	95	79	55	35	18	18	80
	46	87	85	20	25	10	62	18	24	67	15	72
	36	62	85	95	54	53	75	34	97	83	75	49
	50	17	30	49	54	57	99	81	82	13	53	24
	23	16	61	13	17	54	70	74	90	42	56	13
	21	19	48	20	66	24	52	97	79	78	77	78
	52	48	66	69	51	76	64	36	43	24	58	34
	14	13	88	83	86	22	37	23	11	31	97	99
	88	47	98	15	84	28	55	71	16	61	23	12
	21	18	68	13	84	93	20	36	18	97	32	53
	94	38	20	53	26	73	68	68	83	25	53	73
	90	90	87	43	56	88	72	35	49	39	69	50
	20	75	71	46	47	83	52	47	16	20	97	73
	89	76	42	95	62	39	38	76	46	48	55	39
	34	56	17	85	93	31	73	24	64	69	57	73
	68	28	14	55	80	37	58	84	30	29	79	71
	19	72	77	64	86	46	80	87	18	45	94	61
	31	19	62	88	79	73	18	44	49	57	40	97
	89	35	70	34	100	13	57	61	19	82	86	22
	95	76	41	98	44	74	88	58	63	70	75	89
	90	30	68	33	28	84	79	87	52	37	44	31
	84	86	92	53	44	13	79	84	17	19	13	49
	74	91	15	97	62	50	47	10	91	71	18	63
	26	87	42	75	17	99	98	36	52	95	62	97
	35	91	27	28	96	73	97	14	73	78	14	55
	16	35	30	76	59	58	15	17	80	55	49	57

	26	25	53	31	52	49	69	12	58	67	11	51
	56	31	95	32	15	85	74	65	53	25	69	60
	78	56	30	24	13	42	70	87	83	83	28	26
	11	71	12	17	26	16	43	47	21	23	15	91
	94	20	63	45	33	36	20	66	35	15	96	58
	51	62	36	47	65	40	79	92	98	10	90	30
	92	69	82	66	96	20	60	47	52	87	44	51
	64	36	16	69	62	98	20	11	18	14	64	66
	93	24	25	52	44	60	67	81	56	87	76	86
	73	81	98	11	65	80	77	32	50	89	58	98
	10	56	20	50	76	71	73	67	41	46	30	11
	90	57	81	11	72	70	30	70	51	80	56	37
	32	52	38	48	73	65	71	13	19	48	41	20
	63	18	58	55	43	99	29	95	78	62	47	21
	13	57	88	47	93	90	68	22	52	97	99	71
	73	91	84	89	38	58	74	28	94	48	18	64
	40	87	80	27	88	55	66	58	38	38	15	38
	80	67	98	66	26	74	50	66	100	46	65	24
	87	46	53	63	36	51	91	43	68	52	17	87
	23	24	50	45	96	78	50	93	47	95	48	52
	90	73	93	14	35	53	47	29	86	37	40	93
	65	12	82	28	30	69	27	15	20	67	80	37
	88	95	68	81	79	25	56	61	85	83	33	46
	66	16	15	48	72	44	83	88	91	61	97	69
	26	61	80	12	81	75	85	42	42	32	29	41
	61	38	16	80	35	58	24	58	11	72	73	89
	73	28	81	69	98	13	16	92	82	97	97	49
	79	57	62	42	55	38	86	15	76	59	14	11
	16	82	75	66	99	81	19	33	15	41	46	88
	54	97	86	53	75	79	59	11	63	47	64	42

	62	49	87	89	11	89	67	61	54	25	32	47
	76	31	99	91	87	54	18	52	34	91	84	14
	47	79	36	48	40	32	28	45	86	24	90	89
	93	33	73	69	40	29	27	75	30	26	76	37
	58	54	93	21	85	95	40	83	83	73	74	37
	55	75	64	54	64	17	90	24	95	74	39	33
	29	23	60	20	74	15	42	64	57	96	35	70
	28	71	75	84	41	55	90	67	17	19	66	95
	45	95	39	12	89	88	78	24	25	76	38	91
	57	95	69	62	22	87	61	96	91	31	89	71
	19	84	69	45	93	21	46	81	59	99	65	45
	63	73	52	38	48	50	32	46	99	15	67	75
	69	60	48	90	40	71	96	59	32	80	98	38
	45	28	55	60	93	53	90	48	87	59	60	40
	59	86	93	39	69	60	31	68	80	99	97	69
	31	68	47	32	82	12	68	13	23	81	29	38
	97	66	96	55	62	34	44	46	75	29	16	61
	85	69	30	70	32	19	51	39	57	22	28	80
	57	98	22	52	35	23	18	90	92	61	52	39
	29	84	44	34	39	53	97	26	34	88	47	75
	71	64	19	63	39	75	38	100	21	42	81	41
	72	27	81	44	40	80	50	40	45	96	33	62
	81	42	43	60	23	61	16	58	81	90	21	84
	34	84	56	56	77	95	30	18	72	73	20	92
	91	68	94	47	88	28	41	53	66	73	46	95
	41	83	64	91	74	32	25	43	13	46	37	93
	65	66	95	94	82	78	39	69	46	32	15	78
	73	20	25	46	81	30	94	21	87	42	57	45
	72	40	86	16	24	78	30	34	15	66	37	31
	97	47	74	15	97	54	20	13	68	82	43	22

	30	40	17	50	64	11	63	30	90	92	61	14
	13	71	40	69	66	16	63	20	81	63	44	43
	68	49	23	85	85	62	85	22	77	35	95	99
	39	23	35	42	68	75	70	77	34	82	91	37
	63	75	55	33	31	37	41	43	17	86	67	36
	74	14	12	19	11	65	73	18	91	55	50	92
	76	78	75	30	25	31	55	66	69	12	78	15
	49	14	80	47	66	16	45	100	25	36	67	85
	98	77	85	11	78	33	35	80	17	76	23	71
	62	46	25	76	88	42	100	92	84	55	70	68
	56	17	90	29	98	40	51	29	42	90	71	97
	68	39	50	56	67	75	12	31	90	23	97	25
	86	61	96	89	51	49	55	59	49	85	66	27
	54	96	54	63	55	29	30	39	64	89	63	47
	57	29	32	99	41	23	71	77	28	76	85	55
	68	92	51	67	34	85	92	94	56	66	38	39
	54	30	17	15	26	28	95	100	43	27	78	36
	66	53	86	82	35	27	11	90	85	71	65	58
	19	100	81	13	54	76	75	66	48	46	83	54
	97	73	40	58	12	77	34	34	61	55	99	69
	18	82	90	19	67	89	58	24	53	73	35	87
	94	23	64	60	10	19	52	38	31	30	38	99
	45	68	98	68	33	98	21	34	53	50	16	72
	35	95	22	35	94	21	85	96	18	88	13	50
	43	73	38	73	11	64	64	21	61	44	77	75
	38	48	53	26	68	86	77	66	22	84	68	33
	80	86	14	77	85	17	70	45	23	11	91	91
	34	51	82	89	36	40	46	75	48	75	59	75
	79	61	45	40	66	39	100	13	14	71	67	44
	89	41	42	16	85	92	39	88	45	33	39	11

	54	31	41	37	26	12	34	53	11	34	66	17
	37	89	42	45	81	74	65	96	24	22	11	87
	38	29	79	36	94	66	57	99	31	91	43	40
	14	82	61	94	71	30	43	56	29	50	93	54
	66	74	86	88	57	58	79	18	71	87	33	83
	63	87	29	16	86	25	80	94	74	32	18	48
	75	20	35	65	56	67	11	61	49	68	69	59
	67	34	35	70	45	35	74	52	50	79	35	75
	37	18	73	79	66	91	27	43	43	13	42	71
	38	28	39	98	49	57	90	35	25	91	48	88
	52	15	29	49	48	75	70	35	87	49	74	62
	79	54	29	69	23	81	91	79	80	71	61	53
	46	57	13	50	27	40	20	47	28	84	59	12
	12	92	57	78	94	41	66	98	74	14	95	46
	12	44	64	30	57	41	30	68	29	35	80	91
	86	62	51	76	90	45	95	87	40	96	68	11
	34	42	69	53	94	35	43	84	90	78	11	62
	25	41	63	74	59	54	71	67	37	74	18	69
	93	23	25	44	32	70	28	23	39	58	71	78
	38	27	74	51	33	92	23	66	30	26	23	57
	11	75	20	70	89	21	86	17	25	74	75	61
	92	21	65	17	85	97	91	31	96	94	67	68
	27	19	46	78	26	38	15	86	35	57	57	32
	53	99	64	23	50	86	49	91	56	96	78	55
	85	55	66	86	32	93	76	24	58	41	76	64
	89	26	13	81	71	79	89	31	35	15	44	57
	52	61	30	63	29	91	47	94	68	69	46	13
	21	29	39	26	39	32	12	84	22	36	42	68
	96	25	44	80	66	64	79	96	83	60	19	14
	46	65	95	25	46	87	39	21	66	19	48	54

	59	99	77	34	59	73	26	86	32	28	50	29
	26	67	55	19	39	82	54	66	28	75	28	85
	61	87	70	78	71	97	95	90	12	64	89	35
	69	70	20	30	42	22	90	30	47	53	43	65
	66	56	73	61	22	19	79	41	94	55	72	79
	25	52	38	94	70	54	14	37	32	63	15	57
	36	42	48	34	28	49	36	48	99	32	80	33
	24	51	39	97	69	69	76	23	29	83	16	85
	89	29	94	78	100	26	27	24	99	98	43	30
	80	79	75	38	47	36	53	67	91	19	47	34
	75	46	61	44	74	46	97	71	37	53	95	19
	40	87	39	28	45	72	64	38	91	10	35	78
	92	41	58	12	18	12	34	69	59	55	98	97
	20	77	29	85	76	49	15	28	55	56	53	70
	64	80	80	31	33	44	63	99	20	45	33	99
	41	28	20	41	88	22	66	27	57	53	90	73
	41	25	15	93	96	39	69	100	56	57	83	66
	23	62	49	36	17	86	31	69	19	19	55	50
	88	83	19	25	93	86	82	64	20	57	89	98
	97	13	92	82	54	76	63	70	45	77	19	61
	45	95	46	20	92	60	17	41	66	67	37	23
	80	28	46	100	58	17	34	14	50	37	71	91
	49	67	90	14	58	72	12	28	52	48	37	27
	87	77	51	40	68	71	99	12	80	93	15	93
	63	46	75	16	18	48	37	59	98	90	71	16
	28	47	69	15	21	42	69	44	38	59	47	56
	89	82	70	23	92	61	61	72	92	68	62	94
	74	31	89	94	19	98	57	20	83	84	59	88
	48	43	16	20	94	15	42	89	75	54	68	38
	80	24	90	82	33	30	55	30	86	36	35	99

	82	77	37	34	54	75	82	75	77	96	21	29
	88	47	98	77	57	25	44	20	16	86	20	26
	27	91	14	45	67	40	54	38	21	35	28	30
	32	18	65	98	18	28	65	62	34	86	28	43
	22	63	16	49	49	79	80	64	15	15	68	18
	91	90	25	55	52	94	92	56	41	53	28	32
	72	67	20	31	96	95	42	79	87	61	57	32
	52	22	37	41	25	23	71	75	57	34	49	65
	16	75	19	82	15	88	88	77	81	45	73	54
	56	34	65	97	59	95	29	66	15	67	78	30
	32	59	98	45	13	74	95	91	78	87	21	69
	54	61	51	88	80	60	15	49	47	19	72	33
	10	79	64	17	87	13	88	71	23	59	42	89
	53	83	27	89	97	64	99	46	85	55	90	10
	51	93	71	72	57	56	78	91	67	80	83	14
	23	12	32	36	80	64	67	18	56	29	18	58
	13	43	64	36	74	69	18	62	69	79	51	40
	91	71	69	99	38	22	43	74	87	41	91	47
	40	87	74	64	81	54	76	87	70	99	25	94
	92	89	19	47	12	15	46	23	72	47	36	62
	58	36	43	10	85	26	99	28	74	96	99	57
	57	46	56	59	75	46	98	93	33	82	48	31
	22	86	77	18	45	99	40	15	80	37	79	93
	49	74	80	75	32	13	14	64	45	32	46	17
	31	44	39	81	81	24	71	61	83	91	21	14
	41	24	26	81	26	29	100	14	34	12	96	48
	65	96	57	61	63	61	54	93	69	70	77	21
	30	25	51	75	71	64	28	76	54	54	19	98
	46	83	84	41	34	30	15	86	19	92	35	75
	30	17	86	16	46	38	52	10	60	45	51	28

