***** PARAMETERS PRP *****

Number of Customers = 30
Number of Products = 10
Number of Vehicles = 5
Number of Periods = 12

B = Production capacity
	49844

b_p = Time required to produce item p
 	1	1	1	1	1	1	1	1	1	1

c_p = Production cost of item p
 	30	80	30	30	80	80	80	30	30	30

s_p = Setup cost of item p
 	300	800	300	300	800	800	800	300	300	300

M = Big number
	199374

U_pi = Maximum inventory upper bound of item p at site i
 	199374	211	195	262	360	268	158	260	110	137	223	110	258	226	208	102	167	254	177	156	301	253	247	222	125	96	195	194	179	278	296
	199374	115	276	243	272	272	105	324	238	162	203	157	231	162	116	242	253	187	296	225	300	119	105	226	166	104	290	294	235	277	108
	199374	294	218	171	302	113	235	136	102	183	212	195	200	167	259	113	100	106	100	182	130	117	332	230	96	118	234	252	99	112	189
	199374	134	265	98	107	116	140	181	255	232	153	164	105	116	271	153	98	158	131	191	336	218	119	244	158	150	121	171	326	142	120
	199374	100	299	239	161	123	243	303	239	228	252	121	129	279	171	101	271	168	210	139	183	143	108	284	273	278	182	254	275	111	120
	199374	202	248	217	264	180	253	120	129	309	120	209	239	159	223	247	147	269	183	113	84	77	119	341	125	149	211	239	157	215	242
	199374	166	120	192	218	232	172	129	194	257	208	251	188	321	100	305	103	228	326	151	183	154	185	307	296	254	148	174	221	107	99
	199374	201	102	109	91	315	227	220	92	147	137	243	223	326	152	303	197	206	213	256	112	135	218	311	131	292	91	223	205	181	202
	199374	222	135	154	114	277	233	327	209	128	191	77	300	246	112	214	140	152	163	137	228	160	104	227	165	255	309	172	238	226	250
	199374	312	155	278	191	237	215	179	288	85	258	109	160	291	236	185	211	295	326	254	90	104	308	191	103	241	210	274	237	160	310

I_pi0 = Initial inventory of item p at site i
 	0	172	111	19	274	86	115	134	107	67	140	23	195	112	169	88	158	180	146	92	235	85	109	164	99	27	128	169	131	130	219
	0	40	116	187	158	89	98	185	162	25	74	38	132	145	65	240	145	60	150	133	90	69	59	139	140	76	198	201	57	145	52
	0	79	158	153	98	60	108	38	93	41	173	66	43	125	166	49	100	97	65	171	89	55	215	157	95	112	166	96	89	99	98
	0	99	96	75	65	70	96	93	107	100	133	159	97	70	217	122	95	133	81	169	163	102	50	184	50	147	91	132	88	112	48
	0	93	97	73	107	117	76	221	59	152	207	42	129	169	86	91	146	69	200	55	179	20	10	199	34	242	169	204	60	78	89
	0	40	140	162	164	99	93	100	73	92	94	201	94	95	204	96	130	45	74	89	84	46	99	57	20	123	158	186	73	125	92
	0	103	76	121	181	56	153	95	186	103	40	182	170	262	97	287	63	52	73	98	171	80	107	45	71	73	112	127	186	86	59
	0	44	84	43	36	169	133	61	75	11	57	87	155	181	54	224	132	123	104	79	101	120	28	178	70	145	57	150	114	93	185
	0	147	122	117	110	200	90	279	149	70	55	55	80	24	83	66	129	135	10	30	29	122	86	206	54	122	90	156	64	72	32
	0	188	33	94	158	133	99	119	242	0	105	103	124	74	155	172	148	223	243	16	21	36	45	182	84	199	196	61	177	133	233

h_pi = Inventory cost of item p at site i
 	3	9	3	5	5	8	5	6	9	1	5	3	6	3	7	7	6	8	4	9	1	2	3	1	5	7	8	2	8	5	7
	8	6	3	3	9	3	7	7	3	7	3	1	9	8	1	2	7	6	3	9	1	5	1	8	6	3	3	7	7	7	6
	3	8	4	8	8	8	6	3	7	3	6	9	4	4	8	8	1	9	5	6	6	6	3	1	2	8	3	1	7	5	3
	3	1	1	8	3	7	9	5	5	9	9	4	9	3	6	5	1	3	6	4	1	7	3	1	1	6	8	3	9	5	1
	8	5	8	9	5	2	8	2	2	3	9	6	2	6	9	1	1	8	1	4	6	3	2	6	9	1	4	9	7	2	7
	8	2	3	9	3	7	5	6	7	5	1	8	9	7	4	6	9	7	2	8	2	1	9	3	4	9	8	6	1	2	1
	8	5	3	7	2	5	1	4	9	3	4	1	4	6	4	3	7	6	9	8	2	3	4	4	8	8	3	7	2	1	6
	3	3	1	6	8	7	3	5	5	5	9	4	5	8	5	4	7	3	7	8	4	4	5	2	5	1	2	8	4	9	4
	3	2	9	3	8	6	2	6	2	2	6	1	8	5	2	2	4	4	7	4	6	2	7	3	2	1	7	6	5	4	3
	3	3	1	2	2	7	9	7	8	9	5	8	8	2	5	9	2	4	3	4	1	9	3	2	7	8	6	8	8	8	9

C = Vehicle capacity
	3600

f = Fixed transportation cost
	155465

a_ik = Transportation cost for traveling from node i to node k
 	0	3790	2130	1000	3290	4080	2295	4345	2640	2120	2385	3555	965	2235	1375	585	2785	4225	3690	3755	2575	3715	3225	3790	5015	430	1495	3615	3335	1625	2570
	3790	0	1770	3475	760	1890	1690	1255	1290	1735	2865	240	2845	1780	2555	3525	1775	1525	1770	450	1220	1215	920	1635	1450	3390	2570	425	480	2555	2110
	2130	1770	0	2135	1535	2095	205	2225	520	815	2320	1560	1170	1115	1240	2020	1735	2145	1725	1655	625	1615	1095	1770	2890	1785	800	1520	1295	805	905
	1000	3475	2135	0	2840	4230	2335	4295	2570	1750	1450	3240	1185	1725	950	425	2095	4265	3855	3565	2355	3730	3140	3905	4845	755	1830	3410	3085	1995	2855
	3290	760	1535	2840	0	2445	1545	1960	1210	1175	2110	580	2400	1120	1965	2950	1020	2165	2230	1090	915	1740	1205	2140	2205	2875	2290	975	685	2325	2175
	4080	1890	2095	4230	2445	0	1895	890	1735	2710	4220	1925	3175	2940	3330	4085	3300	490	390	1445	2085	705	1305	340	1660	3805	2585	1505	1760	2465	1535
	2295	1690	205	2335	1545	1895	0	2050	405	975	2500	1495	1340	1270	1445	2215	1855	1955	1525	1530	645	1430	945	1575	2740	1965	900	1405	1215	870	750
	4345	1255	2225	4295	1960	890	2050	0	1740	2600	3975	1385	3390	2755	3350	4230	2940	405	1035	875	1960	660	1155	850	825	4010	2905	1005	1345	2820	2010
	2640	1290	520	2570	1210	1735	405	1740	0	980	2505	1095	1675	1225	1635	2495	1710	1700	1395	1140	405	1165	590	1400	2380	2285	1295	1005	815	1270	975
	2120	1735	815	1750	1175	2710	975	2600	980	0	1540	1500	1255	305	820	1800	965	2635	2370	1825	650	2100	1475	2370	3105	1705	1310	1675	1340	1400	1715
	2385	2865	2320	1450	2110	4220	2500	3975	2505	1540	0	2660	2060	1285	1340	1815	1105	4085	3895	3120	2135	3570	2935	3880	4310	2025	2515	2980	2635	2660	3220
	3555	240	1560	3240	580	1925	1495	1385	1095	1500	2660	0	2615	1550	2320	3290	1585	1605	1760	520	995	1225	815	1645	1665	3160	2360	420	295	2355	1965
	965	2845	1170	1185	2400	3175	1340	3390	1675	1255	2060	2615	0	1440	740	930	2080	3285	2790	2795	1625	2765	2260	2870	4050	635	655	2655	2385	815	1715
	2235	1780	1115	1725	1120	2940	1270	2755	1225	305	1285	1550	1440	0	870	1845	680	2825	2615	1940	855	2305	1665	2600	3195	1810	1585	1790	1445	1685	2015
	1375	2555	1240	950	1965	3330	1445	3350	1635	820	1340	2320	740	870	0	985	1420	3330	2960	2620	1410	2795	2200	3000	3905	950	1195	2470	2150	1350	2055
	585	3525	2020	425	2950	4085	2215	4230	2495	1800	1815	3290	930	1845	985	0	2320	4165	3700	3560	2345	3635	3085	3775	4840	370	1575	3410	3105	1730	2645
	2785	1775	1735	2095	1020	3300	1855	2940	1710	965	1105	1585	2080	680	1420	2320	0	3095	3020	2075	1305	2615	2000	2970	3220	2360	2260	1940	1605	2360	2605
	4225	1525	2145	4265	2165	490	1955	405	1700	2635	4085	1605	3285	2825	3330	4165	3095	0	690	1095	1990	540	1165	515	1185	3915	2750	1195	1500	2650	1775
	3690	1770	1725	3855	2230	390	1525	1035	1395	2370	3895	1760	2790	2615	2960	3700	3020	690	0	1335	1765	570	1040	190	1850	3420	2200	1360	1550	2080	1150
	3755	450	1655	3565	1090	1445	1530	875	1140	1825	3120	520	2795	1940	2620	3560	2075	1095	1335	0	1220	770	620	1190	1285	3385	2425	155	500	2385	1805
	2575	1220	625	2355	915	2085	645	1960	405	650	2135	995	1625	855	1410	2345	1305	1990	1765	1220	0	1460	830	1750	2500	2185	1400	1070	770	1420	1340
	3715	1215	1615	3730	1740	705	1430	660	1165	2100	3570	1225	2765	2305	2795	3635	2615	540	570	770	1460	0	640	425	1450	3395	2255	815	1055	2170	1355
	3225	920	1095	3140	1205	1305	945	1155	590	1475	2935	815	2260	1665	2200	3085	2000	1165	1040	620	830	640	0	975	1800	2870	1835	530	550	1785	1200
	3790	1635	1770	3905	2140	340	1575	850	1400	2370	3880	1645	2870	2600	3000	3775	2970	515	190	1190	1750	425	975	0	1670	3500	2300	1230	1455	2190	1280
	5015	1450	2890	4845	2205	1660	2740	825	2380	3105	4310	1665	4050	3195	3905	4840	3220	1185	1850	1285	2500	1450	1800	1670	0	4655	3625	1435	1765	3560	2805
	430	3390	1785	755	2875	3805	1965	4010	2285	1705	2025	3160	635	1810	950	370	2360	3915	3420	3385	2185	3395	2870	3500	4655	0	1250	3240	2950	1400	2330
	1495	2570	800	1830	2290	2585	900	2905	1295	1310	2515	2360	655	1585	1195	1575	2260	2750	2200	2425	1400	2255	1835	2300	3625	1250	0	2300	2090	165	1085
	3615	425	1520	3410	975	1505	1405	1005	1005	1675	2980	420	2655	1790	2470	3410	1940	1195	1360	155	1070	815	530	1230	1435	3240	2300	0	350	2265	1725
	3335	480	1295	3085	685	1760	1215	1345	815	1340	2635	295	2385	1445	2150	3105	1605	1500	1550	500	770	1055	550	1455	1765	2950	2090	350	0	2080	1675
	1625	2555	805	1995	2325	2465	870	2820	1270	1400	2660	2355	815	1685	1350	1730	2360	2650	2080	2385	1420	2170	1785	2190	3560	1400	165	2265	2080	0	950
	2570	2110	905	2855	2175	1535	750	2010	975	1715	3220	1965	1715	2015	2055	2645	2605	1775	1150	1805	1340	1355	1200	1280	2805	2330	1085	1725	1675	950	0

coordXY = Coordinates (x,y): line zero => x line one => y column => customers
 	11	434	167	208	462	103	157	280	221	303	484	415	90	358	236	127	493	200	96	354	285	208	253	130	417	80	42	350	359	24	29
	927	299	531	956	448	117	492	101	443	620	869	342	751	646	769	933	649	104	194	259	492	211	330	179	10	877	630	289	358	603	414

d_pit = Demand of item p at customer i in period t
 	67	68	37	76	11	43	17	23	33	100	91	66
	48	63	47	23	39	20	67	21	67	66	33	92
	19	94	83	69	41	71	48	90	98	19	65	89
	49	97	94	34	83	89	67	23	78	71	91	89
	86	77	25	82	68	75	41	34	85	80	65	85
	31	30	54	14	87	63	47	67	92	99	19	27
	25	43	48	18	70	26	93	75	91	21	79	34
	11	96	26	98	60	54	46	30	79	11	91	60
	67	49	98	92	90	97	41	37	65	78	92	18
	24	31	85	36	51	49	52	74	43	85	78	60
	23	97	48	36	43	26	75	82	97	37	69	24
	17	89	89	64	53	20	66	62	37	95	95	88
	63	49	67	21	15	29	67	40	97	98	36	95
	67	69	33	48	77	59	74	67	66	82	92	98
	46	42	28	91	74	85	52	47	17	45	52	31
	89	69	24	42	80	91	81	42	42	30	63	14
	39	66	57	18	52	90	55	74	85	59	87	81
	26	61	59	90	28	27	86	76	13	94	87	60
	92	68	99	99	82	94	36	24	95	95	93	60
	91	55	62	27	80	58	18	11	63	98	70	89
	85	80	36	81	46	86	22	17	64	93	62	87
	35	74	51	41	49	90	96	52	54	68	35	97
	89	75	72	32	21	35	37	41	79	77	35	74
	99	34	31	93	69	67	51	20	94	26	89	74
	27	12	70	13	20	69	53	99	63	28	88	34
	68	60	79	74	35	34	77	97	69	54	46	87
	40	67	62	79	79	85	69	65	40	69	40	79
	44	21	66	19	78	16	84	44	43	56	38	29
	96	34	90	45	22	73	35	55	54	69	11	83
	95	41	83	58	27	66	85	49	26	16	80	84

	40	100	45	13	83	53	59	47	80	77	28	67
	30	86	71	77	95	56	42	46	43	29	48	39
	98	37	37	15	64	41	96	38	49	17	11	80
	93	65	11	15	51	52	73	95	36	68	50	43
	25	64	32	53	45	68	78	69	80	84	15	39
	98	45	68	69	61	92	10	43	57	45	19	24
	97	88	55	19	99	92	70	89	19	61	31	57
	97	65	83	70	71	72	76	23	36	13	66	42
	25	94	95	32	98	45	22	30	47	27	65	67
	35	20	19	74	40	34	90	62	88	33	19	94
	38	53	70	59	76	83	16	20	40	99	51	23
	20	33	79	94	18	86	91	39	61	23	89	61
	55	10	21	59	32	57	62	70	53	89	63	75
	65	34	81	80	89	27	22	13	42	91	63	91
	83	20	47	90	37	47	47	13	89	96	80	77
	49	96	94	22	22	95	55	50	48	73	86	70
	60	97	81	33	30	15	12	76	52	100	91	99
	67	18	65	56	40	90	53	70	100	90	17	44
	62	71	87	61	29	19	40	11	62	47	90	96
	90	99	46	43	90	45	63	52	47	77	34	35
	46	23	75	11	11	78	90	22	93	75	93	99
	26	33	50	79	46	90	35	77	28	52	44	67
	89	50	31	77	48	14	81	95	72	82	27	11
	64	76	28	13	77	48	51	69	61	35	81	61
	76	85	24	63	81	12	60	19	60	35	40	67
	86	90	22	100	59	25	46	92	80	63	18	14
	20	18	66	97	75	26	94	11	79	87	35	98
	57	50	38	15	95	80	75	35	14	72	94	79
	93	52	54	84	47	82	36	26	73	57	21	40
	52	88	31	25	75	13	50	41	22	56	98	95

	79	86	40	41	53	90	12	54	55	85	39	71
	63	95	13	45	39	80	65	17	75	36	89	38
	65	61	27	78	27	96	25	84	61	73	28	59
	98	81	12	75	19	51	86	63	23	33	98	86
	60	27	40	52	42	90	27	94	30	60	78	76
	29	79	46	34	98	64	79	39	28	67	43	98
	38	19	69	42	46	59	55	34	76	68	16	22
	33	31	29	11	48	18	39	57	22	64	12	44
	41	71	47	88	46	85	47	62	44	81	90	30
	37	35	26	75	24	16	30	65	78	11	57	54
	66	64	51	49	94	62	34	21	56	22	28	37
	43	63	93	80	41	78	30	98	67	97	55	53
	56	34	35	30	26	21	31	17	62	48	85	56
	65	32	69	92	94	65	94	23	70	69	76	28
	49	68	38	27	64	80	93	35	63	90	49	24
	74	26	43	27	45	68	28	54	35	85	66	46
	97	84	49	19	22	46	72	47	72	11	38	78
	65	43	18	73	30	72	56	85	57	24	46	33
	78	28	65	89	69	76	46	59	52	53	15	97
	67	22	85	84	86	98	79	72	39	12	39	94
	55	21	19	54	21	38	13	28	57	24	87	51
	69	31	18	97	67	47	53	88	96	65	83	83
	57	30	70	25	95	13	44	68	28	11	97	13
	95	41	38	29	45	41	28	88	47	55	19	51
	12	100	75	80	22	86	66	19	57	27	81	81
	79	37	50	31	57	69	73	22	30	89	91	75
	96	26	42	61	40	88	73	87	93	78	48	25
	89	30	54	47	61	57	39	24	97	24	43	30
	99	14	67	64	19	18	66	72	10	74	72	97
	65	33	97	15	93	36	45	14	42	73	15	39

	18	81	71	66	68	60	27	98	74	48	99	95
	96	68	38	17	95	13	70	89	85	95	84	45
	75	46	41	23	17	50	87	46	52	51	63	38
	20	45	89	69	78	12	33	31	14	91	88	69
	70	78	65	19	94	63	56	21	30	55	99	47
	32	64	97	61	39	14	49	52	52	19	35	44
	93	18	89	29	41	35	57	96	53	97	68	47
	41	47	19	42	87	35	31	74	23	39	94	79
	30	70	88	96	40	60	51	73	69	27	25	67
	70	12	51	57	46	27	91	73	49	73	51	10
	20	58	81	86	93	20	10	84	57	68	66	11
	97	27	18	33	31	71	45	88	98	12	60	52
	70	82	99	42	23	64	37	25	49	44	89	74
	61	41	55	60	59	58	67	42	56	38	36	78
	34	56	32	75	16	18	58	27	58	64	75	97
	95	11	66	73	33	64	38	83	19	19	60	27
	95	38	41	46	58	78	61	22	40	33	54	64
	42	39	25	45	28	64	19	26	97	93	34	11
	39	41	79	10	20	26	12	96	39	86	39	87
	86	77	19	12	100	39	83	80	100	82	91	38
	26	25	51	94	52	84	87	20	35	98	35	47
	50	47	67	10	26	60	16	52	59	11	27	49
	96	59	15	14	36	57	70	34	74	38	11	82
	50	54	85	99	54	30	13	73	29	33	56	54
	98	49	26	15	36	21	15	72	54	93	59	60
	31	60	92	43	63	36	57	72	65	97	92	20
	21	63	48	59	12	57	80	100	63	30	64	85
	88	22	81	66	31	67	81	93	44	56	92	62
	25	50	37	77	55	81	70	36	52	11	37	37
	48	54	57	24	90	87	34	94	94	51	70	15

	12	40	41	57	99	23	44	91	64	32	44	55
	97	54	45	77	53	74	56	14	73	25	97	53
	73	30	94	23	24	93	59	46	26	65	14	26
	39	42	26	93	41	71	100	37	78	40	32	43
	72	45	70	81	80	89	95	62	86	13	35	12
	47	29	74	73	92	87	37	94	40	40	54	62
	98	83	40	97	57	37	65	44	26	63	26	91
	59	12	58	51	65	22	30	22	44	48	82	80
	12	28	85	27	47	98	15	23	24	64	51	72
	93	39	75	14	98	42	58	90	30	27	12	27
	42	91	56	62	39	96	21	70	92	83	58	13
	64	65	76	51	91	99	57	28	18	81	58	87
	63	22	84	40	30	44	16	82	46	94	64	84
	21	65	15	38	71	50	69	88	88	84	41	53
	20	34	37	27	32	35	86	75	89	90	59	23
	11	66	25	44	23	17	75	74	65	99	92	59
	69	23	25	29	79	79	76	11	39	65	82	96
	71	59	70	69	16	59	62	11	49	78	37	50
	55	62	27	75	15	15	83	31	17	41	50	85
	36	53	13	77	73	95	38	39	88	77	88	55
	20	62	57	20	20	50	92	65	55	58	15	59
	10	15	15	75	13	17	25	21	92	66	32	49
	42	11	64	82	93	95	98	14	36	98	25	23
	34	61	15	52	27	70	92	89	37	61	56	62
	69	57	52	64	14	42	18	54	82	74	42	99
	32	89	48	40	98	39	39	55	66	70	84	68
	76	30	98	46	45	93	48	52	63	82	38	90
	60	64	100	71	78	71	92	34	53	90	81	31
	78	30	82	76	71	84	18	37	89	26	50	22
	89	83	47	45	73	92	29	72	71	42	52	22

	19	21	31	69	64	27	55	31	76	95	78	39
	25	70	45	67	56	76	20	93	34	20	70	19
	97	19	15	31	19	51	66	67	30	92	21	12
	50	43	71	58	19	39	23	66	84	74	18	89
	65	11	23	32	16	14	57	84	79	39	39	82
	40	53	98	20	52	91	70	52	34	20	34	42
	100	88	58	17	38	89	91	39	41	98	31	31
	17	56	23	27	33	14	51	67	34	91	61	42
	92	55	99	99	77	28	47	56	59	31	23	76
	55	39	53	80	52	75	91	10	89	75	57	44
	20	29	54	98	21	59	26	18	45	58	24	49
	19	75	14	29	29	80	19	91	94	51	48	24
	95	85	19	21	71	13	81	68	52	63	14	54
	50	32	99	23	79	39	52	61	60	66	83	24
	39	57	100	26	61	35	47	45	89	25	17	52
	43	22	65	96	18	31	42	79	61	82	37	13
	45	100	87	62	95	44	24	82	98	34	66	71
	74	90	68	56	65	81	46	26	77	38	15	95
	89	36	81	33	21	19	69	73	95	18	71	72
	73	11	73	11	14	99	14	50	39	42	63	17
	23	23	46	13	21	21	53	19	57	99	48	41
	99	65	23	52	45	42	62	19	97	40	89	80
	57	55	85	33	50	73	84	80	75	63	69	94
	20	35	84	30	53	94	97	69	38	99	91	41
	33	90	82	18	16	51	81	42	21	38	68	57
	94	29	35	38	79	13	91	71	68	72	23	20
	25	65	96	73	93	17	99	57	23	49	64	56
	20	53	40	62	16	86	95	62	54	15	68	58
	13	94	18	14	35	91	35	53	44	26	17	77
	92	11	49	21	55	96	97	44	99	56	62	44

	26	77	19	18	84	99	19	85	92	54	79	13
	76	70	94	28	15	51	91	83	56	75	56	26
	67	54	66	84	54	92	45	66	30	62	64	85
	26	52	26	77	25	19	64	49	74	83	85	73
	25	31	75	23	25	57	40	96	97	32	26	30
	73	80	35	32	50	75	64	67	16	96	12	86
	77	18	36	64	92	44	40	70	97	78	79	76
	94	22	70	45	57	89	69	70	78	69	61	50
	49	54	75	65	31	50	78	88	98	66	65	53
	40	95	14	11	44	57	61	27	13	80	95	87
	76	22	26	58	71	63	73	43	26	61	15	68
	88	32	30	20	91	96	79	90	85	35	93	14
	80	34	63	85	79	68	66	29	51	68	95	53
	62	35	95	86	45	63	52	18	21	19	90	13
	97	91	99	19	91	27	53	91	87	36	27	14
	63	61	75	100	26	15	49	61	18	70	26	55
	16	19	17	78	86	48	12	25	88	53	44	61
	73	68	35	33	91	93	77	89	52	94	67	10
	63	35	89	69	100	61	17	15	43	72	18	23
	58	89	24	28	74	93	98	99	44	19	72	35
	27	40	13	90	52	91	28	96	38	25	97	20
	28	79	52	90	65	41	82	91	61	26	78	47
	45	90	22	64	66	26	88	80	73	56	94	32
	71	78	99	62	92	35	85	71	86	26	92	90
	73	24	89	59	74	23	23	36	29	89	17	74
	46	53	13	73	17	63	36	17	32	69	89	82
	27	100	35	70	79	42	67	52	62	23	90	50
	87	99	74	42	86	98	78	51	17	75	95	80
	86	38	17	15	77	57	88	38	71	87	27	39
	24	35	66	92	25	53	15	16	95	90	38	43

	44	84	94	90	67	19	69	54	82	85	82	34
	84	31	21	35	44	20	37	58	51	33	100	96
	43	84	42	45	33	80	11	70	76	77	61	31
	36	90	56	35	80	78	25	38	12	13	37	43
	84	63	22	76	60	32	67	61	46	100	72	73
	89	44	95	83	42	39	38	45	30	38	43	94
	61	40	97	65	90	30	17	99	36	79	31	14
	28	36	11	17	46	88	57	55	47	59	60	50
	11	12	50	81	69	71	23	40	18	17	31	17
	41	16	12	83	42	17	66	72	72	35	47	45
	33	54	61	79	100	80	11	49	99	24	93	45
	22	75	58	44	93	52	70	91	35	12	61	55
	66	59	56	71	74	95	26	71	65	59	90	50
	54	14	90	33	54	23	73	96	19	29	99	24
	93	99	32	69	47	17	47	77	79	61	34	71
	65	17	50	18	35	91	23	20	100	85	19	67
	30	93	44	65	68	86	10	49	30	47	24	73
	46	58	11	57	79	14	69	29	78	13	95	91
	79	63	18	11	61	49	19	45	38	68	97	67
	61	40	62	38	45	38	97	72	27	86	47	59
	50	70	34	14	29	53	23	79	17	93	48	29
	28	57	39	64	51	72	17	52	71	79	100	23
	94	84	98	57	66	84	39	17	28	58	31	90
	70	43	66	39	90	88	77	26	14	95	82	97
	36	85	24	12	41	34	82	82	97	70	94	43
	39	18	45	93	16	96	33	31	64	24	72	12
	76	74	89	44	95	77	28	50	12	74	22	27
	33	81	14	16	24	49	87	11	75	75	81	68
	93	61	76	64	73	42	35	23	73	99	44	41
	17	55	94	19	41	59	35	72	56	37	81	39

	93	18	36	57	58	29	15	23	13	68	36	87
	57	29	12	24	27	58	40	88	12	90	66	38
	59	14	33	11	88	19	86	56	93	78	65	13
	33	61	16	38	83	71	52	99	49	76	70	35
	100	100	43	52	94	49	78	15	92	73	53	81
	40	50	82	40	73	74	77	88	16	87	48	24
	84	32	73	90	79	91	71	37	71	45	93	18
	15	64	70	65	43	26	71	36	92	47	30	69
	70	72	15	90	95	80	97	95	16	14	55	68
	30	25	20	64	17	13	81	25	49	17	72	46
	41	14	82	28	71	12	26	32	39	46	53	19
	12	68	67	79	52	32	98	84	61	30	76	61
	24	73	92	76	92	40	63	22	94	76	13	73
	17	66	99	73	67	33	94	52	24	60	51	37
	66	18	57	32	58	94	47	13	20	97	44	97
	43	51	35	26	36	78	28	72	48	49	29	64
	84	51	100	14	84	81	93	80	89	74	79	83
	10	67	74	30	68	94	74	91	23	20	72	29
	30	21	37	44	79	54	90	13	33	26	80	41
	29	58	55	34	56	29	82	75	48	61	80	76
	62	15	45	45	86	95	14	15	22	20	46	14
	86	74	14	27	69	28	19	88	64	78	54	24
	39	11	70	86	50	70	51	87	70	38	70	39
	38	16	30	88	23	26	71	17	53	35	52	46
	60	62	87	11	91	48	13	95	39	45	14	47
	90	57	72	29	71	66	58	22	81	92	51	52
	49	25	82	33	12	31	66	31	13	73	76	24
	64	93	51	27	83	45	31	91	90	65	18	55
	72	49	16	52	54	29	36	99	95	82	55	38
	32	44	99	13	64	64	15	100	81	72	82	84

	62	85	41	28	38	84	86	61	73	71	90	30
	33	45	78	79	30	43	47	70	36	43	58	57
	49	45	97	24	63	30	71	65	52	74	81	16
	48	23	87	81	51	91	99	74	64	12	81	52
	64	69	24	57	11	14	46	84	86	20	82	12
	72	27	37	95	21	73	12	73	85	75	15	61
	53	66	77	26	90	74	94	49	58	31	75	21
	60	21	98	63	94	75	82	88	33	87	79	84
	98	15	49	77	67	11	18	25	51	14	29	54
	87	18	34	43	33	83	99	33	17	97	20	54
	62	41	96	25	13	83	71	18	61	71	67	46
	82	42	23	83	78	88	66	23	39	26	64	25
	74	12	66	20	84	82	67	87	66	85	26	30
	68	87	92	98	99	47	88	83	95	69	18	98
	38	57	25	52	24	87	89	18	64	43	25	34
	50	98	14	71	40	56	75	10	36	26	69	87
	73	71	79	81	22	47	86	95	66	54	15	19
	60	75	91	17	89	45	41	98	54	70	63	80
	16	28	82	32	57	84	82	27	55	35	38	73
	21	92	10	69	24	10	79	72	54	24	31	53
	36	24	70	75	34	71	50	30	33	56	60	82
	45	36	46	89	84	55	13	63	77	79	75	78
	90	92	63	93	48	60	48	85	39	99	37	11
	84	64	31	13	66	39	20	29	82	59	60	70
	33	46	53	67	64	66	81	91	19	84	45	74
	40	97	44	15	40	44	20	42	34	22	81	25
	61	62	16	65	19	23	51	98	34	52	93	84
	95	24	17	41	57	58	69	70	93	84	19	83
	92	28	13	67	40	77	23	68	94	38	20	80
	96	70	67	88	29	43	44	80	92	39	17	80

