***** PARAMETERS PRP *****

Number of Customers = 30
Number of Products = 10
Number of Vehicles = 5
Number of Periods = 12

B = Production capacity
	49227

b_p = Time required to produce item p
 	1	1	1	1	1	1	1	1	1	1

c_p = Production cost of item p
 	30	30	80	80	80	80	30	30	80	80

s_p = Setup cost of item p
 	300	300	800	800	800	800	300	300	800	800

M = Big number
	196907

U_pi = Maximum inventory upper bound of item p at site i
 	196907	149	295	239	109	233	205	275	186	162	131	176	209	148	145	268	239	254	285	265	264	258	140	318	209	84	156	234	165	127	148
	196907	138	193	81	87	277	96	254	177	243	231	130	334	274	117	270	137	239	129	138	205	121	240	319	261	195	247	192	178	265	92
	196907	293	219	216	143	217	127	134	177	177	261	159	239	263	131	84	92	193	155	92	210	291	184	235	280	214	212	163	160	202	265
	196907	255	252	178	150	104	253	202	122	301	79	181	176	113	164	163	270	88	210	224	155	275	210	126	280	90	139	120	236	125	260
	196907	203	243	187	170	186	181	279	235	304	141	155	324	108	186	116	164	181	140	206	284	122	225	199	217	202	293	96	98	153	118
	196907	270	298	153	191	242	192	134	108	184	117	323	255	91	123	104	254	124	172	222	168	174	334	227	111	87	321	286	94	270	228
	196907	177	211	159	219	155	104	126	225	221	286	74	165	164	244	163	176	164	100	233	210	193	257	150	240	253	239	214	277	131	186
	196907	151	96	210	150	134	132	89	254	285	186	288	165	155	179	260	107	194	192	196	318	237	232	215	214	110	263	235	183	224	270
	196907	88	157	288	95	245	185	167	222	222	95	201	128	126	272	305	253	110	222	159	154	282	306	218	222	281	177	250	333	325	166
	196907	271	114	232	271	260	203	306	115	182	196	226	168	192	312	172	86	221	228	133	242	318	252	175	172	275	200	251	300	125	250

I_pi0 = Initial inventory of item p at site i
 	0	28	67	110	70	172	183	184	13	92	96	120	182	148	108	235	81	63	264	202	43	52	93	263	157	61	88	87	146	72	136
	0	103	76	26	0	80	92	183	118	80	123	73	47	64	105	225	40	94	90	108	118	105	103	231	72	55	69	98	168	183	19
	0	139	194	30	142	150	98	61	44	11	141	43	224	221	63	68	53	114	70	19	202	177	130	91	206	129	64	155	32	176	132
	0	146	87	58	128	25	182	179	59	69	71	95	84	98	59	73	175	88	166	129	72	100	152	15	32	90	62	116	126	33	63
	0	116	207	26	42	123	155	229	95	19	40	27	219	86	93	50	104	155	139	55	135	91	19	155	125	159	106	90	79	90	22
	0	83	61	137	45	33	92	133	83	146	80	178	192	89	71	32	236	91	132	44	158	107	33	201	77	73	199	160	38	108	125
	0	135	49	148	203	88	98	88	18	214	94	44	142	74	21	15	167	93	77	88	82	69	102	82	225	182	227	14	259	97	67
	0	26	35	113	118	55	33	79	220	183	129	182	128	43	75	166	61	147	134	144	71	170	202	99	199	80	222	148	36	121	169
	0	60	117	211	12	56	87	57	122	178	77	164	124	91	92	196	59	82	207	135	53	74	126	139	101	155	161	205	186	255	99
	0	202	88	158	255	158	153	226	91	161	182	65	146	185	123	153	82	53	163	47	175	130	188	155	46	63	146	117	89	95	55

h_pi = Inventory cost of item p at site i
 	3	8	6	9	7	9	4	9	1	7	9	9	9	4	1	5	1	4	7	3	5	7	1	9	9	6	3	8	3	2	4
	3	3	2	2	5	3	2	9	6	4	3	2	3	3	8	2	9	2	8	4	2	5	9	8	8	5	2	7	9	6	6
	8	4	5	4	7	1	1	3	5	4	8	8	5	4	2	6	9	3	7	4	7	7	9	9	1	9	5	7	6	9	1
	8	1	1	4	3	6	4	3	3	6	4	4	8	6	1	7	6	8	5	8	2	4	5	7	4	9	6	8	2	6	9
	8	4	3	7	2	6	9	3	1	7	5	7	6	4	9	8	2	9	7	6	7	1	6	7	3	9	6	9	1	1	1
	8	4	6	1	7	1	9	9	1	9	2	3	3	2	9	3	9	6	3	5	4	9	9	9	5	5	8	4	6	6	8
	3	8	2	5	3	5	1	4	5	6	8	3	2	3	9	7	7	9	3	4	6	1	4	9	8	9	2	7	2	6	1
	3	6	8	8	7	1	6	8	3	1	6	7	5	1	7	2	7	6	5	2	1	5	6	5	6	3	3	8	9	7	3
	8	9	2	7	6	3	9	4	7	5	5	6	5	7	3	6	5	9	1	9	9	3	9	8	2	2	3	4	2	2	8
	8	5	9	8	9	1	5	7	8	2	4	3	9	1	1	5	8	2	1	7	3	4	8	5	9	6	8	9	7	9	3

C = Vehicle capacity
	3340

f = Fixed transportation cost
	150660

a_ik = Transportation cost for traveling from node i to node k
 	0	2010	1915	140	2395	1820	2700	3075	920	1365	790	2620	820	475	265	400	955	2255	2630	1585	3155	2395	2000	610	1670	755	3855	3340	50	2525	3335
	2010	0	1550	2125	435	2920	1180	1095	1280	3260	2045	620	1240	2275	2260	2360	1090	2195	640	1735	1160	2210	3540	1405	365	2235	2045	1335	2050	970	1340
	1915	1550	0	1940	1930	1660	1200	2420	1080	2580	1345	1980	1680	1825	2145	2040	1265	645	2030	445	2440	680	2455	1530	1325	1550	2355	2490	1955	1150	2590
	140	2125	1940	0	2515	1730	2775	3200	990	1230	740	2740	950	360	215	260	1055	2245	2750	1585	3275	2390	1870	725	1780	665	3940	3455	125	2605	3455
	2395	435	1930	2515	0	3345	1300	685	1705	3675	2475	260	1595	2690	2635	2760	1505	2560	245	2145	765	2560	3975	1795	790	2660	1915	970	2435	1120	945
	1820	2920	1660	1730	3345	0	2855	3950	1750	1410	1100	3475	2275	1385	1880	1595	2030	1375	3515	1265	3985	1530	850	1980	2585	1070	3995	4075	1835	2790	4150
	2700	1180	1200	2775	1300	2855	0	1495	1785	3665	2370	1195	2120	2780	2960	2950	1780	1670	1260	1610	1470	1590	3640	2145	1265	2590	1200	1435	2745	215	1580
	3075	1095	2420	3200	685	3950	1495	0	2370	4350	3130	485	2275	3365	3315	3440	2180	3020	460	2710	110	2985	4615	2480	1455	3320	1615	365	3115	1390	270
	920	1280	1080	990	1705	1750	1785	2370	0	2000	770	1890	640	1035	1175	1175	285	1570	1915	885	2430	1680	2285	455	920	955	2955	2580	965	1620	2610
	1365	3260	2580	1230	3675	1410	3665	4350	2000	0	1295	3875	2160	990	1215	970	2175	2585	3895	2145	4415	2750	955	1900	2900	1080	4860	4575	1345	3535	4595
	790	2045	1345	740	2475	1100	2370	3130	770	1295	0	2650	1190	505	940	740	1015	1535	2675	930	3185	1690	1520	895	1685	220	3570	3330	820	2240	3365
	2620	620	1980	2740	260	3475	1195	485	1890	3875	2650	0	1830	2895	2865	2975	1705	2600	65	2245	545	2580	4135	2020	980	2845	1675	725	2660	1045	725
	820	1240	1680	950	1595	2275	2120	2275	640	2160	1190	1830	0	1195	1045	1205	415	2205	1835	1525	2355	2305	2665	300	935	1300	3200	2555	855	1920	2535
	475	2275	1825	360	2690	1385	2780	3365	1035	990	505	2895	1195	0	505	245	1190	2035	2910	1425	3430	2190	1530	920	1920	355	3970	3600	480	2630	3615
	265	2260	2145	215	2635	1880	2960	3315	1175	1215	940	2865	1045	505	0	305	1215	2450	2870	1795	3395	2595	1945	860	1925	845	4115	3585	220	2785	3575
	400	2360	2040	260	2760	1595	2950	3440	1175	970	740	2975	1205	245	305	0	1280	2275	2990	1655	3515	2425	1650	965	2010	600	4125	3690	375	2790	3695
	955	1090	1265	1055	1505	2030	1780	2180	285	2175	1015	1705	415	1190	1215	1280	0	1810	1725	1135	2245	1900	2530	365	735	1175	2910	2415	1000	1595	2425
	2255	2195	645	2245	2560	1375	1670	3020	1570	2585	1535	2600	2205	2035	2450	2275	1810	0	2650	700	3030	170	2220	2010	1965	1700	2705	3055	2295	1680	3170
	2630	640	2030	2750	245	3515	1260	460	1915	3895	2675	65	1835	2910	2870	2990	1725	2650	0	2290	525	2635	4165	2030	1000	2865	1725	725	2670	1105	710
	1585	1735	445	1585	2145	1265	1610	2710	885	2145	930	2245	1525	1425	1795	1655	1135	700	2290	0	2740	820	2035	1315	1440	1130	2785	2820	1625	1535	2900
	3155	1160	2440	3275	765	3985	1470	110	2430	4415	3185	545	2355	3430	3395	3515	2245	3030	525	2740	0	2990	4660	2555	1520	3380	1520	255	3195	1375	185
	2395	2210	680	2390	2560	1530	1590	2985	1680	2750	1690	2580	2305	2190	2595	2425	1900	170	2635	820	2990	0	2380	2120	2000	1860	2590	3000	2435	1625	3125
	2000	3540	2455	1870	3975	850	3640	4615	2285	955	1520	4135	2665	1530	1945	1650	2530	2220	4165	2035	4660	2380	0	2370	3190	1375	4805	4780	1995	3560	4835
	610	1405	1530	725	1795	1980	2145	2480	455	1900	895	2020	300	920	860	965	365	2010	2030	1315	2555	2120	2370	0	1065	1000	3275	2735	650	1955	2735
	1670	365	1325	1780	790	2585	1265	1455	920	2900	1685	980	935	1920	1925	2010	735	1965	1000	1440	1520	2000	3190	1065	0	1875	2280	1685	1715	1055	1700
	755	2235	1550	665	2660	1070	2590	3320	955	1080	220	2845	1300	355	845	600	1175	1700	2865	1130	3380	1860	1375	1000	1875	0	3785	3530	770	2455	3560
	3855	2045	2355	3940	1915	3995	1200	1615	2955	4860	3570	1675	3200	3970	4115	4125	2910	2705	1725	2785	1520	2590	4805	3275	2280	3785	0	1310	3900	1340	1495
	3340	1335	2490	3455	970	4075	1435	365	2580	4575	3330	725	2555	3600	3585	3690	2415	3055	725	2820	255	3000	4780	2735	1685	3530	1310	0	3380	1380	190
	50	2050	1955	125	2435	1835	2745	3115	965	1345	820	2660	855	480	220	375	1000	2295	2670	1625	3195	2435	1995	650	1715	770	3900	3380	0	2570	3375
	2525	970	1150	2605	1120	2790	215	1390	1620	3535	2240	1045	1920	2630	2785	2790	1595	1680	1105	1535	1375	1625	3560	1955	1055	2455	1340	1380	2570	0	1505
	3335	1340	2590	3455	945	4150	1580	270	2610	4595	3365	725	2535	3615	3575	3695	2425	3170	710	2900	185	3125	4835	2735	1700	3560	1495	190	3375	1505	0

coordXY = Coordinates (x,y): line zero => x line one => y column => customers
 	461	365	129	451	389	126	133	371	338	381	304	356	463	391	489	438	381	25	368	164	354	3	194	426	360	321	52	313	467	173	350
	695	305	506	721	222	837	267	87	559	956	709	182	532	759	739	771	522	582	178	587	74	557	992	579	377	749	42	44	702	281	38

d_pit = Demand of item p at customer i in period t
 	28	78	54	26	76	49	16	10	23	31	22	33
	67	34	57	37	36	59	82	99	50	96	50	40
	13	97	57	40	39	20	26	59	88	49	18	67
	46	24	66	95	65	100	28	24	73	31	77	25
	20	11	60	81	30	43	52	36	83	17	99	26
	15	89	79	85	23	46	38	32	17	18	28	22
	46	34	70	34	80	88	39	12	71	73	46	68
	13	51	61	78	18	62	74	22	14	72	67	25
	28	64	82	29	71	57	56	84	53	18	19	88
	96	56	55	72	31	54	82	87	48	70	100	32
	35	85	90	35	67	74	96	45	31	83	34	27
	13	86	25	58	47	17	83	35	84	46	78	55
	54	94	35	14	87	13	72	42	51	57	61	13
	44	48	16	26	70	27	72	86	34	49	56	52
	87	76	39	33	30	44	96	69	49	53	19	48
	81	86	70	87	58	64	75	25	41	14	27	90
	63	14	70	79	50	88	68	37	37	11	22	70
	20	92	72	80	47	82	43	29	85	39	75	19
	65	54	61	22	69	19	49	86	50	84	19	57
	43	39	83	30	21	24	66	48	74	39	93	73
	52	49	34	46	34	78	44	67	66	59	29	61
	37	38	18	74	11	46	20	99	74	35	87	19
	81	82	37	63	10	32	87	64	92	77	66	73
	78	79	14	17	32	78	49	16	22	71	15	30
	61	67	25	12	45	45	20	19	51	38	34	84
	40	48	15	33	22	99	68	79	41	91	54	35
	11	76	84	36	30	92	68	19	46	17	52	30
	21	77	48	40	68	39	92	16	43	67	82	67
	72	80	97	74	71	43	52	69	73	90	18	24
	41	95	59	33	47	11	69	19	41	30	53	95

	37	66	92	45	29	98	76	74	66	71	94	79
	54	22	74	88	99	88	70	51	86	93	15	33
	26	80	70	45	35	29	42	38	16	26	48	28
	91	43	77	60	13	22	23	37	38	30	19	68
	41	39	60	61	64	26	69	98	15	29	94	68
	36	56	37	60	76	60	59	70	11	31	13	64
	94	62	27	13	56	34	15	96	21	85	45	62
	42	76	68	61	73	50	76	19	57	56	88	42
	18	45	17	39	65	56	60	33	35	88	73	55
	52	35	36	46	10	20	84	54	35	81	33	69
	73	98	89	81	73	67	23	89	88	39	46	12
	47	94	61	73	38	94	67	81	15	79	71	82
	64	51	17	80	76	73	81	77	65	88	63	86
	38	10	42	15	13	12	80	20	26	53	63	96
	24	64	82	55	47	95	55	17	41	55	83	31
	40	11	28	96	16	37	74	22	89	44	70	20
	35	59	82	80	48	19	48	31	65	86	67	97
	90	45	85	50	70	20	28	93	30	85	82	94
	38	40	12	18	68	37	32	37	84	90	14	81
	41	77	66	48	32	20	29	79	39	77	32	74
	38	67	33	54	67	55	32	17	84	96	99	85
	43	60	60	93	46	88	21	40	92	62	15	100
	75	95	61	44	49	86	76	96	13	43	51	76
	72	45	85	94	40	38	61	53	53	86	96	60
	55	23	86	33	44	52	81	13	43	99	26	31
	69	98	95	45	52	28	62	43	47	15	94	94
	98	33	50	82	44	72	49	62	93	67	73	45
	90	78	29	59	99	10	79	88	15	51	58	54
	35	70	78	13	16	63	83	37	78	18	46	99
	19	66	77	93	57	11	62	34	49	26	47	13

	98	41	39	49	63	46	92	47	56	17	86	68
	69	31	59	35	34	67	96	86	23	67	73	17
	30	63	73	12	99	27	82	39	65	64	43	50
	60	82	23	59	34	10	13	85	76	32	39	59
	64	50	36	16	61	82	71	42	34	44	92	60
	98	46	99	66	65	49	58	72	44	85	26	52
	61	99	68	87	53	11	95	93	63	43	45	87
	44	33	56	42	77	50	14	93	89	37	88	84
	11	82	35	55	59	45	29	13	56	57	33	55
	94	47	57	35	32	36	50	81	19	41	54	80
	43	53	77	12	27	39	14	21	29	36	95	31
	85	89	50	79	69	27	11	54	63	50	59	81
	48	25	58	90	69	17	71	44	49	66	40	55
	63	100	48	79	36	82	13	93	85	37	98	54
	68	28	31	95	26	16	14	40	85	38	53	12
	53	79	55	35	23	60	18	90	42	54	17	25
	66	48	77	43	69	56	99	27	19	16	36	24
	70	40	25	27	27	89	13	48	84	97	56	44
	19	86	73	14	13	38	45	29	67	62	77	31
	89	85	28	27	79	58	65	75	68	77	90	98
	71	71	35	64	50	71	57	30	14	55	97	83
	39	44	47	84	95	50	26	68	88	82	59	52
	91	86	20	73	78	88	10	88	71	22	32	47
	46	77	83	94	89	85	81	92	37	21	55	80
	69	60	98	81	24	29	18	42	91	24	74	33
	64	28	43	11	70	67	90	49	24	58	80	52
	97	58	41	19	83	22	26	79	96	77	42	11
	32	54	32	40	26	32	31	43	72	36	50	32
	51	99	26	57	99	88	73	25	63	97	64	66
	24	78	30	76	91	33	68	93	60	25	24	33

	41	54	51	94	82	18	98	99	69	30	56	73
	59	28	82	51	77	84	100	85	95	26	22	48
	58	23	33	96	72	77	52	69	60	18	54	100
	54	60	14	56	37	63	44	32	73	16	62	90
	25	90	49	19	44	67	67	27	25	95	98	15
	87	70	25	47	23	51	38	38	91	60	37	39
	91	88	36	11	74	74	41	45	58	26	52	11
	59	91	68	21	11	58	59	70	69	75	84	66
	59	10	69	22	80	96	49	86	60	86	88	17
	57	14	12	79	15	30	80	77	28	10	40	34
	95	38	42	94	14	56	12	75	48	15	21	32
	84	99	95	49	50	18	37	58	45	85	32	50
	27	71	92	77	65	34	59	36	68	60	60	29
	59	36	11	89	13	16	48	30	25	85	25	55
	60	13	99	69	78	18	69	52	68	26	30	68
	76	55	44	29	86	20	33	76	80	12	71	66
	88	17	17	11	30	61	49	98	60	23	50	25
	38	81	47	83	72	43	16	45	71	57	17	60
	97	32	22	69	21	69	74	74	61	50	29	74
	72	27	71	11	15	57	47	93	46	78	18	84
	66	34	41	74	38	89	24	63	95	84	23	29
	79	73	14	33	15	79	66	61	88	12	19	92
	15	68	39	72	64	88	70	99	60	86	21	73
	32	84	79	95	32	71	64	32	92	11	57	23
	90	18	25	35	27	41	28	39	65	45	92	36
	62	54	87	96	48	89	70	84	96	65	37	47
	34	36	46	90	29	87	90	66	94	47	37	62
	13	29	11	73	84	36	25	93	29	20	70	83
	33	100	66	99	29	92	39	11	86	69	64	61
	63	29	90	27	32	40	99	94	76	66	65	98

	99	17	46	80	95	38	30	55	68	12	56	12
	78	63	66	39	22	48	26	27	24	37	79	75
	26	15	75	70	92	85	87	55	22	51	78	90
	42	95	84	72	61	63	45	36	30	75	65	12
	69	39	15	70	51	48	93	90	84	63	92	28
	11	100	44	31	64	16	78	28	15	55	29	73
	45	93	91	67	35	79	97	76	64	81	44	64
	95	98	89	76	65	26	50	60	15	13	87	30
	19	87	35	97	83	87	27	78	16	97	48	56
	19	21	52	17	53	87	14	34	77	81	47	62
	27	12	59	32	77	75	53	33	86	56	75	36
	86	26	46	61	76	72	58	49	99	82	24	99
	86	39	55	86	64	67	14	24	64	34	88	26
	75	18	74	82	14	34	38	13	51	15	45	98
	50	72	81	63	36	53	70	36	52	21	76	88
	19	15	70	98	68	24	85	16	19	11	35	31
	63	92	88	88	94	11	91	17	22	10	65	82
	65	74	90	55	62	97	62	100	30	50	58	97
	55	59	27	89	39	17	49	33	97	18	68	68
	62	19	54	42	97	28	61	68	28	46	83	94
	55	36	32	94	98	35	47	42	70	60	91	69
	19	73	50	63	57	79	53	100	21	89	33	37
	80	75	81	89	65	61	69	96	51	39	17	71
	50	75	13	80	12	63	30	59	84	55	39	92
	88	15	31	25	38	61	96	16	90	51	75	21
	68	38	32	65	66	59	64	12	99	48	78	73
	36	54	13	18	100	90	86	16	63	30	47	23
	79	55	38	60	15	62	16	77	56	18	66	47
	53	37	81	29	79	58	57	11	68	12	48	80
	22	97	83	56	29	92	19	96	16	76	57	66

	83	66	12	11	32	25	93	46	45	73	65	97
	47	14	13	91	60	62	57	80	75	65	54	97
	44	76	17	40	24	17	22	62	92	84	75	58
	45	43	58	53	47	81	79	76	13	41	26	11
	11	22	69	14	59	86	48	46	39	99	33	55
	92	27	18	100	22	72	95	91	87	17	45	100
	43	90	79	15	53	98	77	84	87	50	65	60
	32	51	45	30	60	75	37	37	99	13	97	70
	35	88	23	66	28	51	70	56	25	37	26	46
	80	77	39	32	46	59	32	86	19	89	69	73
	82	96	60	60	97	58	68	86	49	26	63	31
	94	98	64	91	49	26	26	19	90	95	54	59
	44	45	42	85	14	34	54	67	30	32	29	68
	71	59	15	84	54	97	86	79	33	19	71	72
	32	68	37	59	70	10	33	49	13	89	77	85
	11	92	89	44	88	48	69	43	86	99	29	65
	91	75	59	44	95	38	91	61	34	33	52	73
	22	30	80	53	57	12	62	84	49	81	62	96
	44	67	28	11	89	37	64	97	71	87	35	35
	61	39	58	32	17	62	39	81	92	84	30	75
	60	47	96	11	17	54	34	57	89	63	92	77
	13	20	70	71	73	83	88	89	84	64	90	56
	74	19	70	38	98	37	14	60	35	93	79	65
	15	37	25	18	35	21	82	27	79	22	71	12
	26	47	81	26	37	19	51	61	57	49	39	30
	68	93	38	85	47	74	80	88	20	60	71	47
	67	93	31	35	38	45	76	60	49	45	93	55
	38	30	38	60	29	64	20	51	81	61	54	38
	68	40	96	43	28	36	50	31	90	62	62	41
	60	65	19	19	93	36	55	39	23	16	76	47

	28	82	25	63	40	77	38	28	34	38	18	59
	34	15	61	72	85	85	18	52	22	95	83	12
	53	56	39	53	48	95	13	92	25	30	46	87
	99	93	11	21	13	78	66	54	35	20	22	14
	33	19	16	20	84	83	44	73	87	67	31	62
	79	19	76	100	92	29	44	44	29	16	73	25
	44	44	76	97	58	70	92	61	50	34	37	91
	18	25	95	36	51	13	84	68	81	72	90	41
	46	72	32	64	51	51	20	40	72	69	70	77
	27	67	46	81	90	71	69	80	99	88	60	80
	44	71	47	12	25	13	77	28	18	77	17	15
	68	74	53	20	14	39	42	15	18	44	17	92
	26	48	13	42	32	43	74	23	66	32	32	60
	21	19	63	45	57	63	45	36	93	20	79	45
	15	18	30	50	79	92	84	55	33	88	55	51
	68	71	28	97	71	48	96	10	18	33	89	73
	22	71	90	24	63	22	19	63	100	58	40	82
	77	28	79	50	84	45	71	13	63	52	20	19
	31	57	40	72	63	33	68	48	41	19	58	28
	45	37	46	13	31	44	68	64	21	83	30	21
	18	51	49	29	11	60	29	76	28	36	29	46
	52	50	13	24	89	29	83	53	95	24	45	60
	82	94	71	54	38	80	93	89	71	83	76	69
	48	62	52	63	10	10	77	61	32	37	35	90
	39	62	32	49	57	67	76	48	42	79	40	15
	20	73	62	72	87	17	87	29	40	91	86	54
	14	81	85	72	83	23	76	38	97	15	27	30
	99	60	51	49	34	74	97	86	12	20	63	19
	97	54	76	69	81	80	44	16	54	31	88	96
	45	22	38	46	90	33	85	18	16	54	72	39

	11	15	76	70	75	18	11	51	23	92	69	92
	35	83	55	81	38	25	72	26	64	53	17	28
	34	21	58	24	81	77	60	41	85	97	28	24
	95	23	88	36	33	21	24	37	85	66	61	30
	55	82	81	96	11	100	19	95	95	90	35	45
	33	77	43	30	66	35	25	52	51	36	63	17
	17	39	23	28	42	80	74	53	65	13	81	19
	73	80	67	37	35	25	55	80	63	52	14	29
	13	41	79	50	45	50	82	20	82	92	40	89
	34	95	86	17	55	14	24	31	29	28	46	100
	27	46	20	89	27	44	87	58	89	42	80	81
	78	14	36	78	71	55	90	61	39	41	11	85
	43	18	26	82	78	30	39	67	57	51	79	51
	30	45	34	97	83	73	35	70	37	90	35	85
	12	29	39	86	76	46	95	28	100	69	23	21
	61	79	38	75	63	59	45	57	37	26	28	75
	23	77	47	50	50	32	90	45	42	24	71	30
	59	75	88	75	36	74	87	91	66	59	45	11
	98	46	95	61	58	80	50	67	12	77	59	81
	71	34	95	58	90	30	89	98	30	27	57	84
	10	42	36	82	59	12	22	17	74	63	55	96
	73	41	37	51	85	19	60	90	14	58	91	77
	31	21	47	35	55	53	59	81	79	67	68	48
	79	69	30	21	53	33	52	74	78	28	64	61
	80	77	51	11	98	98	21	29	38	65	34	57
	54	71	97	12	44	63	51	49	95	42	42	12
	31	93	24	56	63	25	83	82	86	93	29	39
	36	97	47	64	64	16	12	93	16	29	15	61
	33	66	22	99	69	36	40	73	17	75	58	85
	95	19	55	61	88	20	87	90	56	71	72	95

	60	27	35	44	49	16	43	85	34	19	71	43
	34	83	52	67	32	76	33	54	75	73	12	38
	97	31	83	96	48	73	16	91	37	20	39	59
	12	24	15	69	73	20	63	93	25	74	28	73
	56	69	97	42	44	59	52	13	25	21	54	55
	87	94	11	18	67	61	13	29	60	15	47	52
	57	69	23	30	21	75	95	34	75	72	82	34
	76	46	84	33	35	29	23	13	75	67	93	93
	23	55	100	90	48	89	74	90	93	88	85	52
	10	35	32	50	65	72	25	43	94	81	45	20
	14	58	92	64	36	87	84	46	77	81	97	69
	36	55	33	48	16	71	15	21	69	50	20	76
	91	59	82	51	67	80	58	75	58	87	31	19
	80	12	44	48	39	34	51	32	97	93	70	53
	17	66	23	90	20	29	71	81	66	89	100	80
	59	11	60	89	80	32	43	81	21	81	24	26
	71	11	72	49	54	12	53	68	40	91	57	82
	96	96	15	52	72	86	27	12	20	16	91	84
	66	69	34	18	11	28	17	84	80	88	76	63
	53	50	92	25	98	79	29	70	15	26	49	31
	74	45	71	53	60	93	64	54	94	98	72	67
	28	98	30	51	24	26	91	59	79	78	97	74
	70	13	56	77	48	55	57	67	18	60	73	59
	13	88	93	82	92	28	54	57	12	29	82	37
	69	86	48	73	31	92	73	44	63	99	99	66
	50	94	17	24	38	26	72	52	26	50	43	40
	82	91	32	88	30	25	43	22	41	64	39	44
	95	91	84	96	74	47	73	47	31	38	87	37
	62	76	83	34	82	84	82	28	73	92	19	65
	99	50	44	11	74	55	63	45	50	75	51	47

	41	94	67	20	41	16	72	91	61	59	76	12
	88	39	90	25	80	38	84	57	29	38	91	25
	23	74	61	93	50	53	32	68	86	67	50	40
	71	28	88	68	60	23	68	36	78	32	84	14
	65	66	27	55	19	39	66	30	68	58	67	64
	64	89	69	58	69	86	46	24	70	59	81	97
	73	92	61	89	74	88	28	37	83	34	58	18
	91	28	18	69	74	69	16	89	71	89	54	21
	61	33	67	37	68	31	80	14	72	99	86	79
	64	83	35	97	97	36	65	38	97	93	28	51
	65	73	31	63	90	67	80	27	30	31	59	62
	62	51	33	25	51	47	96	42	89	58	40	78
	76	36	73	69	19	22	98	17	79	97	96	86
	55	68	76	98	90	48	64	55	95	49	17	33
	42	55	56	97	83	26	46	46	32	67	92	46
	11	71	59	69	58	54	31	16	69	26	26	25
	53	59	31	29	93	67	28	77	51	58	60	58
	100	63	25	44	77	94	82	20	26	61	44	47
	16	31	13	49	59	10	99	26	81	58	18	70
	81	40	54	63	18	65	17	60	14	70	27	72
	52	78	30	52	87	99	81	42	63	75	61	44
	75	32	11	70	13	82	52	11	65	37	91	65
	71	84	84	45	62	84	39	15	81	59	43	33
	46	80	72	33	80	75	63	54	74	65	12	33
	63	89	16	35	24	78	84	14	89	67	34	68
	55	91	46	35	64	88	26	73	80	92	65	83
	58	36	23	65	88	81	21	61	11	32	94	32
	14	75	73	46	83	58	96	97	46	22	23	86
	95	86	88	97	44	55	90	16	89	16	45	26
	55	25	31	51	39	41	73	70	27	44	91	53

