***** PARAMETERS PRP *****

Number of Customers = 30
Number of Products = 10
Number of Vehicles = 5
Number of Periods = 12

B = Production capacity
	49349

b_p = Time required to produce item p
 	1	1	1	1	1	1	1	1	1	1

c_p = Production cost of item p
 	30	30	80	80	30	30	80	80	80	30

s_p = Setup cost of item p
 	300	300	800	800	300	300	800	800	800	300

M = Big number
	197396

U_pi = Maximum inventory upper bound of item p at site i
 	197396	121	124	132	238	140	200	196	146	94	122	261	172	96	144	238	205	220	160	84	181	116	253	111	159	98	106	174	151	227	115
	197396	309	116	244	260	199	238	184	224	202	98	220	130	159	185	212	127	147	303	233	102	228	116	111	112	109	277	153	153	224	120
	197396	176	222	277	171	129	156	219	251	212	239	95	215	221	187	207	154	171	295	214	290	237	232	220	228	243	270	183	296	235	243
	197396	289	207	238	298	188	204	83	243	265	162	182	277	311	246	92	244	263	200	149	153	114	85	290	184	124	272	163	277	284	207
	197396	253	108	260	222	192	213	191	145	135	129	124	156	165	258	241	179	135	315	85	258	264	281	203	202	238	90	320	246	88	177
	197396	156	142	183	202	284	265	207	147	335	134	298	105	198	163	292	288	218	161	274	149	150	223	132	147	143	181	168	200	206	152
	197396	313	105	315	128	180	134	141	115	116	210	198	268	288	132	242	237	193	155	249	102	258	208	207	274	101	227	271	170	110	237
	197396	130	259	146	218	108	129	182	109	275	230	205	161	127	159	265	224	77	284	154	252	346	238	268	307	229	163	112	146	252	204
	197396	232	116	119	225	117	210	175	256	145	87	173	85	217	109	196	134	98	183	294	112	129	224	173	151	179	214	135	103	144	94
	197396	236	187	177	279	154	118	209	234	237	209	231	156	307	247	210	315	339	173	225	197	118	194	120	192	125	265	232	287	101	116

I_pi0 = Initial inventory of item p at site i
 	0	44	113	117	144	68	43	56	55	52	40	23	72	48	81	76	52	131	60	50	137	64	83	108	50	22	104	164	12	156	95
	0	21	70	155	94	181	197	88	218	196	55	167	128	157	38	177	127	110	113	145	77	161	82	70	62	42	88	90	29	166	90
	0	120	167	263	166	15	109	164	89	70	46	92	96	186	129	34	150	161	162	154	82	183	209	95	11	227	165	147	169	202	140
	0	75	139	202	80	92	96	48	90	60	84	131	89	136	200	68	142	236	184	104	145	69	27	216	25	98	180	67	135	263	124
	0	75	91	90	186	56	103	132	60	108	117	41	139	113	123	166	131	42	94	82	120	49	221	137	128	96	16	13	44	57	96
	0	154	34	151	122	254	111	149	59	127	112	78	102	158	64	153	98	19	107	216	104	77	144	33	75	56	176	41	112	154	72
	0	279	75	68	60	166	69	97	88	113	50	177	15	180	67	95	162	131	139	182	89	32	108	170	21	89	189	38	127	36	77
	0	79	82	20	111	76	100	122	97	235	177	77	88	99	75	62	191	0	100	93	133	217	177	248	184	174	99	53	31	74	140
	0	107	43	76	59	84	199	157	214	131	51	151	35	176	92	31	109	29	151	150	94	94	183	60	73	96	57	129	55	79	14
	0	154	133	90	277	99	86	205	232	78	196	175	25	78	175	88	54	83	141	137	79	60	110	76	95	110	117	185	111	80	80

h_pi = Inventory cost of item p at site i
 	3	5	5	7	8	1	9	8	3	5	2	9	1	7	5	1	2	6	6	9	2	1	1	5	5	7	1	2	4	6	1
	3	4	3	7	9	6	2	5	8	4	9	4	5	4	2	3	8	3	5	3	2	8	5	2	7	3	5	3	7	8	5
	8	7	2	1	1	5	6	5	9	5	2	2	1	5	4	8	2	6	4	2	3	2	5	7	7	3	1	2	7	2	7
	8	2	1	6	9	7	2	7	7	7	3	6	7	2	3	9	8	8	2	3	3	7	1	1	8	8	5	8	4	2	5
	3	1	2	3	1	7	6	4	3	4	8	2	3	6	8	6	8	2	8	2	3	9	7	8	4	1	7	2	1	4	5
	3	4	1	8	2	9	3	7	6	1	7	6	8	9	5	6	1	2	4	4	9	8	5	6	6	5	1	9	6	4	5
	8	5	4	6	3	3	3	8	5	5	6	2	6	2	1	4	4	8	8	1	8	5	6	7	1	1	6	1	7	6	7
	8	8	7	2	6	6	6	4	6	2	1	8	3	1	8	3	6	2	5	3	3	7	4	1	9	7	9	5	3	1	6
	8	5	9	4	5	9	1	6	1	5	1	9	1	3	2	5	8	2	9	8	5	1	6	2	5	2	3	1	3	3	9
	3	5	2	7	1	9	5	4	5	8	8	9	4	8	7	4	8	7	7	2	7	3	7	3	2	8	7	7	8	2	4

C = Vehicle capacity
	3460

f = Fixed transportation cost
	152520

a_ik = Transportation cost for traveling from node i to node k
 	0	2830	1910	2995	2285	3190	1550	1450	2435	3440	990	2175	1010	2145	380	2480	2790	3495	1785	1665	385	2100	765	1355	3240	795	1920	2720	1510	2210	3775
	2830	0	1500	1795	1825	1505	1775	4115	3565	725	3680	655	2910	735	2470	2630	155	1500	2710	3330	2485	770	2080	3785	495	2155	970	1340	3560	2865	1130
	1910	1500	0	1120	540	1285	385	2875	2070	2225	2500	1105	1565	1265	1545	1250	1375	1600	1210	1865	1530	1215	1375	2455	1995	1115	715	820	2150	1390	2065
	2995	1795	1120	0	735	460	1445	3760	2310	2385	3445	1805	2445	2000	2640	1210	1645	805	1750	2485	2620	1975	2490	3280	2195	2210	1575	480	2870	1630	1655
	2285	1825	540	735	0	1070	765	3035	1805	2520	2715	1570	1720	1740	1945	810	1680	1425	1085	1820	1925	1700	1855	2565	2300	1525	1215	690	2175	1090	2105
	3190	1505	1285	460	1070	0	1660	4085	2755	2020	3745	1670	2765	1865	2825	1660	1360	365	2140	2880	2810	1850	2610	3625	1845	2400	1540	475	3240	2065	1200
	1550	1775	385	1445	765	1660	0	2495	1885	2495	2115	1275	1195	1390	1195	1260	1670	1985	990	1560	1175	1340	1100	2085	2265	770	865	1195	1805	1265	2435
	1450	4115	2875	3760	3035	4085	2495	0	2165	4785	465	3490	1325	3500	1720	2820	4045	4435	2075	1440	1690	3445	2160	520	4570	1970	3155	3645	1020	2390	4920
	2435	3565	2070	2310	1805	2755	1885	2165	0	4280	2125	3145	1430	3275	2325	1105	3430	3110	905	810	2280	3220	2575	1665	4055	2120	2735	2475	1175	715	3890
	3440	725	2225	2385	2520	2020	2495	4785	4280	0	4340	1300	3610	1300	3100	3325	855	1895	3430	4050	3120	1345	2680	4470	230	2820	1665	1970	4270	3580	1170
	990	3680	2500	3445	2715	3745	2115	465	2125	4340	0	3045	1010	3050	1260	2605	3615	4080	1845	1330	1235	3000	1700	540	4125	1530	2725	3290	960	2205	4520
	2175	655	1105	1805	1570	1670	1275	3490	3145	1300	3045	0	2325	200	1820	2345	635	1800	2255	2810	1835	185	1425	3175	1085	1525	415	1330	2995	2485	1705
	1010	2910	1565	2445	1720	2765	1195	1325	1430	3610	1010	2325	0	2380	935	1630	2820	3110	875	680	890	2325	1280	895	3385	885	1950	2325	690	1275	3625
	2145	735	1265	2000	1740	1865	1390	3500	3275	1300	3050	200	2380	0	1805	2505	750	1980	2375	2895	1825	55	1385	3210	1095	1545	550	1525	3060	2625	1835
	380	2470	1545	2640	1945	2825	1195	1720	2325	3100	1260	1820	935	1805	0	2220	2425	3120	1580	1615	45	1755	445	1525	2895	430	1550	2355	1555	2000	3400
	2480	2630	1250	1210	810	1660	1260	2820	1105	3325	2605	2345	1630	2505	2220	0	2490	2010	765	1415	2185	2465	2285	2310	3105	1855	1960	1420	1835	460	2815
	2790	155	1375	1645	1680	1360	1670	4045	3430	855	3615	635	2820	750	2425	2490	0	1370	2585	3220	2435	775	2045	3700	625	2090	895	1185	3460	2730	1085
	3495	1500	1600	805	1425	365	1985	4435	3110	1895	4080	1800	3110	1980	3120	2010	1370	0	2500	3240	3110	1980	2875	3980	1750	2700	1745	790	3600	2425	925
	1785	2710	1210	1750	1085	2140	990	2075	905	3430	1845	2255	875	2375	1580	765	2585	2500	0	740	1540	2325	1750	1570	3200	1290	1845	1770	1130	425	3175
	1665	3330	1865	2485	1820	2880	1560	1440	810	4050	1330	2810	680	2895	1615	1415	3220	3240	740	0	1570	2840	1935	925	3820	1510	2405	2495	430	965	3890
	385	2485	1530	2620	1925	2810	1175	1690	2280	3120	1235	1835	890	1825	45	2185	2435	3110	1540	1570	0	1775	475	1485	2910	415	1555	2340	1510	1960	3405
	2100	770	1215	1975	1700	1850	1340	3445	3220	1345	3000	185	2325	55	1755	2465	775	1980	2325	2840	1775	0	1340	3160	1140	1490	505	1505	3005	2580	1855
	765	2080	1375	2490	1855	2610	1100	2160	2575	2680	1700	1425	1280	1385	445	2285	2045	2875	1750	1935	475	1340	0	1955	2480	460	1205	2145	1940	2145	3060
	1355	3785	2455	3280	2565	3625	2085	520	1665	4470	540	3175	895	3210	1525	2310	3700	3980	1570	925	1485	3160	1955	0	4250	1670	2815	3200	500	1875	4515
	3240	495	1995	2195	2300	1845	2265	4570	4055	230	4125	1085	3385	1095	2895	3105	625	1750	3200	3820	2910	1140	2480	4250	0	2605	1440	1765	4045	3355	1110
	795	2155	1115	2210	1525	2400	770	1970	2120	2820	1530	1525	885	1545	430	1855	2090	2700	1290	1510	415	1490	460	1670	2605	0	1200	1930	1570	1695	3025
	1920	970	715	1575	1215	1540	865	3155	2735	1665	2725	415	1950	550	1550	1960	895	1745	1845	2405	1555	505	1205	2815	1440	1200	0	1125	2610	2080	1865
	2720	1340	820	480	690	475	1195	3645	2475	1970	3290	1330	2325	1525	2355	1420	1185	790	1770	2495	2340	1505	2145	3200	1765	1930	1125	0	2840	1765	1420
	1510	3560	2150	2870	2175	3240	1805	1020	1175	4270	960	2995	690	3060	1555	1835	3460	3600	1130	430	1510	3005	1940	500	4045	1570	2610	2840	0	1390	4200
	2210	2865	1390	1630	1090	2065	1265	2390	715	3580	2205	2485	1275	2625	2000	460	2730	2425	425	965	1960	2580	2145	1875	3355	1695	2080	1765	1390	0	3180
	3775	1130	2065	1655	2105	1200	2435	4920	3890	1170	4520	1705	3625	1835	3400	2815	1085	925	3175	3890	3405	1855	3060	4515	1110	3025	1865	1420	4200	3180	0

coordXY = Coordinates (x,y): line zero => x line one => y column => customers
 	482	346	220	26	113	55	252	385	1	400	411	385	283	424	444	8	320	47	129	162	436	420	464	306	384	378	339	120	222	45	167
	727	178	450	340	458	253	520	1000	801	44	911	303	756	302	662	581	194	181	674	818	666	312	576	933	87	607	371	321	879	665	41

d_pit = Demand of item p at customer i in period t
 	44	88	74	30	56	31	26	100	69	81	30	94
	36	25	52	51	66	44	86	15	13	46	34	27
	60	57	40	79	20	19	72	17	40	42	30	51
	32	51	61	23	30	18	84	92	69	76	17	19
	68	38	94	59	30	79	80	99	98	55	70	72
	11	32	30	71	61	85	85	27	23	60	99	15
	56	51	88	18	23	96	12	37	93	87	14	14
	20	35	48	59	64	11	81	73	35	61	22	75
	52	49	90	25	87	35	32	49	25	30	36	51
	40	90	74	32	59	82	71	48	54	27	86	71
	23	14	88	54	81	54	88	74	79	86	95	47
	14	58	27	73	75	30	55	69	50	90	54	93
	48	89	57	34	31	16	65	35	45	49	69	35
	81	74	77	77	84	92	14	94	88	50	72	62
	37	39	89	56	23	45	90	62	36	17	41	35
	52	50	69	68	54	96	68	95	43	75	87	64
	32	67	32	77	73	70	79	11	50	14	71	84
	60	17	19	42	85	22	29	83	87	78	29	89
	50	68	63	53	16	55	26	15	70	27	50	12
	23	97	17	34	35	64	16	48	66	34	74	35
	25	39	85	79	30	53	80	77	86	49	29	65
	83	58	95	49	90	50	40	68	34	94	60	37
	92	16	58	47	61	48	78	51	61	52	30	70
	50	68	51	64	94	91	21	75	20	16	35	51
	22	56	76	90	11	22	43	49	12	83	47	77
	80	24	92	54	44	29	66	11	59	46	58	70
	86	47	19	12	49	59	13	35	70	71	18	43
	12	42	20	29	84	34	79	10	78	31	11	23
	31	58	67	88	100	15	33	63	22	50	57	96
	95	47	96	83	64	61	34	39	60	25	30	56

	21	87	50	47	54	98	82	45	55	58	68	77
	46	24	94	18	53	22	16	89	38	13	14	38
	98	57	62	14	77	75	71	96	79	26	54	24
	94	90	92	53	99	50	52	70	38	98	28	16
	80	27	74	92	10	11	24	27	20	29	16	67
	19	85	93	56	33	56	65	88	89	56	24	51
	88	91	31	58	41	26	65	83	43	88	95	26
	65	64	89	14	19	65	10	94	25	31	16	46
	66	52	24	54	92	57	97	86	93	50	62	74
	55	74	46	55	58	46	29	25	61	55	73	13
	78	15	74	81	64	25	35	28	64	11	21	31
	80	22	26	60	97	40	99	88	87	15	67	96
	34	57	66	47	13	84	37	46	62	74	59	55
	38	23	58	33	98	65	55	92	88	69	100	21
	59	59	59	21	40	60	49	72	38	38	98	44
	19	39	32	37	22	25	30	60	13	16	55	34
	32	78	90	52	15	48	37	21	90	11	74	41
	87	26	59	19	45	38	91	69	28	92	83	91
	66	42	37	64	96	49	77	31	54	64	42	76
	77	88	16	86	20	27	63	78	71	46	27	11
	78	83	43	44	77	44	22	67	73	73	10	71
	82	99	24	55	59	97	52	56	20	88	26	36
	70	84	34	83	10	46	21	48	91	51	46	83
	18	44	63	85	59	55	29	69	100	50	68	29
	42	57	70	84	73	47	45	38	16	94	54	34
	88	52	89	56	66	16	13	42	70	72	44	56
	28	62	77	12	25	63	14	90	65	36	88	52
	29	50	62	17	79	21	61	59	26	72	46	90
	32	78	56	70	48	71	48	47	22	27	93	81
	90	60	40	41	70	36	37	81	54	96	32	81

	50	16	54	39	24	89	85	18	26	30	82	14
	52	16	54	45	16	22	37	78	67	45	17	83
	67	58	62	76	92	42	33	61	47	38	45	44
	87	79	59	43	65	40	32	23	14	89	60	92
	15	27	76	98	14	85	16	35	85	30	13	20
	87	22	87	70	37	34	24	76	19	46	53	68
	64	100	63	84	67	76	48	91	85	78	65	53
	43	46	34	28	43	31	43	25	56	68	89	97
	13	57	42	92	56	83	73	84	36	30	26	44
	46	36	65	84	39	73	51	30	30	71	14	35
	12	80	46	38	95	36	38	63	14	37	42	66
	96	11	29	32	47	48	43	90	89	12	52	96
	59	60	67	42	61	86	59	71	50	45	33	30
	44	85	96	89	72	36	81	62	14	17	100	52
	19	15	40	93	87	24	58	12	65	93	45	71
	95	55	48	42	55	23	67	18	76	17	54	64
	95	66	21	62	18	68	40	34	88	47	96	49
	63	99	26	95	23	14	27	41	94	76	75	76
	90	17	47	24	48	68	73	44	47	26	68	89
	23	59	43	90	86	75	20	92	26	36	51	95
	77	82	24	87	92	43	23	55	18	95	58	56
	47	24	95	43	51	17	60	81	46	79	92	60
	42	53	14	81	33	19	33	88	91	78	93	36
	11	62	44	86	49	21	12	22	53	62	96	30
	72	52	47	56	79	65	55	30	65	12	25	24
	91	74	67	74	12	67	67	78	45	68	89	79
	59	88	47	23	82	83	82	33	69	58	78	31
	75	19	75	63	83	44	10	63	83	90	53	53
	82	92	28	20	69	12	78	73	96	76	32	46
	74	66	21	95	82	80	13	57	51	74	77	40

	36	39	43	44	75	43	39	34	75	77	89	99
	69	70	95	50	99	39	100	30	78	69	71	58
	69	59	74	85	28	32	24	68	21	76	88	90
	17	63	60	55	97	18	100	95	45	58	72	34
	92	28	18	52	10	90	14	16	35	78	78	52
	85	11	100	95	88	27	66	36	96	74	74	64
	48	21	12	99	39	46	26	33	37	20	38	81
	61	29	65	57	100	99	28	62	78	37	19	93
	60	77	27	45	27	84	20	75	14	88	83	36
	84	98	55	11	73	54	39	29	46	35	90	33
	37	73	21	62	95	11	66	79	96	17	86	85
	89	48	81	87	50	19	25	23	87	19	86	51
	56	17	63	88	43	68	93	75	16	79	75	73
	46	65	89	74	21	80	97	57	97	29	58	24
	68	54	62	28	16	44	92	13	19	96	45	16
	54	21	20	47	15	33	82	90	71	34	42	76
	19	97	86	34	29	11	39	53	32	99	37	95
	90	94	62	13	30	76	28	64	60	46	24	12
	56	48	43	87	79	40	20	63	10	19	60	70
	39	16	90	31	73	55	61	46	23	55	92	31
	69	99	37	28	84	88	39	93	28	12	59	49
	27	99	29	17	30	14	32	40	49	55	71	47
	88	78	27	23	71	71	33	84	14	99	59	49
	25	83	95	83	63	82	78	30	45	25	70	57
	98	51	61	32	73	15	87	95	91	50	36	53
	45	58	77	51	18	68	59	66	37	73	26	75
	33	34	16	43	37	77	44	58	14	39	43	50
	35	19	81	31	35	70	39	94	52	42	93	74
	93	75	95	32	40	85	98	24	69	74	93	75
	29	95	59	13	82	82	77	95	50	85	64	98

	21	54	46	11	86	77	75	69	75	38	12	43
	63	28	42	59	100	57	97	22	90	15	23	52
	51	39	23	86	16	84	14	35	83	94	80	18
	96	90	70	78	66	56	61	57	67	66	88	94
	56	65	32	21	92	40	82	44	65	91	94	84
	30	73	71	91	79	15	67	76	72	22	30	12
	87	45	92	69	59	14	44	98	87	36	64	67
	38	22	81	16	96	75	13	74	25	25	26	89
	62	46	21	19	68	80	61	42	19	30	39	54
	57	32	14	14	86	29	39	31	44	51	47	72
	41	99	95	54	50	33	99	36	33	61	68	73
	65	19	55	28	27	91	62	13	64	65	62	74
	42	71	13	44	83	53	54	51	12	100	93	42
	43	80	28	46	89	25	44	43	36	74	63	48
	92	74	82	39	78	39	73	53	64	24	91	14
	15	63	30	23	24	52	52	32	68	17	68	92
	42	98	11	50	33	16	70	46	31	28	58	57
	24	70	96	68	55	14	95	64	92	57	31	89
	61	21	12	44	38	16	36	58	61	35	87	39
	33	35	52	53	66	53	20	29	78	71	69	61
	49	72	80	88	46	81	87	19	82	58	97	33
	91	43	87	87	66	59	13	19	64	25	62	58
	74	63	33	85	13	100	23	14	25	71	52	55
	86	42	75	87	37	27	81	81	88	92	72	41
	55	41	19	66	98	62	66	90	28	37	88	64
	16	99	36	15	15	38	73	58	33	60	62	34
	13	84	65	74	31	63	89	75	84	49	76	65
	44	92	74	49	97	99	25	50	84	18	33	73
	57	48	27	37	92	38	36	39	24	14	86	30
	59	37	68	53	95	29	84	34	40	93	18	99

	51	91	12	40	74	51	51	41	74	46	36	55
	34	55	31	87	16	18	26	95	12	23	93	77
	37	41	73	87	51	82	19	97	42	63	57	82
	42	80	86	20	52	45	97	55	97	71	80	83
	71	100	83	13	96	97	35	38	95	68	75	81
	16	50	45	29	47	66	84	77	68	50	43	60
	57	92	92	13	37	97	23	76	91	88	93	67
	47	12	11	97	46	31	10	81	35	12	34	26
	69	58	35	51	13	90	78	64	97	59	93	96
	76	36	52	61	51	52	40	56	21	15	57	18
	78	94	53	44	25	79	52	34	75	14	75	91
	20	27	55	77	94	11	65	44	83	76	14	64
	83	17	58	95	73	52	95	46	92	92	23	67
	34	16	14	54	57	57	17	33	39	94	18	56
	58	46	35	14	34	34	98	78	57	62	88	97
	98	84	100	20	33	63	66	17	37	73	62	39
	19	71	30	73	18	42	57	17	18	76	13	90
	39	68	94	19	72	78	11	70	79	64	24	24
	47	78	91	11	27	50	62	86	82	57	15	51
	16	73	15	38	60	73	35	91	42	63	27	62
	77	92	71	96	74	28	95	87	41	99	48	91
	30	86	28	20	70	62	86	14	73	82	26	92
	33	70	35	28	76	32	10	13	52	70	62	45
	53	22	68	68	73	37	36	22	65	36	24	83
	12	44	85	90	98	98	91	84	82	100	22	50
	92	84	20	51	32	16	71	45	26	59	20	26
	41	12	86	100	25	34	94	21	49	17	13	11
	60	23	29	10	34	59	88	43	83	56	62	52
	60	94	63	68	15	96	91	70	29	96	49	91
	37	10	25	85	79	56	43	24	99	26	85	37

	74	46	90	69	46	73	84	23	81	46	44	76
	43	32	69	47	45	79	47	84	32	25	47	78
	68	40	100	99	34	55	32	71	84	96	64	13
	60	46	97	94	28	80	50	18	60	87	78	68
	48	67	51	18	61	98	99	38	15	58	91	75
	69	98	91	68	92	24	39	68	27	89	42	96
	30	67	81	21	74	43	19	62	90	21	19	37
	88	56	30	50	30	18	73	85	75	14	77	95
	13	100	53	65	64	65	47	57	94	19	52	67
	27	23	41	76	32	44	52	59	79	29	89	78
	81	96	83	22	66	13	93	57	58	41	92	89
	15	53	68	87	87	54	36	57	62	44	25	55
	89	53	38	94	24	75	82	88	25	34	74	14
	67	80	85	71	73	92	66	43	69	25	99	20
	95	23	85	65	83	37	97	97	49	18	42	35
	68	94	91	12	25	80	63	21	97	59	41	59
	72	59	68	35	53	85	42	67	88	49	63	91
	66	73	75	99	49	44	75	13	39	36	38	14
	93	66	23	90	83	18	37	79	82	78	27	71
	89	18	52	53	56	27	54	93	32	68	15	53
	11	21	81	66	77	40	85	45	12	28	72	82
	66	11	31	48	85	51	12	46	21	20	88	19
	76	31	63	47	31	52	72	99	19	24	26	82
	21	54	64	59	87	51	56	64	69	50	48	34
	89	13	29	18	35	19	36	51	45	28	13	29
	78	11	100	60	69	96	16	51	86	23	15	75
	38	34	50	82	82	84	19	20	26	61	92	63
	31	96	23	27	63	70	37	52	92	20	94	75
	36	65	71	58	28	96	17	66	64	28	73	55
	60	17	94	61	48	45	64	58	24	29	47	22

	30	49	67	10	50	42	20	90	19	89	16	36
	40	42	53	70	51	53	99	47	45	94	85	97
	20	85	50	25	12	26	67	20	73	26	80	99
	69	14	28	88	72	68	27	78	58	47	65	41
	53	23	86	24	32	62	89	59	38	32	97	53
	54	46	34	93	97	26	93	89	64	51	57	72
	60	62	20	52	68	86	47	83	82	58	27	81
	41	56	66	92	63	36	96	57	15	42	28	63
	82	56	97	56	50	40	97	73	68	96	65	46
	87	38	52	82	95	11	29	62	33	66	60	74
	27	50	64	14	40	38	66	85	34	39	94	63
	26	62	17	86	22	90	90	34	67	11	58	79
	99	91	51	15	22	66	87	63	59	80	89	39
	75	62	11	91	59	47	72	39	60	38	47	33
	62	68	70	93	10	51	26	30	94	72	23	37
	39	62	46	44	91	95	36	30	30	87	56	56
	89	17	97	36	26	15	30	15	28	43	44	22
	100	54	77	47	42	57	79	53	18	86	11	57
	38	55	68	67	63	10	49	22	91	28	53	70
	12	34	35	52	49	92	81	56	45	71	53	24
	36	87	94	66	77	24	93	82	87	47	38	99
	66	89	22	54	17	63	56	65	12	14	98	15
	84	10	74	80	72	78	16	10	44	52	54	69
	87	97	62	32	12	81	62	21	85	63	98	36
	60	57	57	91	14	21	80	43	13	70	16	28
	43	56	28	64	30	66	80	73	86	19	63	42
	53	96	38	50	34	86	79	35	16	67	27	88
	11	20	79	73	27	84	23	41	39	81	64	40
	14	60	40	65	80	65	97	55	98	71	86	25
	66	74	26	51	38	95	60	63	42	11	59	28

	53	32	22	13	67	84	25	26	65	28	66	76
	43	86	73	71	63	75	25	12	64	53	69	61
	44	32	62	29	72	92	43	24	96	66	91	63
	59	79	46	90	36	16	30	99	39	91	46	44
	20	64	37	12	59	86	52	94	58	66	80	74
	71	12	54	62	65	12	13	33	71	54	20	38
	55	61	20	21	86	23	43	84	83	62	97	65
	30	45	97	42	33	43	29	78	34	87	82	14
	74	57	20	99	56	70	43	13	41	42	32	31
	51	21	84	49	42	11	51	99	11	27	25	50
	53	98	76	85	16	82	75	72	43	18	28	47
	22	13	65	38	53	20	52	64	13	74	43	50
	11	79	86	75	29	80	65	19	20	60	48	78
	14	78	34	64	43	75	74	98	29	97	26	22
	31	55	56	72	18	45	83	92	17	18	40	62
	69	40	39	34	80	40	35	29	46	29	52	43
	29	90	39	59	30	35	93	67	15	38	47	48
	40	95	16	90	67	60	95	68	62	16	30	93
	90	60	33	79	80	51	98	87	57	19	41	11
	94	35	28	74	18	100	17	80	51	35	54	88
	51	43	47	68	76	95	65	42	83	60	47	98
	72	14	97	41	58	90	30	41	23	14	98	93
	20	40	19	55	25	57	38	50	27	90	37	62
	73	61	13	71	54	15	47	83	22	60	26	78
	96	89	36	80	69	10	42	65	67	46	89	26
	57	52	48	37	90	44	54	59	60	45	37	60
	20	79	30	37	61	62	44	39	14	31	84	37
	55	76	27	35	36	80	96	59	46	18	42	46
	64	15	76	86	70	21	83	29	26	32	20	53
	14	98	94	39	95	36	40	42	49	11	16	27

	56	98	64	98	45	51	57	43	49	40	67	39
	87	46	20	74	78	94	82	58	69	40	72	28
	30	47	13	86	71	17	51	38	44	31	68	36
	77	89	77	34	68	43	78	97	74	77	73	50
	99	59	11	25	24	74	21	86	75	29	72	40
	86	34	25	46	79	42	64	80	76	26	97	53
	26	80	16	83	31	75	21	88	84	62	20	42
	96	69	67	26	68	90	65	58	32	74	11	45
	78	12	96	58	25	47	34	93	39	77	58	93
	68	41	28	59	19	30	22	25	30	47	35	98
	87	88	94	11	40	54	78	12	29	26	82	93
	25	68	18	54	70	29	17	86	58	81	73	43
	78	45	95	98	38	48	61	93	53	79	23	26
	48	88	39	75	77	82	71	48	35	22	80	77
	38	50	74	26	28	37	13	19	39	17	77	87
	54	16	62	96	72	50	87	57	73	87	25	78
	83	81	66	65	70	67	36	88	37	81	94	46
	35	44	45	17	78	93	80	31	78	69	44	79
	85	52	89	13	48	13	13	60	19	31	61	56
	79	16	28	83	41	71	44	98	58	26	13	34
	45	15	35	84	21	70	68	74	74	76	48	99
	48	62	85	48	25	87	88	16	98	40	96	82
	76	96	77	75	13	31	86	54	31	28	75	80
	95	30	51	82	27	42	73	91	86	63	88	39
	39	71	28	97	81	52	43	98	63	38	94	46
	55	41	21	93	52	97	32	17	67	87	58	15
	99	86	67	76	21	66	29	19	83	13	66	70
	12	99	42	45	36	20	50	57	89	79	71	89
	29	51	46	30	60	51	56	16	81	49	97	42
	26	54	53	81	23	79	93	72	45	55	95	22

