***** PARAMETERS PRP *****

Number of Customers = 30
Number of Products = 10
Number of Vehicles = 5
Number of Periods = 12

B = Production capacity
	49566

b_p = Time required to produce item p
 	1	1	1	1	1	1	1	1	1	1

c_p = Production cost of item p
 	30	30	80	30	80	80	30	80	80	30

s_p = Setup cost of item p
 	300	300	800	300	800	800	300	800	800	300

M = Big number
	198265

U_pi = Maximum inventory upper bound of item p at site i
 	198265	180	294	130	340	143	197	220	124	236	134	205	146	249	176	179	116	238	357	218	223	249	319	127	125	179	293	327	194	137	226
	198265	193	94	233	114	125	269	288	111	129	137	185	309	293	189	93	118	208	91	203	102	158	234	219	99	281	146	282	274	149	239
	198265	267	184	223	98	229	295	162	257	236	105	292	100	165	285	113	119	284	310	218	252	179	233	236	291	270	138	201	110	166	238
	198265	231	179	285	113	134	133	166	116	200	209	202	225	202	134	235	103	160	104	308	181	82	135	119	144	259	164	111	279	179	228
	198265	305	99	178	156	204	105	202	320	244	108	169	327	210	112	176	310	228	183	232	146	342	231	170	268	135	179	117	198	102	272
	198265	202	104	307	110	194	196	281	177	315	288	93	125	245	199	287	179	257	210	101	100	293	162	118	126	324	105	311	171	119	106
	198265	267	340	166	231	137	274	94	113	299	343	142	277	171	270	136	326	201	118	225	237	185	108	96	105	127	161	221	192	336	213
	198265	252	246	151	107	199	165	200	104	99	182	106	245	252	171	176	261	317	218	116	228	216	119	169	329	134	124	244	274	216	258
	198265	245	86	100	88	281	340	179	205	214	198	100	249	136	277	249	272	180	115	113	138	232	164	302	252	153	203	107	247	136	105
	198265	188	122	183	252	131	205	143	95	140	215	265	170	131	128	116	283	128	210	166	258	236	275	111	287	105	178	211	156	175	184

I_pi0 = Initial inventory of item p at site i
 	0	146	119	14	216	114	174	18	71	135	71	109	109	218	125	88	94	226	175	61	189	118	68	33	102	159	256	77	192	59	14
	0	140	45	70	42	35	166	44	56	111	113	132	68	67	183	64	114	200	30	152	99	121	208	96	83	99	96	87	237	134	92
	0	163	145	210	52	93	256	42	86	47	67	89	77	78	96	113	115	152	261	177	156	152	22	53	90	138	137	127	56	95	134
	0	165	120	118	97	80	119	163	69	190	178	85	211	142	50	213	72	95	63	69	96	23	101	88	47	39	92	74	13	110	149
	0	100	61	137	149	113	105	198	205	229	56	54	240	77	94	98	276	180	164	85	88	78	226	145	21	63	172	93	179	17	107
	0	80	96	153	49	175	167	273	158	94	271	25	61	210	108	75	126	42	84	53	45	94	136	78	79	140	43	118	28	77	71
	0	160	86	109	179	82	211	26	30	149	164	100	196	123	87	96	283	76	68	167	207	144	38	74	21	123	127	88	176	44	55
	0	104	28	69	76	195	37	122	43	89	49	91	130	59	135	167	107	265	169	102	33	179	86	169	62	71	117	192	135	175	203
	0	182	84	69	80	152	94	159	140	70	187	43	175	96	149	105	165	117	82	69	20	218	141	244	243	38	145	72	170	45	72
	0	160	94	126	114	85	62	77	63	113	63	94	67	33	98	102	54	123	191	125	189	41	66	98	206	69	41	70	139	172	111

h_pi = Inventory cost of item p at site i
 	3	3	2	1	5	7	1	3	4	5	5	5	4	9	2	4	5	3	5	2	3	2	7	2	9	5	7	9	9	3	6
	3	3	3	5	2	9	7	6	6	3	5	7	4	6	2	7	5	9	2	1	4	4	4	2	7	7	1	5	2	2	1
	8	9	5	2	3	4	3	2	4	9	3	7	5	3	6	3	5	2	8	1	9	5	4	6	4	4	5	9	1	7	4
	3	2	6	7	2	8	6	3	1	9	5	4	2	8	3	7	1	4	8	1	1	4	4	3	8	8	6	7	1	9	5
	8	2	6	3	8	2	5	8	5	8	9	6	4	9	8	2	4	4	3	3	4	5	9	9	6	2	7	1	2	7	9
	8	1	7	2	2	7	7	3	5	9	4	7	7	7	5	2	7	6	5	1	6	2	2	9	9	1	6	5	5	9	2
	3	3	2	6	1	7	2	6	9	6	8	5	5	1	6	9	7	5	2	3	1	7	9	5	3	8	7	4	8	8	3
	8	2	4	5	8	7	7	4	4	2	2	2	8	2	7	4	5	6	1	4	6	2	1	3	8	3	2	2	1	1	2
	8	8	2	6	9	5	5	2	3	1	7	1	1	4	3	7	5	4	8	9	4	1	5	9	7	7	4	2	9	8	7
	3	1	4	6	9	4	7	4	6	8	2	7	4	8	9	2	5	2	5	7	9	9	3	3	2	6	6	4	4	5	7

C = Vehicle capacity
	3570

f = Fixed transportation cost
	147095

a_ik = Transportation cost for traveling from node i to node k
 	0	2950	1080	2890	2135	390	1870	3695	995	4295	4115	885	1820	1495	1515	1365	515	1205	3500	1755	2900	910	2585	1470	1340	515	1025	2070	620	435	2280
	2950	0	1980	300	1105	3285	1540	900	2340	1480	1415	2480	1545	1620	3045	2395	2605	3280	1310	1325	1220	3045	1630	1690	1940	2450	2365	1865	2340	3300	730
	1080	1980	0	1985	1060	1460	805	2650	1115	3415	3275	1150	750	965	1310	735	980	1380	2420	695	1825	1095	1550	1010	1095	695	475	1095	590	1495	1405
	2890	300	1985	0	1235	3200	1655	1150	2195	1430	1310	2340	1650	1485	3130	2470	2505	3325	1605	1375	1485	3070	1850	1545	1785	2380	2400	2025	2275	3210	615
	2135	1105	1060	1235	0	2510	435	1615	1865	2585	2515	1970	445	1290	1945	1305	1940	2220	1380	400	825	2015	805	1370	1605	1695	1345	795	1580	2540	895
	390	3285	1460	3200	2510	0	2255	4050	1150	4585	4395	1010	2200	1760	1800	1735	715	1420	3880	2125	3285	1175	2970	1720	1550	840	1405	2455	955	70	2595
	1870	1540	805	1655	435	2255	0	2005	1805	3015	2945	1880	60	1365	1515	880	1770	1805	1650	425	1040	1625	760	1440	1635	1490	970	455	1385	2295	1240
	3695	900	2650	1150	1615	4050	2005	0	3190	1430	1535	3325	2035	2480	3480	2880	3405	3810	815	1960	1180	3625	1725	2555	2810	3210	2955	2165	3100	4075	1600
	995	2340	1115	2195	1865	1150	1805	3190	0	3515	3305	155	1745	720	2210	1785	480	2055	3210	1490	2690	1730	2555	655	430	635	1435	2180	645	1135	1615
	4295	1480	3415	1430	2585	4585	3015	1430	3515	0	290	3665	3020	2835	4520	3870	3880	4745	2240	2790	2490	4495	3000	2880	3090	3780	3825	3315	3680	4590	2030
	4115	1415	3275	1310	2515	4395	2945	1535	3305	290	0	3455	2940	2640	4430	3775	3685	4630	2330	2680	2515	4370	2995	2680	2880	3605	3705	3270	3510	4395	1880
	885	2480	1150	2340	1970	1010	1880	3325	155	3665	3455	0	1820	865	2175	1785	380	1990	3325	1580	2795	1665	2630	800	580	590	1430	2235	630	990	1755
	1820	1545	750	1650	445	2200	60	2035	1745	3020	2940	1820	0	1315	1505	865	1710	1780	1695	380	1090	1595	815	1390	1580	1435	930	500	1330	2240	1215
	1495	1620	965	1485	1290	1760	1365	2480	720	2835	2640	865	1315	0	2270	1690	1050	2270	2560	970	2090	1955	2055	85	340	990	1425	1805	910	1760	895
	1515	3045	1310	3130	1945	1800	1515	3480	2210	4520	4430	2175	1505	2270	0	660	1840	490	2975	1760	2375	630	1865	2305	2340	1585	845	1335	1570	1865	2620
	1365	2395	735	2470	1305	1735	880	2880	1785	3870	3775	1785	865	1690	660	0	1515	935	2445	1100	1830	800	1375	1740	1820	1225	370	820	1165	1790	1965
	515	2605	980	2505	1940	715	1770	3405	480	3880	3685	380	1710	1050	1840	1515	0	1625	3315	1545	2750	1300	2520	1010	845	300	1150	2070	390	715	1900
	1205	3280	1380	3325	2220	1420	1805	3810	2055	4745	4630	1990	1780	2270	490	935	1625	0	3365	1960	2755	330	2270	2285	2270	1425	930	1725	1440	1485	2770
	3500	1310	2420	1605	1380	3880	1650	815	3210	2240	2330	3325	1695	2560	2975	2445	3315	3365	0	1775	620	3235	1115	2640	2895	3070	2610	1645	2960	3910	1810
	1755	1325	695	1375	400	2125	425	1960	1490	2790	2680	1580	380	970	1760	1100	1545	1960	1775	0	1215	1725	1095	1045	1260	1300	1045	875	1190	2155	875
	2900	1220	1825	1485	825	3285	1040	1180	2690	2490	2515	2795	1090	2090	2375	1830	2750	2755	620	1215	0	2620	550	2170	2415	2495	1995	1045	2380	3320	1475
	910	3045	1095	3070	2015	1175	1625	3625	1730	4495	4370	1665	1595	1955	630	800	1300	330	3235	1725	2620	0	2175	1970	1945	1095	680	1620	1115	1235	2500
	2585	1630	1550	1850	805	2970	760	1725	2555	3000	2995	2630	815	2055	1865	1375	2520	2270	1115	1095	550	2175	0	2135	2350	2240	1605	560	2135	3015	1665
	1470	1690	1010	1545	1370	1720	1440	2555	655	2880	2680	800	1390	85	2305	1740	1010	2285	2640	1045	2170	1970	2135	0	260	975	1460	1875	905	1720	965
	1340	1940	1095	1785	1605	1550	1635	2810	430	3090	2880	580	1580	340	2340	1820	845	2270	2895	1260	2415	1945	2350	260	0	885	1510	2055	835	1540	1215
	515	2450	695	2380	1695	840	1490	3210	635	3780	3605	590	1435	990	1585	1225	300	1425	3070	1300	2495	1095	2240	975	885	0	860	1775	115	865	1770
	1025	2365	475	2400	1345	1405	970	2955	1435	3825	3705	1430	930	1425	845	370	1150	930	2610	1045	1995	680	1605	1460	1510	860	0	1065	805	1455	1845
	2070	1865	1095	2025	795	2455	455	2165	2180	3315	3270	2235	500	1805	1335	820	2070	1725	1645	875	1045	1620	560	1875	2055	1775	1065	0	1680	2505	1670
	620	2340	590	2275	1580	955	1385	3100	645	3680	3510	630	1330	910	1570	1165	390	1440	2960	1190	2380	1115	2135	905	835	115	805	1680	0	975	1665
	435	3300	1495	3210	2540	70	2295	4075	1135	4590	4395	990	2240	1760	1865	1790	715	1485	3910	2155	3320	1235	3015	1720	1540	865	1455	2505	975	0	2605
	2280	730	1405	615	895	2595	1240	1600	1615	2030	1880	1755	1215	895	2620	1965	1900	2770	1810	875	1475	2500	1665	965	1215	1770	1845	1670	1665	2605	0

coordXY = Coordinates (x,y): line zero => x line one => y column => customers
 	344	299	252	357	188	390	150	177	470	428	469	470	160	421	44	114	409	107	41	233	68	163	28	435	466	354	185	61	345	403	357
	936	348	741	359	539	998	617	217	783	82	123	813	623	648	900	789	857	975	306	604	426	941	528	657	698	834	807	634	813	999	481

d_pit = Demand of item p at customer i in period t
 	39	22	85	44	66	43	62	73	85	64	80	57
	31	88	14	77	83	61	25	32	66	98	50	81
	14	83	87	96	27	30	31	94	91	86	78	62
	31	92	93	63	66	89	43	50	21	87	93	88
	16	86	12	20	93	20	16	40	37	56	84	91
	78	96	57	61	95	48	24	98	12	94	53	71
	18	34	37	95	46	63	81	88	25	86	43	43
	23	48	55	59	25	76	82	82	25	99	95	75
	93	42	99	17	87	35	83	62	66	16	83	24
	71	84	50	46	57	42	20	54	12	15	21	62
	59	50	55	89	76	98	26	90	57	72	96	50
	49	21	39	66	87	81	12	80	50	38	36	24
	15	55	77	71	14	86	77	15	62	51	55	19
	32	93	38	73	63	38	49	99	51	60	82	27
	88	31	23	30	56	40	25	92	87	62	85	97
	26	68	83	98	50	25	12	95	98	36	34	69
	41	54	67	64	95	61	29	28	78	86	96	14
	73	45	57	85	90	32	84	40	90	88	86	86
	61	51	17	50	98	43	63	12	84	65	11	100
	85	26	78	86	41	34	57	63	72	29	80	19
	27	91	18	32	40	35	16	13	97	95	80	53
	68	91	49	15	63	30	91	84	89	93	30	62
	33	28	24	91	36	12	90	70	18	37	25	42
	88	14	49	49	90	47	93	37	55	95	85	49
	72	38	49	99	75	53	55	49	20	52	64	90
	78	98	38	42	89	56	37	53	78	17	76	40
	77	60	88	40	33	97	24	97	83	82	70	34
	32	62	45	53	18	39	62	77	58	96	13	27
	59	11	32	85	25	59	17	55	25	89	62	28
	14	31	90	55	82	38	14	23	28	33	74	61

	71	20	49	63	23	55	12	90	93	21	32	51
	45	71	57	68	53	97	11	11	16	46	65	22
	37	33	97	96	15	30	59	44	71	12	18	46
	42	19	82	82	98	64	43	11	42	83	19	98
	35	93	70	90	35	45	32	71	76	99	79	24
	20	59	87	69	52	29	41	25	66	69	39	89
	44	63	100	72	38	76	90	22	42	13	52	79
	56	56	63	39	54	51	84	10	85	63	33	73
	55	22	34	36	73	30	20	10	42	75	65	54
	86	27	60	35	82	82	82	51	76	83	99	61
	46	86	98	40	52	26	18	21	22	20	93	33
	68	10	68	66	78	59	84	69	18	73	96	53
	49	18	93	86	63	74	47	51	45	75	28	73
	93	15	75	89	58	25	42	58	92	62	93	52
	40	24	70	45	31	66	20	45	45	64	53	57
	28	86	69	98	53	28	52	77	85	55	22	56
	15	23	83	79	82	46	45	75	47	19	20	89
	30	47	45	15	16	66	46	58	31	26	85	81
	96	56	92	77	96	39	73	66	68	97	26	24
	23	61	15	33	66	56	84	52	78	33	94	18
	28	93	98	47	25	43	25	23	84	81	33	52
	78	98	32	71	72	37	75	21	29	75	84	31
	11	54	31	23	57	80	42	15	37	99	27	49
	83	48	94	18	57	14	51	39	33	16	44	99
	99	41	13	31	85	45	25	94	45	80	81	36
	71	25	68	16	35	54	38	31	25	55	77	89
	87	54	63	68	25	92	14	96	11	92	34	41
	92	49	96	82	88	71	54	65	61	48	45	72
	37	97	75	57	49	15	12	74	28	99	12	39
	29	63	38	62	48	79	63	12	100	77	66	79

	73	20	70	47	73	95	26	16	98	85	15	22
	34	30	81	70	98	92	82	70	80	14	53	32
	88	31	91	30	35	39	54	84	43	19	11	11
	13	39	37	38	74	56	53	41	46	43	63	87
	37	17	39	52	75	56	38	71	95	100	82	25
	74	48	48	86	90	43	85	56	43	45	73	18
	42	97	39	44	44	14	83	92	99	19	29	44
	55	31	73	32	52	27	83	56	50	20	72	66
	47	32	67	78	25	56	20	61	20	41	92	28
	67	13	23	68	74	85	57	53	60	41	42	49
	11	78	85	81	56	99	18	32	11	85	85	59
	52	25	58	55	65	10	69	59	77	74	40	13
	52	26	17	25	87	20	99	64	72	97	86	13
	73	23	39	63	81	42	86	22	24	73	92	65
	45	68	43	30	13	74	27	40	37	22	25	29
	82	33	55	99	16	42	93	74	79	50	63	28
	26	88	38	92	49	50	14	30	50	85	91	68
	37	77	81	66	28	99	49	24	41	76	68	99
	60	72	45	88	87	10	56	40	61	16	70	49
	60	96	84	25	25	71	95	66	93	78	15	48
	43	95	14	87	34	66	79	67	85	45	40	60
	22	91	30	33	15	59	91	64	82	62	61	89
	53	81	22	42	19	31	49	69	63	80	16	42
	90	34	92	42	68	17	37	55	75	27	74	87
	60	16	62	23	72	38	86	80	28	54	48	80
	49	88	90	85	100	96	23	12	87	79	18	100
	82	45	31	97	91	25	58	46	25	39	22	41
	56	77	35	94	73	35	64	17	74	45	30	60
	11	84	44	84	33	64	87	14	49	19	79	97
	52	82	61	72	70	77	45	15	12	53	84	90

	80	57	28	50	93	74	54	19	56	27	55	99
	10	61	24	25	61	49	65	70	51	56	31	33
	45	73	41	84	48	63	23	88	84	50	60	25
	65	32	80	50	38	18	35	82	47	99	38	95
	80	68	37	13	13	23	84	16	37	88	27	51
	66	53	39	15	23	37	24	87	43	63	31	49
	85	78	24	79	16	21	46	88	37	87	25	77
	69	29	20	29	38	88	63	75	70	91	81	40
	73	86	31	14	67	39	32	30	21	93	25	90
	95	83	77	67	32	23	59	40	58	46	32	16
	85	27	30	37	57	36	56	17	90	16	62	93
	80	22	11	98	94	44	15	39	77	49	83	64
	21	89	32	70	32	36	90	61	68	40	58	10
	14	36	48	38	79	19	72	46	41	31	30	82
	38	71	76	28	56	17	27	62	64	34	32	58
	72	40	58	81	94	27	83	36	26	59	20	22
	43	52	14	43	66	91	19	93	28	27	91	74
	53	10	94	83	56	33	74	61	33	21	26	77
	69	70	44	97	52	80	78	33	45	56	79	35
	49	47	67	26	48	43	96	56	27	31	22	32
	23	60	24	51	29	87	27	54	14	67	32	22
	81	20	36	99	16	24	45	90	27	18	17	68
	88	34	23	31	86	61	74	14	74	98	92	38
	47	20	45	44	57	14	77	51	40	59	88	34
	39	81	99	38	24	74	73	67	98	40	97	47
	92	74	51	37	24	16	89	39	28	80	52	75
	74	38	73	66	83	84	59	20	19	56	57	38
	13	22	77	89	47	43	84	60	98	73	45	18
	22	88	53	72	60	42	63	57	82	100	64	12
	96	53	25	29	17	65	49	85	74	19	79	93

	10	90	95	54	88	65	36	74	36	16	88	81
	61	45	33	61	16	68	25	83	33	19	67	85
	56	33	48	79	43	47	11	89	97	60	55	95
	98	51	53	25	79	34	43	62	14	34	51	78
	80	11	22	13	94	93	33	94	44	46	69	12
	71	34	35	41	42	11	14	50	92	45	96	96
	97	69	32	30	51	25	100	71	27	42	36	27
	27	65	54	59	78	19	98	81	52	90	83	63
	76	87	24	42	38	19	65	14	63	74	67	16
	20	36	24	46	93	28	75	90	67	37	85	44
	54	89	65	19	45	42	67	99	24	95	39	36
	97	55	88	23	85	49	80	78	64	45	61	60
	56	21	42	85	16	93	17	79	14	52	94	61
	17	77	99	78	43	92	19	67	28	70	51	29
	98	59	51	69	43	53	36	67	32	98	79	19
	53	78	68	77	72	79	61	51	42	57	21	84
	28	91	61	52	49	11	51	28	18	25	76	56
	79	85	30	63	32	32	23	59	29	27	43	47
	85	14	78	99	84	17	33	20	44	68	90	65
	15	73	67	15	18	64	94	44	21	30	75	68
	78	72	67	60	53	83	41	67	71	48	95	85
	69	71	86	91	42	72	37	13	61	40	11	99
	97	48	84	76	26	47	52	39	80	35	85	12
	21	76	27	87	22	59	64	91	65	57	15	60
	63	94	28	42	90	89	66	98	37	86	19	96
	83	89	61	83	84	35	62	61	60	16	47	34
	93	59	39	48	44	21	59	53	97	45	65	81
	96	83	69	55	16	33	17	95	89	83	98	57
	17	74	96	10	99	82	24	23	99	35	25	27
	14	93	51	33	54	29	81	29	69	67	70	62

	63	17	75	10	49	45	16	87	66	96	65	17
	96	82	18	59	21	78	33	20	98	24	66	26
	34	98	21	53	87	48	30	99	85	85	80	17
	22	27	58	43	19	68	33	50	12	23	63	20
	87	88	65	98	83	97	20	86	69	26	40	16
	79	88	70	83	95	55	37	20	92	10	54	99
	54	84	49	86	75	68	31	35	63	39	31	59
	77	81	95	26	80	13	84	91	65	45	26	23
	94	18	41	74	91	81	88	67	27	43	64	68
	89	73	46	63	10	88	52	78	20	91	20	60
	25	50	45	50	46	62	19	21	81	52	92	15
	61	91	12	14	44	61	40	58	10	35	34	40
	70	79	61	42	23	43	82	39	77	42	15	16
	18	90	55	29	68	49	31	20	25	65	65	83
	57	18	92	51	17	33	98	54	94	51	61	62
	14	19	93	47	100	25	35	68	95	58	94	67
	42	17	24	96	47	85	74	73	33	18	17	91
	58	10	16	78	19	60	38	35	33	33	84	39
	53	66	41	46	17	71	63	27	34	40	91	54
	45	20	27	32	49	63	16	42	49	19	24	12
	80	14	90	24	12	83	36	39	50	75	100	99
	47	89	55	33	24	87	12	43	73	84	41	61
	53	25	87	99	10	54	90	96	57	76	22	39
	27	52	85	87	85	16	43	88	70	78	28	99
	60	14	66	20	91	78	78	44	92	84	79	72
	43	70	17	86	74	98	58	17	29	77	22	36
	55	42	21	88	85	89	51	91	35	47	85	58
	28	79	45	44	31	21	24	30	55	42	29	85
	77	64	35	95	52	40	84	82	62	22	85	18
	71	100	41	60	20	27	54	49	38	83	12	80

	95	65	54	79	50	29	18	27	42	24	64	94
	86	77	51	61	36	85	73	97	70	52	65	64
	91	18	22	52	71	23	85	23	93	52	69	64
	87	92	77	100	36	40	47	23	51	24	81	36
	82	17	44	64	15	88	25	13	79	53	30	39
	90	87	34	49	96	40	46	15	69	50	70	12
	26	75	17	52	77	54	32	80	53	23	27	45
	30	99	93	70	69	66	63	22	38	65	26	38
	63	60	26	84	19	73	31	86	72	72	60	72
	77	87	73	98	38	76	54	90	37	10	88	94
	13	40	24	23	12	62	25	80	27	55	26	39
	94	29	42	31	91	72	78	76	68	17	47	20
	67	15	41	87	12	86	40	87	11	80	92	65
	11	76	33	91	36	33	62	55	90	33	50	79
	96	66	13	31	62	68	41	21	16	14	46	69
	85	95	66	37	53	61	20	97	61	38	74	96
	23	53	14	79	51	22	63	78	94	65	24	36
	68	77	66	48	73	90	19	82	32	19	75	56
	74	15	78	31	96	62	28	72	60	63	64	32
	84	75	11	37	98	96	37	55	31	72	37	78
	61	83	11	90	49	75	53	86	21	100	37	72
	38	81	23	92	96	21	61	29	22	34	73	77
	74	34	49	36	60	54	38	51	40	18	58	62
	21	27	81	78	28	37	66	79	87	48	41	39
	76	47	89	88	94	53	45	33	90	13	90	46
	51	76	81	87	33	38	80	16	69	61	32	19
	88	24	31	30	38	73	87	60	83	49	65	34
	97	79	76	75	29	32	32	73	46	75	54	98
	44	92	75	63	43	57	93	64	96	42	79	59
	55	40	19	57	50	11	77	59	17	87	75	91

	58	46	40	29	86	80	65	55	96	95	67	38
	28	57	49	65	93	91	68	65	42	51	33	96
	41	28	31	49	55	57	47	77	30	70	72	47
	76	95	74	92	28	18	71	49	57	30	30	21
	96	80	19	66	14	93	89	31	96	88	29	93
	37	76	81	20	83	47	14	78	36	77	13	99
	29	93	89	57	38	24	22	13	24	19	42	31
	43	79	76	51	16	71	64	38	24	87	12	60
	89	83	31	50	17	45	95	55	24	52	30	21
	49	71	33	67	18	47	20	98	54	94	99	78
	65	26	85	40	36	33	88	57	24	93	31	55
	38	18	74	17	78	91	18	61	34	23	94	42
	59	35	32	92	80	38	56	86	79	31	91	76
	75	20	40	74	98	81	60	13	42	72	55	54
	97	70	93	23	63	37	18	83	57	20	79	63
	15	92	61	90	31	67	66	92	78	50	69	72
	88	96	81	80	60	58	64	13	93	68	16	44
	70	99	83	10	59	34	17	20	95	47	64	56
	90	12	28	93	73	45	52	82	49	26	55	88
	33	58	94	33	22	78	100	72	64	19	21	89
	21	43	45	70	64	88	51	23	56	11	98	77
	86	86	29	32	60	39	32	89	22	67	84	88
	98	71	70	27	95	70	16	13	59	89	53	16
	62	72	70	64	97	64	50	70	74	23	87	57
	71	71	98	24	70	38	95	97	40	90	28	82
	60	45	12	77	90	97	66	79	13	94	22	87
	48	84	60	17	58	30	82	13	58	37	65	34
	13	56	66	52	65	94	79	66	73	31	30	32
	32	59	84	95	21	75	97	26	12	66	32	48
	97	87	19	94	12	82	87	89	16	77	36	79

	86	96	78	54	47	47	66	26	37	68	34	97
	72	12	64	43	68	11	27	48	17	30	87	38
	34	35	40	73	62	52	33	76	35	49	23	89
	21	59	91	45	13	98	18	11	26	69	30	44
	99	53	89	59	64	74	93	57	21	55	90	88
	94	67	71	89	94	33	30	95	53	14	83	93
	81	78	33	11	81	54	37	21	94	63	85	76
	43	97	85	87	74	48	28	45	80	67	87	80
	70	94	46	91	51	88	78	35	52	84	86	80
	92	95	60	60	17	95	26	44	19	29	12	46
	43	84	64	10	24	45	72	83	35	24	50	66
	76	44	55	92	20	93	55	50	80	77	12	94
	61	35	45	60	41	79	26	25	79	40	28	24
	77	72	49	14	13	60	85	54	37	61	44	98
	65	40	20	23	48	92	46	51	29	88	44	52
	76	89	12	52	35	63	27	42	49	82	72	53
	41	76	50	53	36	50	51	44	77	72	85	86
	82	98	80	13	76	26	73	27	50	78	26	61
	69	73	53	66	21	47	70	52	71	55	46	56
	20	77	28	96	50	11	34	64	30	55	44	42
	49	80	20	69	94	89	43	59	90	10	52	41
	74	67	72	46	85	49	38	16	80	85	30	13
	38	23	93	90	14	79	79	34	95	50	44	86
	95	59	89	48	42	96	29	36	52	50	92	69
	38	67	61	12	60	91	45	27	41	33	95	40
	60	85	28	31	38	63	33	37	73	73	29	60
	28	44	74	91	58	35	40	82	16	76	20	76
	79	43	18	30	100	71	21	60	27	76	32	35
	45	92	80	82	48	92	13	32	99	93	59	81
	72	89	13	12	50	27	33	48	94	63	81	47

	47	13	100	46	89	97	66	93	40	32	84	45
	13	81	41	69	62	76	68	64	53	49	73	83
	45	81	86	77	22	77	91	15	93	57	50	36
	82	32	47	66	51	78	87	59	23	47	95	90
	32	53	52	98	48	93	42	94	87	48	73	67
	62	15	80	28	89	58	38	92	31	52	39	32
	38	39	95	74	37	29	17	48	20	53	34	88
	63	79	39	64	61	20	32	50	56	28	14	65
	61	52	49	21	77	10	44	95	11	25	18	96
	51	12	48	71	78	31	75	18	47	65	59	91
	94	33	48	32	35	96	27	21	62	83	83	21
	67	20	80	29	83	80	73	10	72	40	28	97
	18	15	82	16	75	58	10	59	31	27	84	50
	73	25	39	15	28	55	17	88	61	78	10	24
	91	11	47	48	28	90	70	61	58	22	78	93
	11	43	58	75	21	93	18	68	70	92	33	98
	36	53	34	71	57	58	29	21	57	58	16	21
	60	50	81	22	42	65	64	75	11	37	78	44
	33	26	66	76	11	94	86	81	30	55	74	31
	94	95	87	56	35	49	15	15	23	88	25	38
	41	26	61	11	53	78	46	65	37	69	49	30
	66	35	53	87	27	37	36	71	22	88	56	81
	74	24	82	27	92	47	31	66	74	68	13	66
	31	56	76	43	22	59	35	89	78	35	97	68
	69	85	92	13	10	38	17	88	19	63	58	80
	41	34	68	65	25	12	65	73	52	15	40	45
	32	38	23	56	73	72	57	42	29	93	27	91
	92	47	18	67	63	57	42	78	75	44	13	27
	44	69	49	10	32	28	18	47	51	73	82	22
	62	24	25	11	54	14	50	37	87	67	40	81

