***** PARAMETERS PRP *****

Number of Customers = 30
Number of Products = 10
Number of Vehicles = 5
Number of Periods = 12

B = Production capacity
	49758

b_p = Time required to produce item p
 	1	1	1	1	1	1	1	1	1	1

c_p = Production cost of item p
 	80	30	80	30	30	30	30	30	80	30

s_p = Setup cost of item p
 	800	300	800	300	300	300	300	300	800	300

M = Big number
	199033

U_pi = Maximum inventory upper bound of item p at site i
 	199033	160	267	130	290	155	262	175	152	140	248	214	151	167	253	88	116	100	240	119	141	166	140	123	149	171	91	151	257	352	243
	199033	224	314	315	153	330	210	256	169	112	191	141	310	108	200	205	263	272	233	199	253	94	124	181	240	202	187	271	129	147	167
	199033	209	197	249	252	192	154	131	217	215	105	237	229	317	118	321	97	227	186	168	256	91	177	121	104	176	160	220	178	133	225
	199033	212	192	162	337	213	297	153	241	248	317	116	272	166	258	187	119	118	163	117	251	280	248	320	166	211	263	280	107	193	301
	199033	273	281	135	244	157	114	348	85	202	299	142	185	200	107	203	230	152	147	156	316	241	129	160	184	205	92	208	102	269	196
	199033	178	260	239	211	225	161	211	187	192	290	100	270	173	166	160	257	125	308	196	101	305	255	105	150	233	255	332	270	214	121
	199033	120	190	100	179	310	140	242	227	242	190	181	205	94	127	193	100	117	166	178	135	316	270	307	198	149	368	111	192	212	120
	199033	94	105	221	118	160	192	228	199	284	119	217	108	335	116	216	231	189	299	207	146	190	125	243	107	184	150	151	100	246	142
	199033	166	216	144	169	115	146	173	180	267	219	164	184	174	293	217	277	184	248	236	103	141	122	75	213	244	260	282	139	137	118
	199033	106	114	142	261	119	102	199	232	262	152	177	290	134	240	307	150	290	106	106	250	140	225	261	169	212	253	136	253	122	185

I_pi0 = Initial inventory of item p at site i
 	0	105	95	53	63	119	93	106	111	67	114	203	62	89	17	61	69	58	82	78	86	48	12	103	97	148	66	135	205	88	21
	0	164	72	256	84	132	108	203	164	81	166	82	252	27	143	91	231	45	98	26	147	84	96	11	212	144	148	199	68	56	132
	0	184	21	186	146	170	62	86	153	10	98	94	197	236	65	135	97	65	179	110	154	47	146	63	59	145	96	42	74	129	66
	0	186	43	132	212	210	57	37	156	164	168	83	256	151	72	160	82	90	148	91	184	29	213	48	119	186	216	170	18	146	103
	0	146	22	98	98	137	26	290	67	28	217	20	67	139	107	153	55	128	124	47	203	219	58	94	173	76	44	80	59	69	160
	0	53	166	144	128	181	125	36	141	141	101	53	163	123	115	139	59	113	186	125	68	143	89	14	70	189	165	74	54	105	56
	0	99	74	76	67	83	108	166	122	196	162	167	90	91	34	156	60	74	99	123	40	245	173	196	168	115	266	93	161	123	32
	0	38	83	156	110	89	165	132	94	48	76	67	80	143	88	183	53	67	92	197	19	188	118	184	93	140	86	91	71	101	80
	0	111	126	41	153	69	96	141	160	117	180	92	119	83	199	89	119	94	96	232	64	72	99	51	178	54	217	179	56	56	34
	0	93	66	15	222	93	59	36	133	170	119	19	206	61	75	79	97	150	41	57	40	23	154	141	63	173	214	129	42	93	177

h_pi = Inventory cost of item p at site i
 	8	0	0	0	0	0	0	0	0	0	0	0	0	0	0	0	0	0	0	0	0	0	0	0	0	0	0	0	0	0	0
	3	0	0	0	0	0	0	0	0	0	0	0	0	0	0	0	0	0	0	0	0	0	0	0	0	0	0	0	0	0	0
	8	0	0	0	0	0	0	0	0	0	0	0	0	0	0	0	0	0	0	0	0	0	0	0	0	0	0	0	0	0	0
	3	0	0	0	0	0	0	0	0	0	0	0	0	0	0	0	0	0	0	0	0	0	0	0	0	0	0	0	0	0	0
	3	0	0	0	0	0	0	0	0	0	0	0	0	0	0	0	0	0	0	0	0	0	0	0	0	0	0	0	0	0	0
	3	0	0	0	0	0	0	0	0	0	0	0	0	0	0	0	0	0	0	0	0	0	0	0	0	0	0	0	0	0	0
	3	0	0	0	0	0	0	0	0	0	0	0	0	0	0	0	0	0	0	0	0	0	0	0	0	0	0	0	0	0	0
	3	0	0	0	0	0	0	0	0	0	0	0	0	0	0	0	0	0	0	0	0	0	0	0	0	0	0	0	0	0	0
	8	0	0	0	0	0	0	0	0	0	0	0	0	0	0	0	0	0	0	0	0	0	0	0	0	0	0	0	0	0	0
	3	0	0	0	0	0	0	0	0	0	0	0	0	0	0	0	0	0	0	0	0	0	0	0	0	0	0	0	0	0	0

C = Vehicle capacity
	3680

f = Fixed transportation cost
	29636

a_ik = Transportation cost for traveling from node i to node k
 	0	695	600	874	606	480	111	238	956	191	390	590	293	857	630	620	392	860	240	891	411	400	632	256	197	480	914	224	394	426	532
	695	0	329	184	144	249	707	698	330	578	332	403	410	164	121	307	313	340	549	198	310	296	66	441	711	228	324	475	439	279	169
	600	329	0	478	395	392	560	493	401	422	242	75	337	416	392	30	370	271	375	475	231	312	318	383	524	230	345	398	216	251	319
	874	184	478	0	283	409	891	881	286	762	516	551	593	77	256	451	486	379	733	30	494	476	243	622	895	412	317	657	617	463	343
	606	144	395	283	0	129	638	654	473	522	297	461	344	292	28	380	215	473	504	306	279	223	96	363	658	205	466	400	433	238	97
	480	249	392	409	129	0	518	548	569	411	219	445	236	410	155	387	93	539	401	430	208	124	186	245	546	165	551	282	364	168	93
	111	707	560	891	638	518	0	131	938	140	381	536	299	864	659	583	426	828	185	904	404	418	648	275	87	482	891	238	345	429	554
	238	698	493	881	654	548	131	0	888	138	367	456	313	844	672	520	456	763	151	891	389	431	645	308	47	472	835	274	283	423	562
	956	330	401	286	473	569	938	888	0	799	567	458	665	219	449	373	613	159	757	261	546	577	387	706	915	483	65	734	606	535	479
	191	578	422	762	522	411	140	138	799	0	247	404	178	731	541	444	319	689	50	774	270	299	521	170	137	351	751	136	209	299	432
	390	332	242	516	297	219	381	367	567	247	0	267	101	484	311	252	154	477	218	527	23	99	278	146	379	105	526	169	145	59	201
	590	403	75	551	461	445	536	456	458	404	267	0	351	489	459	101	410	316	355	549	261	351	388	395	491	280	398	404	196	290	379
	293	410	337	593	344	236	299	313	665	178	101	351	0	569	364	350	146	578	167	607	121	122	350	46	314	189	626	70	184	135	256
	857	164	416	77	292	410	864	844	219	731	484	489	569	0	265	388	477	303	698	62	461	458	229	602	861	382	244	635	572	435	332
	630	121	392	256	28	155	659	672	449	541	311	459	364	265	0	375	238	455	522	279	292	243	81	385	677	215	444	421	444	253	111
	620	307	30	451	380	387	583	520	373	444	252	101	350	388	375	0	372	246	399	448	239	315	300	396	550	227	317	413	240	254	309
	392	313	370	486	215	93	426	456	613	319	154	410	146	477	238	372	0	559	312	505	152	60	248	153	454	148	586	189	295	121	145
	860	340	271	379	473	539	828	763	159	689	477	316	578	303	455	246	559	0	644	361	459	512	378	623	795	415	94	645	485	460	447
	240	549	375	733	504	401	185	151	757	50	218	355	167	698	522	399	312	644	0	744	240	283	495	172	163	322	708	144	161	273	411
	891	198	475	30	306	430	904	891	261	774	527	549	607	62	279	448	505	361	744	0	505	492	259	637	906	424	295	672	624	476	361
	411	310	231	494	279	208	404	389	546	270	23	261	121	461	292	239	152	459	240	505	0	93	257	164	402	83	506	189	158	43	183
	400	296	312	476	223	124	418	431	577	299	99	351	122	458	243	315	60	512	283	492	93	0	233	146	435	98	545	182	242	62	136
	632	66	318	243	96	186	648	645	387	521	278	388	350	229	81	300	248	378	495	259	257	233	0	379	656	174	375	414	396	223	104
	256	441	383	622	363	245	275	308	706	170	146	395	46	602	385	396	153	623	172	637	164	146	379	0	303	226	668	38	222	173	281
	197	711	524	895	658	546	87	47	915	137	379	491	314	861	677	550	454	795	163	906	402	435	656	303	0	484	864	267	311	433	568
	480	228	230	412	205	165	482	472	483	351	105	280	189	382	215	227	148	415	322	424	83	98	174	226	484	0	449	257	229	54	110
	914	324	345	317	466	551	891	835	65	751	526	398	626	244	444	317	586	94	708	295	506	545	375	668	864	449	0	694	554	499	459
	224	475	398	657	400	282	238	274	734	136	169	404	70	635	421	413	189	645	144	672	189	182	414	38	267	257	694	0	221	203	317
	394	439	216	617	433	364	345	283	606	209	145	196	184	572	444	240	295	485	161	624	158	242	396	222	311	229	554	221	0	200	337
	426	279	251	463	238	168	429	423	535	299	59	290	135	435	253	254	121	460	273	476	43	62	223	173	433	54	499	203	200	0	143
	532	169	319	343	97	93	554	562	479	432	201	379	256	332	111	309	145	447	411	361	183	136	104	281	568	110	459	317	337	143	0

coordXY = Coordinates (x,y): line zero => x line one => y column => customers
 	267	95	411	6	18	51	375	485	265	365	266	478	242	82	20	394	115	384	386	24	258	168	95	220	454	208	313	243	409	218	102
	974	301	392	140	422	546	950	879	19	811	585	424	683	138	395	368	613	123	766	117	564	587	366	723	914	498	62	752	607	551	469

d_pit = Demand of item p at customer i in period t
 	70	35	89	24	36	52	60	40	36	40	66	93
	43	22	30	82	44	63	72	95	65	39	42	43
	53	85	21	23	30	10	88	53	21	37	53	46
	63	32	41	72	27	96	90	24	53	100	67	30
	84	35	73	36	30	61	47	32	22	90	96	14
	93	63	65	92	55	26	15	54	100	62	82	80
	28	78	47	51	52	35	78	75	59	65	83	48
	74	37	80	73	82	98	87	54	82	89	59	97
	67	50	88	37	51	80	69	48	85	96	80	89
	41	59	14	56	52	51	27	60	26	69	82	58
	90	55	58	52	98	41	42	49	15	18	92	32
	36	26	93	54	28	50	33	99	29	56	59	40
	89	66	75	66	87	52	41	31	76	11	47	25
	17	26	78	80	67	39	18	60	96	36	69	21
	13	48	31	13	46	97	11	57	77	27	71	34
	56	13	28	94	33	36	78	73	95	88	22	80
	58	58	62	84	31	29	13	27	90	23	91	33
	82	15	34	36	28	25	80	99	28	25	75	50
	78	85	94	21	74	13	64	51	42	59	49	85
	51	35	61	13	66	10	26	61	62	70	75	32
	48	41	45	68	28	48	75	68	16	55	99	72
	12	57	20	29	62	21	53	70	19	94	71	50
	20	83	95	50	11	25	36	27	64	45	16	19
	26	71	71	12	92	51	50	40	61	75	14	32
	28	72	48	96	72	89	52	88	37	44	45	11
	66	43	49	25	35	29	34	25	73	85	15	65
	52	40	43	54	85	24	82	32	71	38	29	55
	76	54	75	90	41	36	81	50	65	74	57	73
	88	63	41	84	91	90	13	99	33	72	72	99
	21	38	87	33	17	95	71	18	28	50	29	97

	25	95	44	64	52	78	49	46	51	16	84	69
	46	26	44	73	33	67	77	49	83	75	93	88
	58	96	48	54	96	66	31	43	21	93	58	91
	84	87	42	73	87	98	90	56	61	91	63	85
	30	82	20	65	89	39	53	65	89	82	90	89
	74	34	41	51	13	51	35	53	70	23	93	91
	92	92	19	54	93	93	38	87	42	54	66	37
	66	98	45	67	59	16	79	40	100	40	50	17
	46	35	88	53	69	73	58	51	98	33	51	19
	89	77	99	75	17	21	75	31	77	44	97	63
	82	69	68	69	60	28	100	45	90	70	82	83
	83	18	94	57	82	17	60	75	67	82	79	31
	27	93	100	46	58	19	21	86	21	42	82	52
	89	54	65	77	13	76	97	93	43	96	18	78
	55	36	26	36	49	99	67	66	32	81	10	57
	51	91	89	84	88	56	46	55	15	37	81	95
	34	11	18	99	93	19	31	36	91	92	96	32
	98	48	88	45	20	60	39	84	87	43	13	74
	26	11	85	29	85	58	95	77	20	27	49	34
	84	63	32	19	14	81	49	74	23	50	66	51
	84	39	86	10	11	72	26	45	28	63	41	56
	96	59	75	58	71	33	71	77	85	35	30	53
	11	46	36	96	94	93	90	48	78	30	43	58
	41	82	89	57	51	32	91	93	74	17	55	38
	45	73	26	99	96	54	38	86	94	97	82	16
	69	79	65	34	90	38	45	23	11	69	24	13
	58	14	40	87	82	46	24	96	99	23	42	39
	68	96	85	80	39	87	71	92	45	70	20	21
	56	73	25	61	63	87	27	78	10	13	70	25
	44	69	19	68	76	19	42	23	22	18	63	39

	64	25	95	38	72	24	77	45	98	16	12	60
	21	50	38	37	62	61	81	10	45	60	63	64
	89	15	16	66	20	44	52	53	91	62	37	53
	59	87	81	21	90	34	91	22	48	12	26	34
	59	75	36	86	22	34	30	18	51	76	30	58
	62	19	36	14	15	55	56	78	58	99	62	61
	49	37	28	21	53	16	36	68	48	17	63	86
	20	59	74	63	27	72	88	45	11	38	89	64
	10	51	33	54	41	28	98	17	95	50	83	86
	41	57	68	51	90	72	40	43	18	21	94	37
	80	14	16	88	77	15	48	86	30	64	14	36
	46	55	96	23	86	77	48	26	15	65	79	71
	95	42	99	86	47	45	27	89	41	68	81	41
	65	80	16	17	62	72	56	47	88	64	57	83
	70	65	18	81	94	95	88	47	40	14	75	83
	65	32	78	44	29	34	22	91	82	17	76	13
	42	23	91	54	84	46	91	28	52	85	16	69
	18	87	42	32	30	73	58	32	27	36	68	55
	82	28	78	41	13	68	31	89	62	48	81	52
	76	78	91	51	46	71	83	80	28	94	58	12
	18	29	64	18	75	25	66	14	97	15	57	67
	94	52	63	58	54	67	21	81	20	59	62	76
	63	42	42	31	55	93	59	66	94	65	94	22
	25	34	56	68	45	84	54	56	71	37	67	26
	49	45	51	87	57	89	25	67	31	73	84	47
	16	80	65	30	70	68	31	14	52	60	75	79
	42	26	15	46	87	44	87	16	83	96	47	70
	74	68	25	79	97	19	33	56	37	99	57	69
	81	48	11	73	40	81	100	88	78	97	48	52
	66	40	54	58	50	62	53	84	23	35	85	64

	50	66	70	37	74	25	37	17	36	52	97	74
	43	88	53	96	31	21	33	17	20	51	87	37
	16	19	97	75	67	83	79	61	31	56	41	22
	95	89	28	92	88	95	63	39	40	54	95	30
	79	66	65	46	13	22	96	11	25	88	35	93
	38	19	83	46	87	84	50	28	11	76	92	98
	37	21	17	44	82	13	44	19	41	85	25	32
	63	59	34	11	97	80	46	93	86	41	35	77
	33	43	78	10	84	77	12	90	21	24	45	77
	90	78	76	47	94	13	64	34	62	66	94	43
	83	75	69	15	88	91	35	11	35	88	80	24
	94	84	78	78	61	13	73	81	48	19	96	92
	78	33	40	36	84	36	99	27	66	20	72	73
	72	34	45	51	66	48	15	43	63	75	91	16
	74	86	95	32	27	49	33	96	78	38	45	96
	82	87	15	24	75	84	75	75	32	44	63	59
	90	21	73	71	96	14	18	89	90	33	77	34
	60	88	67	56	38	18	70	64	54	82	18	36
	91	34	13	23	36	17	45	59	98	13	28	12
	67	65	25	27	47	33	55	79	36	52	74	42
	29	22	37	47	61	71	60	98	71	77	78	21
	87	96	30	42	70	44	57	91	50	11	100	66
	48	23	81	94	65	63	71	61	94	46	44	77
	77	42	72	37	88	18	82	21	96	40	22	68
	52	91	43	51	48	54	45	38	18	78	95	19
	60	60	66	30	18	43	90	84	50	48	25	58
	43	60	25	42	55	57	67	28	79	63	80	72
	18	96	38	22	13	98	98	81	54	60	15	49
	23	36	87	62	70	99	89	96	28	86	45	52
	61	42	93	50	23	64	93	100	97	44	43	13

	10	53	70	13	12	82	70	52	49	78	86	79
	22	58	15	87	81	59	40	57	80	99	28	48
	98	50	23	89	38	43	55	75	79	71	96	94
	98	87	44	41	44	57	63	47	70	28	66	86
	60	77	25	21	13	88	47	78	41	43	37	99
	26	95	98	63	37	11	58	53	84	44	66	49
	96	58	94	42	85	28	75	46	68	87	63	93
	53	14	19	19	16	18	37	43	67	73	63	90
	28	47	77	69	26	94	84	58	50	31	15	27
	87	62	68	66	11	77	44	35	68	69	60	71
	20	70	92	94	37	18	20	18	44	11	74	71
	67	27	32	14	47	21	87	45	74	19	88	35
	75	19	16	29	99	76	32	26	29	76	87	35
	21	10	15	61	92	31	71	69	89	36	98	50
	93	60	70	68	57	54	45	21	52	17	11	61
	55	29	51	83	68	89	16	67	40	68	62	61
	37	91	69	39	98	55	29	11	13	79	27	58
	30	94	42	42	43	18	65	57	76	25	25	70
	47	40	36	24	80	61	77	33	83	83	35	26
	99	22	82	83	59	32	68	47	50	73	88	56
	12	100	79	28	93	45	35	40	64	95	87	45
	45	13	98	31	28	51	95	75	78	68	99	92
	94	27	33	54	65	27	18	48	83	48	74	70
	57	22	94	77	93	33	81	17	96	63	79	24
	64	12	25	22	97	15	55	87	67	46	92	32
	44	15	63	55	48	44	93	19	87	20	29	32
	66	14	16	20	22	90	70	64	73	62	31	96
	59	65	79	47	53	33	18	17	31	76	93	41
	69	25	48	33	13	81	14	97	62	91	29	84
	76	84	49	40	24	67	11	37	24	68	53	54

	53	17	15	23	47	21	52	49	50	48	31	20
	33	94	39	48	68	31	19	54	28	80	65	64
	36	85	23	14	17	78	41	46	78	67	35	54
	12	56	60	32	27	58	27	87	23	39	41	44
	36	46	99	15	45	34	20	91	97	96	44	53
	32	27	24	42	81	96	24	53	48	85	77	53
	36	33	88	18	57	81	51	90	45	21	87	26
	62	79	38	82	80	26	27	17	65	51	13	22
	93	48	91	43	88	22	52	68	91	57	87	28
	42	59	94	74	45	30	98	50	76	79	26	24
	53	55	69	64	71	35	98	19	14	10	79	30
	47	29	87	81	12	66	35	21	92	64	26	88
	70	53	70	91	11	23	77	55	67	62	66	45
	42	73	65	46	66	87	50	10	11	67	83	63
	80	59	54	33	33	67	17	56	18	89	49	84
	59	75	89	75	60	66	99	95	12	56	33	52
	93	20	80	11	97	94	43	66	96	61	23	68
	92	94	72	10	90	96	27	70	48	18	27	96
	52	73	47	76	87	87	25	72	50	93	71	52
	55	13	35	88	81	23	42	51	86	75	19	36
	83	60	89	45	98	73	35	77	90	27	22	34
	47	23	19	51	75	79	39	47	71	12	88	60
	14	12	34	65	69	70	68	53	47	73	35	89
	38	32	28	52	44	59	21	46	48	29	14	39
	33	11	63	82	59	15	17	21	34	63	78	83
	100	65	35	73	71	81	13	81	99	22	25	100
	42	32	48	93	93	74	37	56	77	74	74	96
	54	60	90	62	41	56	51	68	40	69	27	29
	94	11	97	54	24	51	56	64	44	19	83	44
	56	75	75	67	67	66	34	22	92	76	83	10

	37	62	98	19	86	43	81	74	89	16	71	41
	74	95	93	18	51	69	66	19	100	74	34	68
	76	62	38	47	21	30	82	38	41	83	51	28
	67	41	79	98	97	13	38	28	86	46	90	34
	83	11	94	60	25	65	77	19	38	98	86	87
	48	20	40	41	24	87	29	99	27	10	61	72
	14	61	66	25	87	29	50	61	75	78	87	92
	89	33	91	64	31	63	51	88	58	17	76	20
	49	61	86	73	16	56	13	61	25	41	38	62
	15	31	19	97	78	31	33	84	45	13	67	57
	57	70	40	81	32	90	77	40	71	90	46	30
	90	24	35	69	75	77	59	39	23	85	18	22
	21	12	58	60	94	77	59	11	13	25	43	89
	34	21	49	32	34	99	94	76	52	84	86	98
	82	74	84	31	69	32	81	88	47	71	81	32
	60	80	77	27	51	41	67	39	44	16	31	65
	74	60	29	77	39	76	22	42	77	11	96	98
	75	24	55	76	51	75	28	56	24	53	85	63
	60	63	14	73	86	10	33	14	29	53	74	26
	40	59	15	57	18	67	52	97	22	58	44	11
	58	89	67	31	85	86	31	98	67	44	40	62
	11	64	98	56	53	74	91	90	74	58	89	52
	65	49	17	65	58	72	65	81	78	61	56	70
	55	43	70	30	35	72	27	44	32	69	99	19
	75	40	73	41	31	28	54	12	73	18	59	91
	99	69	98	50	82	69	95	73	64	26	95	62
	40	53	73	59	99	15	21	20	100	96	31	58
	65	96	69	76	95	36	76	17	76	73	52	35
	77	46	18	53	39	57	12	24	21	54	17	91
	32	97	82	40	76	40	87	26	34	29	85	94

	15	23	92	73	24	33	37	46	35	77	81	27
	83	35	35	65	97	42	58	35	22	37	65	56
	56	28	44	28	32	64	93	21	88	86	36	86
	19	91	25	95	23	80	50	21	82	98	98	25
	89	85	56	47	86	48	23	31	21	49	60	44
	47	60	58	58	83	66	91	70	44	78	63	48
	79	53	21	14	48	88	24	82	58	48	18	13
	75	19	20	89	88	44	86	37	95	100	41	100
	48	92	60	20	53	17	80	48	27	73	92	71
	36	40	57	74	61	18	71	37	73	78	68	98
	16	51	47	61	98	49	77	14	32	79	32	94
	68	12	52	57	32	49	63	63	83	59	89	19
	98	45	98	46	89	85	94	71	92	16	41	29
	62	26	76	33	95	60	69	96	20	82	30	49
	97	33	53	31	80	42	56	16	93	77	21	48
	53	66	13	63	51	71	29	49	96	92	23	86
	67	89	97	62	64	97	89	45	34	19	59	33
	25	50	17	90	68	98	21	55	95	21	96	81
	94	26	77	55	92	47	94	55	57	76	97	57
	19	13	30	89	85	31	81	18	33	74	59	53
	76	23	61	28	39	34	13	19	38	57	88	94
	55	63	94	58	74	99	36	85	91	33	10	54
	41	55	88	77	91	92	61	20	65	58	60	20
	93	50	53	70	15	61	94	11	13	80	73	26
	42	98	13	25	82	81	22	17	85	83	97	91
	24	62	92	44	34	15	89	82	27	23	33	74
	29	30	32	44	33	31	72	27	11	56	58	30
	71	96	23	29	45	90	93	27	16	21	38	48
	28	73	50	86	88	91	25	59	67	77	78	16
	80	93	69	76	29	100	49	63	30	85	93	84

	18	31	62	84	78	36	50	50	73	46	98	37
	40	62	24	92	67	51	20	68	84	54	37	50
	41	91	12	71	94	22	69	19	21	45	50	39
	76	77	34	44	36	16	93	35	36	77	96	55
	69	55	90	68	20	65	26	83	79	45	76	12
	48	34	14	68	32	47	57	71	57	13	53	88
	53	88	72	85	68	51	88	73	49	13	15	37
	22	51	87	74	22	37	12	78	92	67	83	93
	49	68	51	63	48	68	41	57	77	85	11	22
	64	22	94	73	25	59	80	51	58	53	37	41
	15	35	42	44	97	32	41	89	83	67	91	19
	66	53	74	45	79	63	73	79	19	87	26	73
	28	55	43	81	88	48	59	34	90	29	64	78
	59	63	77	90	84	53	23	43	56	52	36	67
	89	53	59	48	49	77	36	55	71	28	59	27
	55	64	63	79	90	94	55	45	33	66	97	89
	66	28	99	76	32	51	24	60	85	81	53	81
	22	74	45	37	72	88	96	59	87	50	62	51
	59	22	61	90	86	28	41	80	82	60	84	15
	64	43	62	82	79	44	15	67	22	47	25	69
	58	14	88	64	85	30	22	22	29	55	15	80
	99	62	33	24	32	14	17	37	13	62	10	85
	51	49	20	26	19	50	30	86	31	27	32	28
	55	18	19	86	94	30	42	50	36	38	24	20
	39	15	80	36	100	63	42	69	77	56	72	82
	22	84	66	45	43	60	91	74	18	42	43	36
	61	64	54	48	59	36	74	55	39	51	50	86
	56	92	59	79	41	90	34	86	65	70	79	81
	20	36	18	74	23	11	17	43	22	98	95	92
	34	19	38	36	20	35	30	15	13	28	36	49

	77	16	21	80	41	26	54	67	54	81	26	94
	12	54	100	14	50	98	79	55	47	65	81	29
	15	74	29	88	52	69	19	21	56	64	18	61
	97	83	42	85	99	41	72	54	58	71	28	52
	93	87	81	26	50	78	45	76	25	41	23	89
	59	72	60	31	76	22	49	38	62	80	37	25
	36	10	57	34	95	28	95	37	76	30	34	65
	61	72	94	26	61	71	32	50	42	80	89	17
	77	74	19	20	65	78	51	18	40	67	53	66
	24	95	84	37	23	96	69	68	30	16	43	21
	19	85	37	96	30	68	70	19	21	41	15	30
	97	80	29	76	66	41	97	45	24	84	28	28
	19	42	71	12	91	69	45	18	39	61	19	48
	75	68	94	42	93	79	18	46	50	59	65	31
	79	18	14	99	74	82	85	83	22	67	64	49
	18	24	55	50	62	52	12	37	15	48	47	29
	23	58	69	60	41	80	89	31	33	55	66	91
	41	22	81	41	48	57	88	76	64	34	23	60
	57	55	93	59	63	77	14	43	54	38	17	68
	40	10	39	70	58	14	11	45	54	96	62	100
	23	31	86	54	14	17	32	29	73	74	30	95
	75	79	80	12	38	47	12	79	68	53	44	87
	34	41	66	46	98	97	64	87	23	68	89	71
	63	60	86	35	57	30	38	70	91	36	64	46
	87	64	22	59	48	46	98	72	89	84	99	79
	77	58	79	96	75	71	69	79	12	54	23	65
	48	53	28	16	11	56	84	50	79	25	12	83
	42	43	20	35	46	62	10	71	77	90	45	67
	78	15	75	89	93	54	70	30	32	76	36	83
	89	88	61	79	80	29	43	48	64	19	75	66

