***** PARAMETERS PRP *****

Number of Customers = 30
Number of Products = 10
Number of Vehicles = 5
Number of Periods = 12

B = Production capacity
	48813

b_p = Time required to produce item p
 	1	1	1	1	1	1	1	1	1	1

c_p = Production cost of item p
 	30	80	80	80	80	80	80	80	30	30

s_p = Setup cost of item p
 	300	800	800	800	800	800	800	800	300	300

M = Big number
	195253

U_pi = Maximum inventory upper bound of item p at site i
 	195253	242	291	127	208	231	318	157	150	217	194	224	260	172	111	193	215	98	159	125	242	149	258	197	237	107	157	129	385	173	269
	195253	131	277	130	287	318	217	222	246	164	135	97	107	155	219	282	108	112	234	124	232	121	105	186	113	243	327	278	118	294	173
	195253	190	214	289	80	255	274	202	161	175	133	208	139	112	135	155	220	220	75	231	93	148	172	275	230	115	219	124	173	276	120
	195253	105	241	224	202	243	213	91	206	166	94	109	207	167	290	197	254	116	200	101	277	222	271	243	167	116	130	212	155	147	190
	195253	131	219	190	108	139	157	181	288	146	156	98	213	172	157	181	288	248	348	225	136	129	111	258	274	227	239	178	174	153	250
	195253	181	160	167	209	110	237	104	214	184	117	203	184	263	278	293	124	94	157	303	270	191	222	182	126	125	191	165	192	276	215
	195253	252	113	216	138	110	281	237	111	139	212	255	186	200	179	255	190	240	309	124	225	262	270	237	232	245	265	287	113	122	288
	195253	252	127	232	303	258	235	119	126	161	176	204	150	174	266	114	294	160	213	289	88	230	204	216	249	156	187	117	99	109	231
	195253	263	198	258	245	120	174	82	229	90	93	262	167	276	154	123	207	201	90	155	194	201	189	126	77	102	299	177	310	172	144
	195253	169	227	179	111	129	91	278	202	220	253	94	232	239	149	91	273	163	278	147	285	189	260	111	128	86	216	246	280	178	216

I_pi0 = Initial inventory of item p at site i
 	0	197	282	73	59	147	62	115	68	182	125	173	56	158	44	77	152	85	78	70	241	74	250	76	27	96	129	44	194	85	174
	0	115	194	88	118	141	173	219	66	81	90	77	49	133	124	229	76	84	138	102	156	53	73	180	36	151	226	184	91	235	11
	0	171	112	94	79	186	88	125	39	59	95	50	88	85	126	64	145	165	67	82	56	145	132	58	179	97	60	44	28	239	103
	0	95	171	29	174	169	191	25	151	89	23	19	27	133	155	149	68	110	186	47	98	197	167	180	127	61	69	178	11	11	184
	0	66	70	112	31	62	90	158	69	131	10	88	109	155	153	122	60	27	298	68	91	85	28	200	53	63	51	134	148	148	109
	0	45	29	162	65	67	111	85	127	79	103	181	94	78	83	206	75	56	107	186	64	176	220	85	113	41	33	80	171	173	69
	0	113	40	132	19	67	235	46	38	86	166	100	129	82	65	126	149	170	168	113	161	73	34	120	43	101	57	89	92	23	15
	0	231	85	104	159	93	26	70	79	125	63	90	104	71	119	11	275	158	44	233	25	141	181	159	41	152	44	94	60	108	151
	0	93	35	182	77	23	93	0	141	70	23	92	133	122	97	44	185	193	32	146	180	104	186	36	68	32	193	96	210	65	116
	0	17	161	94	110	79	30	114	94	44	90	17	63	211	84	72	88	118	142	24	182	164	191	34	35	81	99	145	240	47	20

h_pi = Inventory cost of item p at site i
 	3	0	0	0	0	0	0	0	0	0	0	0	0	0	0	0	0	0	0	0	0	0	0	0	0	0	0	0	0	0	0
	8	0	0	0	0	0	0	0	0	0	0	0	0	0	0	0	0	0	0	0	0	0	0	0	0	0	0	0	0	0	0
	8	0	0	0	0	0	0	0	0	0	0	0	0	0	0	0	0	0	0	0	0	0	0	0	0	0	0	0	0	0	0
	8	0	0	0	0	0	0	0	0	0	0	0	0	0	0	0	0	0	0	0	0	0	0	0	0	0	0	0	0	0	0
	8	0	0	0	0	0	0	0	0	0	0	0	0	0	0	0	0	0	0	0	0	0	0	0	0	0	0	0	0	0	0
	8	0	0	0	0	0	0	0	0	0	0	0	0	0	0	0	0	0	0	0	0	0	0	0	0	0	0	0	0	0	0
	8	0	0	0	0	0	0	0	0	0	0	0	0	0	0	0	0	0	0	0	0	0	0	0	0	0	0	0	0	0	0
	8	0	0	0	0	0	0	0	0	0	0	0	0	0	0	0	0	0	0	0	0	0	0	0	0	0	0	0	0	0	0
	3	0	0	0	0	0	0	0	0	0	0	0	0	0	0	0	0	0	0	0	0	0	0	0	0	0	0	0	0	0	0
	3	0	0	0	0	0	0	0	0	0	0	0	0	0	0	0	0	0	0	0	0	0	0	0	0	0	0	0	0	0	0

C = Vehicle capacity
	3850

f = Fixed transportation cost
	31620

a_ik = Transportation cost for traveling from node i to node k
 	0	457	267	575	361	816	795	901	614	356	410	534	833	316	642	144	563	168	494	75	836	379	678	890	782	925	855	588	715	400	577
	457	0	242	202	136	502	369	631	305	150	279	186	498	164	229	382	136	390	90	388	523	349	222	672	350	684	630	303	436	191	210
	267	242	0	312	112	554	536	650	348	230	160	269	569	79	383	269	314	293	313	192	575	394	444	653	524	682	614	325	456	303	313
	575	202	312	0	218	301	226	431	114	344	229	44	298	263	80	540	88	556	271	501	322	549	204	480	218	487	437	125	240	392	10
	361	136	112	218	0	493	434	604	282	181	165	180	500	46	281	325	205	343	217	287	514	380	332	624	421	646	584	265	405	251	221
	816	502	554	301	493	0	273	140	212	642	408	324	42	533	298	813	378	833	568	743	22	848	425	224	292	208	188	231	107	692	294
	795	369	536	226	434	273	0	407	254	517	448	270	241	479	154	744	238	756	396	721	286	703	192	496	24	478	460	286	297	543	227
	901	631	650	431	604	140	407	0	329	764	493	447	167	640	435	915	512	938	700	831	124	972	564	108	428	73	93	339	200	819	422
	614	305	348	114	282	212	254	329	0	436	217	120	221	322	159	603	201	622	381	540	233	644	303	369	257	379	326	33	131	492	104
	356	150	230	344	181	642	517	764	436	0	343	319	642	169	378	252	285	254	146	299	663	208	357	796	498	813	754	428	566	74	350
	410	279	160	229	165	408	448	493	217	343	0	188	428	179	309	428	276	453	368	339	428	535	415	493	444	523	455	188	306	415	226
	534	186	269	44	180	324	270	447	120	319	188	0	326	224	122	503	102	520	265	459	345	526	235	487	262	498	445	119	250	373	44
	833	498	569	298	500	42	241	167	221	642	428	326	0	542	284	823	370	842	559	759	46	846	403	259	261	238	226	245	136	689	292
	316	164	79	263	46	533	479	640	322	169	179	224	542	0	326	282	248	301	236	243	554	357	372	656	466	680	616	304	442	242	266
	642	229	383	80	281	298	154	435	159	378	309	122	284	326	0	595	94	608	277	568	317	575	145	500	142	498	458	182	263	415	84
	144	382	269	540	325	813	744	915	603	252	428	503	823	282	595	0	507	30	397	139	834	236	602	920	728	950	882	583	720	278	544
	563	136	314	88	205	378	238	512	201	285	276	102	370	248	94	507	0	518	190	490	398	483	140	566	222	571	524	212	326	322	98
	168	390	293	556	343	833	756	938	622	254	453	520	842	301	608	30	518	0	399	169	854	215	608	945	739	973	906	604	741	272	560
	494	90	313	271	217	568	396	700	381	146	368	265	559	236	277	397	190	399	0	432	588	308	220	749	375	757	707	383	510	149	280
	75	388	192	501	287	743	721	831	540	299	339	459	759	243	568	139	490	169	432	0	763	360	608	823	708	858	788	515	643	351	503
	836	523	575	322	514	22	286	124	233	663	428	345	46	554	317	834	398	854	588	763	0	869	442	214	305	194	180	252	124	713	314
	379	349	394	549	380	848	703	972	644	208	535	526	846	357	575	236	483	215	308	360	869	0	525	1002	682	1020	960	635	773	162	556
	678	222	444	204	332	425	192	564	303	357	415	235	403	372	145	602	140	608	220	608	442	525	0	637	168	631	596	323	405	368	212
	890	672	653	480	624	224	496	108	369	796	493	487	259	656	500	920	566	945	749	823	214	1002	637	0	515	54	43	371	241	856	471
	782	350	524	218	421	292	24	428	257	498	444	262	261	466	142	728	222	739	375	708	305	682	168	515	0	498	477	288	309	522	220
	925	684	682	487	646	208	478	73	379	813	523	498	238	680	498	950	571	973	757	858	194	1020	631	54	498	0	73	386	249	870	478
	855	630	614	437	584	188	460	93	326	754	455	445	226	616	458	882	524	906	707	788	180	960	596	43	477	73	0	328	198	814	428
	588	303	325	125	265	231	286	339	33	428	188	119	245	304	182	583	212	604	383	515	252	635	323	371	288	386	328	0	140	486	116
	715	436	456	240	405	107	297	200	131	566	306	250	136	442	263	720	326	741	510	643	124	773	405	241	309	249	198	140	0	622	231
	400	191	303	392	251	692	543	819	492	74	415	373	689	242	415	278	322	272	149	351	713	162	368	856	522	870	814	486	622	0	399
	577	210	313	10	221	294	227	422	104	350	226	44	292	266	84	544	98	560	280	503	314	556	212	471	220	478	428	116	231	399	0

coordXY = Coordinates (x,y): line zero => x line one => y column => customers
 	8	343	110	286	208	203	444	109	204	324	80	254	244	187	357	150	352	171	422	41	201	385	488	2	453	43	26	177	150	387	279
	931	621	685	428	631	139	267	36	350	769	528	458	133	671	393	950	486	971	662	864	118	967	453	42	289	7	77	368	231	806	422

d_pit = Demand of item p at customer i in period t
 	34	82	81	77	77	96	18	55	92	52	13	50
	52	86	63	81	45	10	17	99	74	27	58	87
	20	53	71	44	11	60	45	28	80	27	14	55
	59	54	25	98	48	81	34	66	52	15	71	21
	60	17	23	47	95	72	96	96	25	92	24	47
	62	83	95	11	47	99	35	99	41	45	91	55
	53	62	73	15	39	24	42	49	93	56	88	33
	23	45	33	77	31	82	23	39	53	45	72	78
	78	78	26	81	41	12	64	67	13	71	86	35
	96	12	17	12	26	32	21	22	29	96	26	76
	92	31	50	98	43	87	55	36	46	39	39	55
	34	22	92	80	96	91	43	71	30	30	20	15
	33	42	83	16	45	99	87	62	68	20	39	94
	44	98	31	28	74	41	82	49	33	87	29	72
	25	52	18	14	30	82	33	99	74	40	28	85
	80	72	83	41	47	19	32	62	96	22	19	73
	85	29	28	52	13	94	30	37	95	63	37	27
	78	47	76	24	41	49	58	54	19	74	28	88
	70	98	73	50	96	12	25	97	97	13	89	32
	42	27	89	83	53	49	33	12	16	56	49	72
	20	54	88	21	79	34	34	57	60	15	47	87
	98	58	29	65	86	13	41	63	66	39	52	10
	76	29	98	74	83	99	36	64	33	79	22	93
	27	54	25	22	44	14	73	73	13	98	77	49
	60	22	14	20	87	85	96	80	54	63	33	26
	35	94	97	30	70	35	55	50	35	16	89	23
	33	11	23	65	40	56	42	48	54	78	36	29
	86	36	72	100	74	44	96	84	90	74	87	81
	62	23	99	26	36	18	57	20	18	71	57	32
	50	79	32	13	68	94	54	25	60	84	27	60

	17	42	56	55	95	30	27	41	44	44	33	38
	84	25	85	40	81	96	91	95	67	84	14	70
	21	67	64	60	83	88	39	72	82	51	79	74
	62	56	55	87	85	81	76	77	23	82	90	87
	72	69	20	58	51	42	89	51	92	38	87	94
	27	22	66	58	79	26	94	21	98	57	40	62
	45	31	96	47	76	97	22	67	35	63	39	49
	66	19	71	30	89	83	75	79	32	88	10	95
	81	26	90	36	93	24	23	76	89	12	22	84
	14	13	63	96	19	80	13	13	21	54	74	80
	10	45	22	58	89	38	56	64	31	30	76	60
	49	65	53	43	44	72	12	82	61	85	47	26
	12	99	22	33	59	62	50	48	98	14	94	27
	10	54	60	32	83	38	60	45	85	90	50	49
	39	90	100	61	23	14	63	67	68	58	45	49
	76	34	59	68	90	26	65	80	55	22	28	42
	70	14	48	79	93	65	45	33	96	69	45	12
	55	83	94	85	99	33	13	44	64	72	31	29
	32	39	31	47	43	100	86	87	74	38	76	93
	56	18	82	18	91	85	18	31	99	61	44	92
	53	82	74	78	31	90	84	44	35	36	76	41
	23	34	16	33	26	26	70	42	17	63	55	13
	19	82	43	36	76	29	48	40	21	26	65	72
	36	78	58	43	48	55	34	54	59	42	75	95
	52	99	12	10	86	94	21	24	93	45	11	35
	85	49	92	82	99	51	90	60	61	30	59	26
	16	58	13	97	50	90	45	79	28	87	28	77
	91	32	77	90	60	23	65	67	94	40	12	54
	87	88	35	25	89	69	41	61	66	100	26	19
	11	93	92	83	63	25	56	21	82	15	86	64

	69	77	25	63	15	36	54	50	28	13	14	13
	24	59	29	35	73	63	14	58	18	48	37	55
	94	67	75	37	27	60	55	61	29	78	96	15
	63	16	23	37	46	52	20	14	80	49	18	63
	74	49	63	70	94	15	90	95	58	39	79	38
	88	27	82	11	75	57	63	63	66	27	68	31
	26	46	53	30	31	19	68	15	62	71	26	37
	19	20	69	47	73	17	86	55	95	49	57	58
	59	47	44	74	51	61	51	21	34	77	85	94
	95	99	57	54	78	38	52	59	65	82	87	33
	20	30	69	36	47	87	20	78	59	37	92	48
	49	39	20	13	49	47	58	22	40	88	97	32
	55	30	70	11	42	75	94	92	44	45	95	18
	80	46	82	22	99	31	90	10	95	94	74	86
	64	80	70	12	35	78	65	74	44	64	10	25
	84	61	63	31	88	70	36	65	21	96	19	25
	72	46	31	16	77	64	71	35	40	59	59	90
	67	21	55	15	13	52	49	14	94	26	26	15
	82	14	20	32	37	27	51	75	44	41	48	83
	56	85	74	10	62	67	34	29	18	37	51	34
	27	55	63	25	36	76	42	14	58	12	96	86
	47	56	29	71	41	49	15	60	64	42	18	24
	58	62	74	96	42	24	65	42	93	24	12	67
	57	32	90	72	25	56	12	73	61	53	75	85
	39	58	78	63	20	25	23	98	91	98	65	32
	48	12	30	92	27	99	70	65	13	39	86	75
	44	98	97	75	84	32	91	99	70	12	25	19
	28	98	100	79	38	34	11	26	31	89	74	83
	58	29	57	95	87	23	91	64	51	87	90	96
	50	53	81	42	69	94	46	60	62	77	62	21

	17	78	91	93	55	80	10	33	26	60	68	17
	84	73	14	41	70	25	67	35	45	36	61	28
	29	51	60	29	40	63	86	36	15	93	20	16
	87	58	17	12	30	42	46	34	15	33	41	69
	82	49	38	44	12	67	73	72	79	66	60	88
	100	91	37	94	95	88	55	30	24	64	78	96
	25	86	85	89	60	24	25	25	12	83	18	11
	21	83	47	11	43	36	38	94	80	72	77	17
	66	23	37	88	21	37	83	75	75	80	54	26
	23	76	55	13	94	55	30	46	16	34	39	85
	19	40	97	73	26	28	32	31	98	79	84	49
	27	32	29	86	79	33	37	23	69	66	61	78
	90	43	36	15	42	70	46	86	73	17	59	92
	73	82	49	91	78	52	40	74	64	99	75	93
	67	82	87	72	40	28	75	34	62	91	80	70
	40	28	26	69	53	16	83	55	99	15	93	32
	82	28	29	43	82	98	75	22	65	72	85	13
	56	39	63	28	88	32	85	41	26	20	22	99
	47	98	37	67	16	22	22	13	54	97	44	87
	98	72	32	13	75	57	75	47	57	41	43	55
	86	75	36	23	18	54	47	96	61	83	72	15
	87	46	34	85	52	81	91	53	10	20	35	56
	77	20	83	91	88	43	59	29	26	45	94	75
	84	43	77	81	75	46	47	58	13	35	56	51
	61	98	94	78	50	45	41	16	48	55	41	71
	69	69	71	62	68	97	16	42	47	99	69	69
	33	20	50	75	15	42	64	67	99	74	87	11
	11	78	37	39	14	37	18	45	30	54	62	39
	11	99	34	23	20	43	87	82	36	76	52	23
	46	81	57	98	83	74	73	32	19	73	46	79

	26	40	96	79	21	13	71	33	18	25	47	54
	70	18	97	96	15	81	22	58	28	87	58	26
	69	43	79	28	70	46	65	78	68	48	99	67
	31	69	64	13	12	17	95	83	81	41	49	93
	62	92	73	37	97	90	44	48	64	93	58	75
	41	49	24	80	87	50	66	99	29	47	19	36
	93	15	50	59	89	36	74	55	57	64	89	44
	69	40	83	19	52	13	86	43	83	67	40	96
	35	76	20	49	23	78	23	93	68	35	43	41
	10	58	74	61	41	22	89	30	96	22	44	78
	28	60	35	33	41	40	62	81	28	64	30	87
	53	56	37	70	90	31	16	59	24	96	52	56
	70	85	83	22	87	41	39	33	63	57	84	23
	76	77	80	26	78	30	35	41	25	28	40	91
	58	42	22	92	72	80	18	84	95	53	29	78
	48	12	91	34	28	49	79	82	43	71	83	72
	27	70	35	37	22	47	21	74	26	87	85	65
	18	88	95	97	40	14	96	89	84	35	89	91
	68	82	85	62	60	48	43	10	41	35	51	91
	91	67	78	32	100	96	98	47	94	33	17	61
	85	65	36	52	69	74	33	73	95	90	66	36
	28	97	12	76	51	30	93	76	57	28	88	32
	82	29	89	27	24	98	91	76	68	67	26	97
	53	96	33	83	34	74	34	35	66	45	57	47
	23	40	69	76	77	61	41	89	42	28	70	66
	51	17	23	74	90	43	94	83	63	65	64	49
	89	45	35	84	67	60	43	75	73	29	77	36
	50	76	22	80	99	49	83	26	21	98	12	78
	44	61	11	32	19	38	100	55	43	62	78	69
	95	14	64	12	60	57	83	76	36	14	43	47

	45	48	89	41	95	97	70	34	89	53	24	39
	29	19	88	67	12	35	79	87	78	38	88	18
	18	65	79	93	67	25	78	65	70	24	65	18
	53	12	86	26	44	11	69	28	77	15	42	39
	67	87	12	96	62	24	79	24	65	39	75	29
	75	36	30	46	74	74	23	62	55	91	85	59
	85	29	13	74	97	23	65	45	40	40	76	36
	48	39	40	22	69	19	35	63	18	71	75	14
	79	23	62	26	81	42	69	56	98	97	84	18
	64	39	29	69	91	87	84	58	14	55	93	20
	52	35	94	17	32	42	49	47	29	69	75	69
	14	80	56	39	53	98	69	16	24	95	99	91
	22	56	34	70	69	51	30	21	77	73	82	47
	61	22	16	55	71	98	25	70	24	96	47	82
	43	95	68	21	48	39	98	14	61	38	83	94
	75	55	64	26	75	59	67	95	53	82	57	34
	46	10	58	50	72	19	27	95	65	14	95	12
	40	67	68	63	53	57	85	39	16	21	66	53
	42	47	97	82	91	72	79	72	73	72	99	83
	64	29	66	81	15	67	65	64	94	11	51	41
	100	20	56	16	33	93	90	94	90	68	66	39
	89	39	92	21	90	31	15	47	29	62	90	60
	58	27	70	86	78	92	61	39	66	61	28	60
	28	85	19	93	63	93	48	69	55	55	68	80
	41	48	65	23	52	63	35	13	32	58	52	19
	33	75	85	94	91	91	22	44	99	54	39	36
	80	18	23	79	19	50	84	69	79	38	29	91
	45	83	15	28	48	37	34	70	76	70	16	53
	45	92	36	76	12	95	64	66	16	29	77	54
	69	43	40	57	84	19	60	61	84	33	76	19

	29	67	17	62	35	87	56	82	83	78	61	99
	40	61	78	75	90	99	84	13	52	23	30	34
	97	35	38	27	49	95	50	10	81	20	81	64
	19	74	66	29	61	66	24	57	33	31	48	44
	35	32	41	63	13	42	18	50	51	14	23	57
	90	77	68	75	79	13	48	62	16	56	14	76
	46	88	31	87	28	80	42	44	87	83	63	33
	38	56	71	22	76	94	95	72	46	42	16	38
	86	81	83	92	58	42	85	56	42	25	85	98
	85	67	14	77	17	63	43	27	12	56	79	97
	100	73	48	26	48	68	87	91	67	68	45	44
	39	24	12	54	97	23	11	94	44	77	49	33
	82	93	58	14	49	47	36	51	10	54	87	18
	65	31	16	87	91	67	38	25	15	20	37	46
	75	17	34	75	35	83	16	28	100	21	65	64
	26	50	73	63	23	30	19	61	22	30	37	23
	87	83	80	21	73	33	14	93	80	94	23	40
	100	68	42	43	81	41	88	73	53	25	65	63
	82	31	91	58	13	38	70	94	84	73	65	43
	42	41	58	20	87	67	29	22	23	89	23	39
	73	68	48	45	63	15	67	15	89	26	45	74
	18	16	93	59	26	100	22	100	37	97	56	23
	56	64	23	52	87	93	56	89	27	40	83	41
	43	25	57	27	69	25	92	78	72	53	99	57
	45	56	32	25	34	92	88	29	58	55	24	51
	42	15	85	91	46	59	65	58	39	25	61	51
	89	25	98	84	21	80	61	11	55	46	76	43
	12	80	69	74	71	34	71	27	89	95	21	35
	23	17	54	19	71	59	25	41	12	70	67	30
	15	53	18	50	74	67	91	97	21	85	42	77

	61	44	28	98	73	33	59	24	30	53	41	60
	85	23	76	51	95	57	91	51	32	67	91	43
	35	69	46	98	99	24	41	76	96	45	56	12
	58	68	33	55	91	42	86	27	14	86	84	82
	69	24	65	41	57	54	76	61	69	46	37	19
	26	97	72	50	23	71	99	27	24	85	49	83
	70	100	16	74	38	64	53	46	47	92	48	66
	13	27	39	55	90	51	53	14	96	31	16	17
	72	53	44	28	28	25	67	23	34	25	58	25
	63	70	87	15	13	77	19	61	74	90	45	89
	31	59	22	99	13	63	19	85	40	24	64	93
	41	26	37	41	96	30	45	21	25	14	22	52
	56	15	12	11	14	99	84	62	15	30	73	52
	73	46	80	54	31	74	95	96	63	61	65	61
	11	47	88	12	41	38	62	58	79	90	99	60
	98	81	19	77	99	86	92	37	12	24	34	47
	45	62	51	57	94	44	57	15	54	54	11	94
	44	56	98	90	84	39	29	17	31	27	98	25
	36	79	21	97	50	15	85	77	43	66	65	60
	25	47	15	19	32	57	70	42	65	52	28	78
	12	16	69	44	75	83	47	97	52	82	95	17
	63	90	28	83	30	47	30	11	12	91	91	37
	29	10	67	53	93	31	20	10	70	48	55	33
	41	31	78	45	30	94	12	30	34	24	92	87
	75	77	59	58	56	52	30	21	88	24	29	56
	44	86	71	53	88	45	96	66	90	67	30	10
	59	35	27	94	81	49	27	94	80	47	76	30
	60	32	69	63	14	57	86	49	25	38	42	57
	57	16	35	16	39	55	57	15	20	34	79	14
	54	97	88	25	26	31	53	84	82	42	74	38

	93	83	22	82	78	85	71	86	77	37	15	59
	35	76	81	19	91	24	27	27	61	60	71	21
	53	39	90	98	79	61	33	78	36	98	12	98
	37	40	27	63	44	64	74	39	76	96	86	90
	23	70	82	61	18	70	74	60	33	63	71	92
	23	28	42	76	16	58	37	59	42	24	52	64
	86	31	41	34	14	10	58	52	44	10	98	11
	35	79	27	39	59	58	60	29	55	43	42	23
	13	23	34	95	76	17	66	12	30	70	72	33
	23	83	53	65	92	13	52	37	20	10	50	61
	59	33	87	99	12	38	22	12	91	54	78	43
	74	59	82	22	58	29	47	93	14	46	99	46
	46	76	96	66	13	99	28	28	58	75	52	26
	74	23	73	76	58	37	37	96	52	22	22	45
	44	89	71	69	59	29	33	23	81	94	96	48
	16	98	11	60	19	38	10	23	72	79	12	59
	51	76	66	30	72	42	84	77	74	62	88	81
	32	66	77	52	46	32	85	45	18	27	18	42
	64	58	24	60	83	13	13	38	69	90	41	67
	59	62	59	30	96	51	70	18	77	84	95	75
	42	34	28	83	42	52	28	90	85	20	46	52
	61	26	99	58	58	78	97	67	86	36	12	77
	36	64	36	51	24	79	34	67	28	16	55	13
	39	18	11	51	12	28	85	68	20	54	10	63
	32	24	15	74	50	65	96	25	31	90	15	97
	82	60	30	21	80	90	84	37	69	93	57	15
	96	94	48	30	71	32	87	33	24	29	78	86
	93	99	18	66	56	24	22	99	30	95	90	53
	48	17	99	79	61	79	85	42	58	29	38	54
	25	91	15	49	64	84	50	26	54	31	66	19

	17	63	62	80	46	26	59	75	33	38	96	79
	40	98	23	86	42	70	57	12	12	53	25	27
	94	60	77	92	25	75	85	30	52	43	65	18
	30	11	69	34	91	17	39	48	17	40	11	38
	79	99	90	14	35	36	42	97	79	75	75	54
	30	90	91	40	41	61	25	29	34	11	14	77
	43	40	31	39	87	23	82	56	100	48	20	99
	10	84	27	22	56	73	43	95	82	11	18	85
	44	35	68	29	73	23	36	27	20	55	49	69
	90	65	55	20	68	57	35	43	84	95	73	74
	17	55	35	70	87	23	19	76	34	15	93	39
	63	59	51	43	58	70	67	50	26	49	69	90
	42	30	50	89	84	39	74	46	96	68	70	29
	42	42	69	50	19	54	73	80	41	61	12	51
	58	14	19	18	31	76	71	28	81	15	58	75
	70	18	44	84	49	28	59	56	69	36	50	91
	91	27	97	71	48	20	14	89	47	70	51	25
	26	16	34	66	82	71	58	31	92	81	12	99
	24	25	28	36	26	83	24	85	53	85	82	37
	45	23	62	52	15	43	83	51	98	88	32	92
	93	71	89	77	66	58	24	22	83	10	91	73
	41	15	95	40	55	69	44	56	16	58	49	86
	34	94	22	29	14	14	51	30	12	61	19	65
	35	50	84	70	30	54	92	33	77	71	97	74
	81	12	37	58	16	18	12	12	50	70	76	76
	99	85	21	58	36	15	74	68	83	39	21	48
	62	83	65	98	57	34	38	58	94	42	16	91
	55	84	65	36	48	99	30	22	72	91	30	40
	47	62	47	68	99	61	15	29	95	89	17	84
	20	25	20	94	19	36	91	69	96	62	73	44

