***** PARAMETERS PRP *****

Number of Customers = 30
Number of Products = 10
Number of Vehicles = 5
Number of Periods = 12

B = Production capacity
	49109

b_p = Time required to produce item p
 	1	1	1	1	1	1	1	1	1	1

c_p = Production cost of item p
 	80	30	80	30	80	30	30	80	80	30

s_p = Setup cost of item p
 	800	300	800	300	800	300	300	800	800	300

M = Big number
	196434

U_pi = Maximum inventory upper bound of item p at site i
 	196434	187	203	107	204	221	111	146	204	165	236	164	180	87	273	110	127	180	157	300	277	200	123	250	168	107	109	253	295	127	226
	196434	142	158	291	194	265	215	149	232	271	241	171	160	96	84	275	319	254	107	280	175	172	148	180	219	205	199	195	204	239	200
	196434	231	152	177	315	121	106	222	283	368	136	84	79	130	179	323	206	167	101	235	179	333	187	197	129	205	191	242	242	110	247
	196434	271	295	179	249	219	74	285	240	184	244	155	180	221	176	124	204	188	235	239	333	135	278	128	113	207	205	174	138	163	101
	196434	201	190	283	217	303	160	232	149	322	160	191	173	284	119	290	130	203	279	185	82	188	200	167	109	205	183	232	159	116	234
	196434	276	253	192	162	237	202	177	221	325	108	73	302	143	258	136	170	356	234	128	91	166	116	117	255	133	137	128	131	162	123
	196434	119	228	162	166	185	237	163	91	168	253	270	136	235	97	252	159	228	164	334	229	129	177	258	121	124	353	241	263	217	231
	196434	167	244	206	256	139	171	314	118	173	107	165	195	219	202	160	189	108	110	152	114	153	147	172	127	198	117	235	127	274	295
	196434	263	111	282	139	162	174	211	170	244	140	139	106	181	258	114	252	289	158	106	146	167	282	146	274	140	247	144	177	229	222
	196434	126	120	295	122	106	146	178	254	224	148	143	92	254	158	129	104	91	97	120	111	119	158	115	289	203	149	201	195	96	215

I_pi0 = Initial inventory of item p at site i
 	0	79	26	72	153	220	62	120	170	56	41	134	57	0	108	90	66	130	76	112	223	95	122	235	38	39	36	65	46	111	174
	0	49	121	46	54	160	85	50	146	163	226	133	82	52	29	36	170	92	11	246	75	106	40	41	18	186	66	194	197	231	53
	0	69	151	101	29	47	82	189	221	296	113	26	18	94	171	233	110	93	91	139	19	89	92	112	78	151	180	31	51	96	195
	0	267	42	105	202	183	0	90	158	145	76	142	28	197	99	91	140	37	21	120	92	73	189	37	49	145	83	141	91	33	93
	0	154	152	48	193	85	103	57	65	140	81	19	145	69	72	88	82	61	201	94	18	84	141	122	92	21	154	170	154	53	74
	0	105	222	48	71	118	175	166	64	144	73	49	130	69	91	48	101	246	140	63	88	89	57	105	142	121	59	113	55	146	101
	0	48	85	130	152	175	165	86	39	152	66	142	80	70	12	243	135	48	92	253	124	92	158	104	94	86	185	113	204	104	148
	0	69	79	194	75	15	44	75	104	156	47	78	194	117	119	151	184	97	103	19	80	121	14	78	43	111	103	182	14	114	20
	0	211	27	162	137	82	164	51	163	84	68	21	39	162	35	93	24	19	78	97	54	162	124	19	83	38	128	107	157	104	69
	0	86	109	72	97	14	134	147	209	45	79	112	47	78	60	78	57	70	47	74	56	43	101	51	201	133	70	149	35	62	173

h_pi = Inventory cost of item p at site i
 	8	0	0	0	0	0	0	0	0	0	0	0	0	0	0	0	0	0	0	0	0	0	0	0	0	0	0	0	0	0	0
	3	0	0	0	0	0	0	0	0	0	0	0	0	0	0	0	0	0	0	0	0	0	0	0	0	0	0	0	0	0	0
	8	0	0	0	0	0	0	0	0	0	0	0	0	0	0	0	0	0	0	0	0	0	0	0	0	0	0	0	0	0	0
	3	0	0	0	0	0	0	0	0	0	0	0	0	0	0	0	0	0	0	0	0	0	0	0	0	0	0	0	0	0	0
	8	0	0	0	0	0	0	0	0	0	0	0	0	0	0	0	0	0	0	0	0	0	0	0	0	0	0	0	0	0	0
	3	0	0	0	0	0	0	0	0	0	0	0	0	0	0	0	0	0	0	0	0	0	0	0	0	0	0	0	0	0	0
	3	0	0	0	0	0	0	0	0	0	0	0	0	0	0	0	0	0	0	0	0	0	0	0	0	0	0	0	0	0	0
	8	0	0	0	0	0	0	0	0	0	0	0	0	0	0	0	0	0	0	0	0	0	0	0	0	0	0	0	0	0	0
	8	0	0	0	0	0	0	0	0	0	0	0	0	0	0	0	0	0	0	0	0	0	0	0	0	0	0	0	0	0	0
	3	0	0	0	0	0	0	0	0	0	0	0	0	0	0	0	0	0	0	0	0	0	0	0	0	0	0	0	0	0	0

C = Vehicle capacity
	3680

f = Fixed transportation cost
	28551

a_ik = Transportation cost for traveling from node i to node k
 	0	569	198	277	134	211	372	269	174	647	230	481	45	116	270	155	564	606	220	576	259	149	230	382	392	369	251	169	642	68	80
	569	0	455	831	473	469	209	416	403	158	798	295	525	559	345	613	167	196	754	168	697	505	518	273	443	204	448	628	105	625	516
	198	455	0	465	230	24	248	73	189	493	398	479	178	119	111	162	404	552	417	416	446	60	355	212	460	291	334	353	504	265	215
	277	831	465	0	360	472	643	537	429	921	97	682	315	354	547	348	840	833	87	852	221	408	365	659	540	627	427	225	911	212	316
	134	473	230	360	0	251	298	284	77	575	340	350	96	215	245	269	502	483	281	514	246	212	126	345	263	269	122	162	558	164	55
	211	469	24	472	251	0	263	69	213	500	401	501	195	121	124	156	410	571	427	421	462	65	376	218	484	310	357	370	514	277	234
	372	209	248	643	298	263	0	216	222	279	600	306	330	352	139	405	205	323	573	216	541	297	379	108	378	88	317	460	271	432	330
	269	416	73	537	284	69	216	0	230	436	469	484	246	189	84	223	344	535	488	356	512	131	406	154	491	278	375	420	453	337	278
	174	403	189	429	77	213	222	230	0	499	399	319	130	216	177	276	425	432	354	437	323	192	182	271	272	200	146	239	484	223	114
	647	158	493	921	575	500	279	436	499	0	873	452	606	610	388	655	93	346	851	82	813	551	642	283	591	318	574	736	67	709	608
	230	798	398	97	340	401	600	469	399	873	0	682	273	281	490	264	788	822	134	800	273	339	378	601	557	597	430	243	870	177	288
	481	295	479	682	350	501	306	484	319	452	682	0	440	533	402	593	434	171	596	439	495	501	320	414	174	220	255	457	399	511	405
	45	525	178	315	96	195	330	246	130	606	273	440	0	125	236	176	525	561	251	537	268	140	207	347	358	325	217	176	599	104	49
	116	559	119	354	215	121	352	189	216	610	281	533	125	0	223	61	521	633	316	533	374	60	331	329	475	377	335	284	616	173	174
	270	345	111	547	245	124	139	84	177	388	490	402	236	223	0	271	300	453	487	312	487	165	358	112	420	195	316	397	395	337	255
	155	613	162	348	269	156	405	223	276	655	264	593	176	61	271	0	564	692	324	576	402	108	381	372	531	434	391	317	665	196	224
	564	167	404	840	502	410	205	344	425	93	788	434	525	521	300	564	0	362	773	13	745	462	581	193	553	263	516	664	129	628	532
	606	196	552	833	483	571	323	535	432	346	822	171	561	633	453	692	362	0	749	363	659	589	479	421	344	262	410	612	283	646	536
	220	754	417	87	281	427	573	488	354	851	134	596	251	316	487	324	773	749	0	785	142	364	278	598	453	550	341	139	838	152	243
	576	168	416	852	514	421	216	356	437	82	800	439	537	533	312	576	13	363	785	0	756	474	591	205	561	272	526	675	122	640	543
	259	697	446	221	246	462	541	512	323	813	273	495	268	374	487	402	745	659	142	756	0	405	182	590	336	498	253	93	790	206	235
	149	505	60	408	212	65	297	131	192	551	339	501	140	60	165	108	462	589	364	474	405	0	336	270	461	329	326	313	559	214	184
	230	518	355	365	126	376	379	406	182	642	378	320	207	331	358	381	581	479	278	591	182	336	0	447	180	325	72	140	614	225	158
	382	273	212	659	345	218	108	154	271	283	601	414	347	329	112	372	193	421	598	205	590	270	447	0	474	195	394	503	300	449	363
	392	443	460	540	263	484	378	491	272	591	557	174	358	475	420	531	553	344	453	561	336	461	180	474	0	296	142	317	547	400	313
	369	204	291	627	269	310	88	278	200	318	597	220	325	377	195	434	263	262	550	272	498	329	325	195	296	0	257	426	292	422	313
	251	448	334	427	122	357	317	375	146	574	430	255	217	335	316	391	516	410	341	526	253	326	72	394	142	257	0	203	544	264	171
	169	628	353	225	162	370	460	420	239	736	243	457	176	284	397	317	664	612	139	675	93	313	140	503	317	426	203	0	717	125	143
	642	105	504	911	558	514	271	453	484	67	870	399	599	616	395	665	129	283	838	122	790	559	614	300	547	292	544	717	0	701	596
	68	625	265	212	164	277	432	337	223	709	177	511	104	173	337	196	628	646	152	640	206	214	225	449	400	422	264	125	701	0	112
	80	516	215	316	55	234	330	278	114	608	288	405	49	174	255	224	532	536	243	543	235	184	158	363	313	313	171	143	596	112	0

coordXY = Coordinates (x,y): line zero => x line one => y column => customers
 	171	210	38	260	262	15	143	1	226	69	169	448	183	59	72	17	44	405	294	43	409	51	386	36	491	230	371	332	135	208	231
	292	859	438	30	389	433	662	500	457	930	63	685	335	321	543	278	841	850	110	853	192	380	372	649	517	656	442	243	932	235	344

d_pit = Demand of item p at customer i in period t
 	60	19	56	73	24	88	65	43	85	48	89	99
	26	29	31	48	44	45	67	81	35	63	87	53
	11	61	73	32	39	21	65	43	32	85	93	89
	12	59	82	31	15	19	31	79	10	99	77	99
	58	80	82	40	98	96	98	76	35	76	100	43
	62	63	87	85	46	40	81	72	25	74	12	19
	51	69	66	53	75	40	42	33	83	23	31	17
	83	39	48	73	13	25	81	91	11	61	57	30
	56	45	26	82	50	10	85	26	44	80	67	88
	31	10	30	30	34	76	84	65	13	30	83	80
	71	63	11	18	95	93	30	67	93	64	28	24
	57	26	34	53	86	19	20	33	68	69	45	30
	88	40	54	19	43	84	23	47	17	40	18	47
	32	76	60	22	35	74	47	48	56	87	99	19
	48	42	94	81	31	43	33	99	71	35	43	42
	38	28	65	11	12	21	43	58	96	59	22	54
	42	25	63	63	93	56	71	86	38	79	14	91
	76	54	31	20	25	64	19	14	69	16	55	27
	93	19	74	40	19	77	93	33	14	97	68	94
	81	78	64	97	64	73	75	11	81	66	76	64
	95	58	49	41	38	56	58	23	77	18	51	35
	88	34	82	91	63	76	88	25	22	77	57	36
	96	60	21	58	70	10	36	84	59	26	16	64
	38	29	38	46	33	18	57	12	89	54	40	49
	22	17	45	86	64	98	84	57	40	92	16	18
	36	98	13	64	69	56	76	53	22	78	16	75
	46	19	88	34	87	50	90	17	54	20	90	12
	46	36	86	81	21	92	13	95	45	88	43	61
	51	60	61	25	33	33	71	38	17	20	16	84
	52	33	89	39	20	45	62	25	49	14	60	54

	49	96	52	84	16	97	89	86	34	85	68	94
	92	29	92	35	14	41	39	99	47	76	45	23
	46	87	44	38	82	71	45	41	75	56	36	78
	54	90	62	94	48	21	88	97	25	68	91	36
	20	86	54	24	83	47	93	58	27	39	50	56
	42	43	44	74	59	42	73	49	87	20	35	78
	50	43	15	39	27	51	91	58	66	27	62	67
	78	68	58	34	56	93	85	49	74	21	56	24
	74	89	25	62	69	75	36	22	45	89	32	33
	84	11	39	92	25	58	43	78	33	15	15	86
	66	14	53	39	45	92	46	36	59	82	78	74
	22	60	45	44	57	87	40	82	42	14	93	54
	52	88	40	32	32	32	74	85	32	41	47	23
	29	33	18	81	53	14	66	23	14	50	98	23
	24	12	88	51	60	78	39	25	66	61	76	80
	100	70	94	36	19	19	33	99	98	88	30	79
	92	88	80	24	64	79	54	64	88	66	26	38
	11	26	80	68	62	20	20	88	77	85	45	62
	70	86	90	76	48	76	46	37	31	33	24	55
	75	35	22	81	82	67	73	35	66	79	24	62
	79	27	89	95	53	77	35	40	28	19	49	98
	40	36	83	34	27	63	89	22	56	23	82	35
	41	27	61	70	48	38	25	17	21	86	30	75
	18	60	96	78	96	60	55	25	10	94	17	47
	48	59	79	25	12	31	30	10	13	41	51	94
	66	11	89	43	31	22	38	78	78	55	71	16
	77	40	63	14	88	78	48	69	40	28	24	17
	24	73	52	48	69	96	69	77	91	87	54	74
	84	82	65	41	52	18	74	37	73	66	89	35
	53	60	98	70	22	52	86	31	99	78	59	92

	69	98	50	33	94	32	34	67	48	39	67	63
	97	54	62	38	33	52	23	43	64	14	53	73
	25	76	55	61	28	75	48	40	80	85	69	67
	29	85	87	42	39	27	80	78	83	35	73	99
	47	90	98	88	73	40	17	64	56	75	15	63
	82	43	23	10	95	29	57	87	16	68	75	52
	85	49	55	89	75	36	22	84	36	27	36	73
	60	76	56	29	80	72	62	61	22	46	38	77
	45	94	79	78	97	53	93	93	69	43	74	64
	29	84	71	62	87	58	95	91	31	69	49	88
	26	80	33	14	19	41	76	38	15	30	96	37
	18	52	22	24	63	68	51	35	51	20	23	45
	94	85	87	55	27	94	15	31	89	73	73	57
	69	57	45	10	31	25	17	20	17	97	85	63
	61	54	79	39	41	91	96	96	54	78	15	70
	78	32	13	45	62	65	48	53	55	44	63	59
	49	44	45	33	18	72	87	37	77	32	89	83
	91	55	95	15	23	19	34	24	78	91	59	23
	36	30	73	58	20	17	49	30	60	99	53	38
	19	13	19	95	12	23	63	39	86	85	45	39
	89	44	62	92	52	81	74	63	52	33	58	100
	92	30	52	33	31	86	70	67	52	75	60	98
	74	38	92	13	51	98	41	31	24	67	46	16
	78	71	29	90	35	18	94	57	85	98	67	49
	55	96	59	88	72	68	58	19	57	14	10	18
	75	78	27	41	17	60	76	10	56	66	20	48
	31	62	53	22	98	40	53	99	72	33	85	79
	51	99	24	94	74	41	37	25	67	74	52	87
	96	79	59	86	38	81	13	14	99	35	16	45
	67	70	58	77	57	52	53	30	97	65	22	94

	62	69	94	42	83	32	91	36	14	49	61	18
	42	43	55	70	46	83	97	94	55	59	14	50
	59	46	97	59	51	66	75	70	23	94	43	34
	46	21	75	60	63	18	30	53	65	89	63	15
	88	56	16	23	23	80	90	52	78	42	97	11
	98	37	11	26	17	88	37	38	19	12	33	27
	14	76	88	31	32	63	78	97	93	38	50	25
	82	76	79	66	53	87	21	65	52	23	44	71
	97	48	88	46	66	64	72	84	68	24	29	49
	34	42	100	42	14	92	19	18	33	85	66	40
	55	63	24	22	13	36	35	62	73	66	96	73
	28	60	23	11	18	56	16	67	56	53	29	15
	73	24	100	52	25	50	42	99	53	67	29	50
	54	17	28	59	26	60	94	80	55	22	11	23
	67	24	39	88	78	16	84	56	77	72	43	97
	54	86	73	64	60	91	53	98	25	97	96	18
	37	68	57	97	74	78	52	82	36	75	23	74
	21	51	66	91	92	85	31	51	31	63	54	69
	33	87	95	64	95	64	22	21	23	23	96	93
	92	97	38	25	45	55	49	79	82	96	95	47
	73	78	21	21	51	10	12	31	68	51	65	59
	58	31	89	11	46	99	44	54	70	65	13	87
	37	95	60	35	94	89	11	85	48	87	29	98
	49	14	81	52	69	46	74	82	14	33	90	72
	16	73	56	82	88	32	19	87	53	61	37	17
	83	74	57	44	60	47	54	66	30	39	45	15
	84	57	44	62	80	24	67	22	52	80	57	68
	91	86	57	85	74	99	18	76	31	70	65	77
	33	53	42	25	39	44	72	31	16	60	53	22
	33	60	88	17	41	21	31	12	91	73	72	67

	65	35	54	93	33	46	88	46	34	10	45	53
	75	37	40	89	93	17	69	80	55	66	47	92
	48	87	52	13	52	64	43	99	50	61	86	25
	14	99	80	28	93	35	41	69	15	51	40	87
	85	73	75	27	67	70	16	90	10	39	78	96
	51	35	17	61	14	84	38	71	18	26	39	26
	57	60	52	77	26	62	18	73	89	58	31	93
	65	98	96	64	10	44	27	64	17	16	65	31
	27	98	15	61	63	89	88	66	88	92	11	75
	81	18	56	52	65	92	39	30	37	12	95	64
	19	91	65	91	39	83	88	56	100	32	73	28
	23	90	32	45	21	49	100	74	55	63	52	86
	29	40	81	12	79	74	50	48	27	60	100	81
	52	20	90	44	81	75	16	94	70	92	25	52
	88	68	34	50	12	77	56	64	88	71	52	35
	82	15	45	76	20	84	21	33	13	70	26	33
	13	26	22	95	59	79	84	80	48	14	78	12
	71	31	78	21	46	69	79	54	77	16	49	78
	62	32	50	75	83	11	35	33	68	26	29	51
	18	89	79	38	50	20	11	86	18	23	19	42
	28	56	61	49	57	82	60	10	44	10	37	69
	34	47	60	72	53	48	55	21	22	14	14	41
	75	47	97	89	29	54	68	95	36	11	33	35
	92	79	73	29	85	66	33	42	22	14	34	85
	21	35	74	71	14	46	58	17	33	96	11	17
	56	98	45	60	81	65	22	85	21	58	86	55
	52	15	81	22	33	50	87	94	87	69	18	88
	84	70	64	50	67	91	27	24	55	21	22	60
	53	96	95	17	60	63	28	89	13	89	28	64
	74	25	60	51	98	19	63	65	60	67	95	25

	57	48	85	58	48	55	74	89	80	60	77	96
	91	53	78	85	65	88	77	36	26	73	25	61
	32	16	46	46	15	92	77	14	61	86	30	62
	33	38	45	22	80	77	99	47	41	20	97	47
	23	81	14	56	56	71	18	94	76	63	63	96
	85	90	12	64	47	17	76	15	96	29	62	13
	74	92	88	72	30	49	84	35	18	40	77	48
	64	34	73	72	75	13	20	25	27	13	32	82
	16	29	11	88	92	38	77	96	60	95	93	86
	73	35	10	31	45	52	47	48	57	87	88	75
	19	30	14	28	75	37	32	27	51	51	62	14
	72	58	63	92	93	93	86	59	93	50	54	92
	69	93	72	74	86	12	77	24	78	77	98	99
	91	95	35	29	32	33	61	93	11	21	56	62
	28	20	65	20	31	21	27	71	68	97	74	23
	33	68	90	18	46	61	85	83	18	53	51	74
	95	73	78	69	100	51	35	78	94	22	78	81
	77	49	14	86	94	47	76	42	48	43	56	70
	63	88	75	32	64	90	40	85	28	24	87	94
	67	21	95	95	52	51	16	35	21	44	28	20
	89	93	15	16	17	34	16	32	95	16	32	42
	31	26	80	11	45	28	13	94	56	25	17	36
	87	18	40	61	70	90	58	35	84	56	24	76
	46	81	15	98	72	31	93	13	85	15	19	44
	47	74	73	62	83	75	22	65	95	57	52	92
	59	28	46	24	57	35	20	41	67	93	19	57
	49	64	92	74	36	94	51	30	84	37	58	97
	55	77	28	90	85	97	88	23	45	54	66	78
	91	55	35	61	90	65	31	14	22	51	98	34
	70	31	47	92	20	96	76	23	90	16	90	85

	48	80	97	30	15	75	78	79	92	87	19	15
	36	49	49	56	47	27	74	26	67	77	88	89
	37	93	63	13	34	79	59	78	46	28	20	98
	72	80	59	31	86	95	45	16	40	60	57	24
	12	65	98	92	23	56	22	99	79	88	30	74
	98	67	71	79	37	39	67	28	12	83	77	53
	70	16	66	40	54	88	20	32	67	64	69	67
	39	73	40	17	36	31	70	83	61	13	66	14
	94	30	28	91	89	86	11	38	84	34	68	19
	14	52	11	19	86	89	62	18	68	93	14	81
	47	95	16	37	41	94	56	64	11	58	45	85
	11	69	33	52	20	60	63	60	28	33	73	40
	51	19	82	76	47	69	19	68	11	34	36	51
	12	26	49	13	13	13	59	37	21	91	16	39
	93	53	97	41	53	95	31	41	95	28	98	30
	39	15	81	40	19	95	67	13	82	20	88	77
	48	74	88	28	28	51	55	81	70	87	22	53
	36	26	30	20	36	100	26	11	53	90	26	37
	94	67	92	83	56	39	45	34	92	90	76	33
	97	13	14	59	55	83	92	47	79	100	24	23
	92	97	80	34	54	80	78	62	37	55	73	34
	24	73	61	94	29	77	40	68	81	16	91	53
	34	13	57	45	94	54	10	83	99	43	72	15
	94	75	37	82	21	23	86	61	63	77	29	76
	86	99	51	71	66	82	52	40	71	40	71	15
	12	74	99	79	95	64	88	79	11	84	99	64
	34	79	39	80	60	24	76	50	40	81	66	95
	45	70	14	75	80	43	15	37	16	91	68	77
	30	74	98	74	52	33	81	18	69	54	25	43
	88	60	88	12	59	16	46	56	52	91	92	34

	69	71	91	39	82	90	25	61	38	38	46	19
	79	57	17	77	57	18	83	92	95	64	66	28
	43	87	10	54	53	46	57	14	44	99	97	14
	75	76	91	45	96	61	46	24	53	94	56	51
	15	87	64	13	53	36	48	49	62	19	23	85
	44	86	99	38	27	69	67	69	53	74	29	29
	75	69	67	61	99	44	20	84	27	72	61	74
	52	52	64	96	96	59	19	43	75	14	90	47
	98	58	40	54	53	51	60	65	78	29	87	20
	47	33	75	75	70	64	52	70	47	69	11	28
	78	98	18	15	28	62	26	99	96	91	29	20
	74	47	73	81	79	34	88	63	76	81	58	26
	48	34	13	22	84	20	11	50	29	69	83	62
	51	68	58	49	66	83	100	69	89	51	44	81
	37	35	79	98	32	49	12	42	17	96	59	83
	96	19	69	66	61	17	40	16	20	26	79	58
	97	61	26	51	77	92	16	11	34	53	43	87
	31	72	16	93	85	72	61	21	78	56	19	58
	19	88	26	26	16	29	66	53	92	53	49	89
	80	66	11	98	73	51	95	12	86	11	33	67
	56	65	100	68	20	59	36	25	62	11	67	44
	14	53	78	12	11	93	29	47	94	52	64	39
	78	98	28	51	38	24	66	17	90	67	43	87
	43	91	91	45	87	42	42	50	44	39	98	90
	45	66	73	100	84	100	88	15	97	18	54	52
	43	60	45	85	33	45	37	20	99	98	59	76
	83	31	32	36	18	78	79	59	99	20	96	73
	14	43	40	17	83	51	32	18	86	23	29	73
	35	35	44	85	64	51	25	66	48	55	51	99
	20	86	100	16	96	57	38	52	82	55	14	91

	45	91	75	76	73	37	50	41	13	95	19	15
	27	22	77	72	28	72	87	14	91	40	94	44
	44	70	12	36	77	59	91	74	56	37	98	23
	17	19	85	16	44	91	28	16	65	92	32	51
	82	56	54	96	29	57	58	70	33	30	26	57
	18	57	30	59	93	65	16	57	86	81	44	88
	51	45	24	48	35	24	79	22	94	56	56	99
	20	38	85	20	67	37	86	55	96	33	56	88
	84	30	56	94	21	63	47	83	66	61	98	28
	25	31	12	87	54	19	32	27	39	70	85	80
	21	29	54	44	11	63	62	36	67	61	99	10
	39	61	12	58	46	92	31	46	18	35	97	98
	93	69	55	75	74	24	43	86	60	53	63	28
	35	77	82	62	11	91	44	82	34	11	70	19
	93	83	40	75	18	36	82	77	91	20	30	41
	24	85	50	12	97	19	63	38	36	15	73	92
	19	51	88	99	65	82	99	16	46	57	13	58
	31	47	17	22	26	58	34	33	56	45	71	35
	78	19	13	92	46	88	78	46	15	72	56	35
	54	31	13	81	15	32	32	18	63	53	29	16
	76	28	58	17	95	50	18	77	25	34	97	92
	49	75	53	83	81	93	91	15	54	95	58	98
	19	65	14	97	50	86	20	71	27	74	37	25
	52	31	15	95	99	25	60	12	55	81	69	64
	11	27	22	35	80	30	62	59	20	31	97	87
	80	48	22	13	47	55	82	25	78	50	65	27
	54	53	17	21	22	56	11	23	53	33	15	74
	56	47	54	69	64	71	55	55	11	94	34	98
	47	57	17	79	25	37	88	38	67	48	96	89
	69	63	92	34	55	11	70	30	61	76	92	14

	86	60	94	91	98	61	61	32	53	31	15	76
	11	98	85	63	56	65	36	56	74	20	57	99
	72	11	92	61	44	29	28	62	94	96	35	85
	25	72	87	88	61	80	93	30	25	27	46	96
	14	11	46	10	31	98	13	56	11	40	65	27
	24	96	14	19	21	16	70	56	26	93	64	83
	98	49	71	39	83	14	58	46	98	32	82	42
	52	66	35	56	13	70	68	52	38	66	43	51
	45	17	81	68	54	52	26	84	24	42	98	80
	53	26	85	75	10	21	39	30	41	92	54	64
	46	66	53	18	20	25	44	87	37	40	73	63
	47	66	31	61	91	57	32	20	43	21	33	47
	34	44	57	82	19	35	50	20	70	40	86	72
	60	85	11	44	11	74	88	85	40	66	50	16
	78	93	12	85	89	91	21	90	16	73	40	85
	25	32	69	20	33	34	73	83	67	44	56	88
	70	37	49	78	28	68	43	29	63	13	56	14
	47	89	39	92	79	11	98	14	26	11	14	64
	74	41	53	14	71	64	41	96	94	33	77	63
	31	25	73	80	58	58	51	24	45	95	89	36
	12	11	20	74	49	48	72	19	35	30	58	46
	13	12	33	43	84	98	20	63	94	52	69	49
	19	32	31	99	64	80	68	85	33	90	32	55
	50	24	88	39	63	95	83	15	13	94	73	56
	81	52	88	64	36	50	71	29	61	41	25	11
	70	60	40	57	37	46	41	61	82	20	49	32
	77	72	93	26	18	62	49	38	16	12	68	73
	35	71	47	18	68	84	24	92	93	78	74	95
	44	18	83	93	36	20	39	39	55	95	33	22
	25	72	46	30	27	19	89	29	62	75	81	89

