***** PARAMETERS PRP *****

Number of Customers = 30
Number of Products = 10
Number of Vehicles = 5
Number of Periods = 12

B = Production capacity
	49137

b_p = Time required to produce item p
 	1	1	1	1	1	1	1	1	1	1

c_p = Production cost of item p
 	80	80	30	30	30	30	80	30	30	30

s_p = Setup cost of item p
 	800	800	300	300	300	300	800	300	300	300

M = Big number
	196547

U_pi = Maximum inventory upper bound of item p at site i
 	196547	155	74	235	214	170	101	201	165	242	244	312	127	144	105	148	333	129	289	312	353	259	208	76	319	223	106	110	117	338	143
	196547	87	300	212	161	336	161	198	216	344	277	104	109	90	153	238	253	249	222	300	245	143	179	221	262	112	173	159	351	108	126
	196547	96	177	130	177	208	102	95	100	289	252	188	154	202	227	230	179	149	97	82	138	192	211	230	319	291	264	212	115	122	104
	196547	175	124	246	228	153	177	110	148	122	110	306	119	230	183	163	310	123	323	196	195	116	242	280	148	218	169	278	202	112	316
	196547	319	190	161	193	113	225	162	172	228	125	87	235	238	239	245	122	280	207	194	174	294	196	209	161	271	108	134	103	311	254
	196547	277	244	96	123	352	190	193	241	304	125	105	238	216	127	212	112	111	204	172	309	168	179	136	294	290	225	205	214	249	241
	196547	163	85	257	229	206	243	128	205	76	90	178	252	160	241	171	188	159	127	184	250	246	180	187	171	102	186	290	97	118	297
	196547	229	314	198	168	116	203	191	165	300	109	115	176	250	337	168	94	109	106	172	114	137	126	293	184	253	170	94	236	113	110
	196547	240	255	196	174	110	205	195	199	187	260	229	255	83	98	113	108	166	187	234	278	189	156	213	105	283	189	221	125	322	290
	196547	201	116	188	87	244	265	206	171	136	318	74	210	155	277	244	140	289	165	114	350	198	219	174	168	206	174	160	246	121	233

I_pi0 = Initial inventory of item p at site i
 	0	106	33	152	46	83	73	188	144	229	72	100	118	57	29	146	87	75	11	50	224	18	150	15	33	48	46	64	92	236	62
	0	18	96	151	126	284	14	173	170	204	189	74	87	24	47	77	91	124	187	187	235	61	98	26	89	97	92	129	262	102	37
	0	92	155	99	171	171	73	68	21	166	188	138	55	138	16	189	36	127	62	36	74	142	195	166	182	246	235	33	69	119	57
	0	95	109	118	178	34	30	81	59	96	40	117	90	118	84	18	251	115	92	148	168	87	160	165	49	159	164	240	33	80	99
	0	231	181	90	67	22	212	147	73	156	100	10	133	184	50	128	99	170	59	113	144	186	38	159	65	81	98	95	50	149	170
	0	192	203	91	86	82	158	117	178	171	104	90	53	70	124	33	62	84	154	97	34	131	39	121	70	201	69	85	172	205	205
	0	105	15	230	193	180	66	94	153	43	19	57	84	149	187	151	163	90	85	11	88	182	173	160	136	82	69	153	90	73	196
	0	95	61	120	120	88	29	96	142	105	100	76	165	96	81	31	15	109	76	66	113	80	95	252	147	31	99	92	92	89	32
	0	116	152	60	174	32	186	126	47	85	74	122	79	52	32	48	102	99	163	150	196	97	45	171	103	15	166	94	73	66	147
	0	170	72	81	49	118	219	75	137	93	271	65	74	49	234	205	117	179	137	49	65	57	127	92	135	198	139	31	157	91	36

h_pi = Inventory cost of item p at site i
 	8	0	0	0	0	0	0	0	0	0	0	0	0	0	0	0	0	0	0	0	0	0	0	0	0	0	0	0	0	0	0
	8	0	0	0	0	0	0	0	0	0	0	0	0	0	0	0	0	0	0	0	0	0	0	0	0	0	0	0	0	0	0
	3	0	0	0	0	0	0	0	0	0	0	0	0	0	0	0	0	0	0	0	0	0	0	0	0	0	0	0	0	0	0
	3	0	0	0	0	0	0	0	0	0	0	0	0	0	0	0	0	0	0	0	0	0	0	0	0	0	0	0	0	0	0
	3	0	0	0	0	0	0	0	0	0	0	0	0	0	0	0	0	0	0	0	0	0	0	0	0	0	0	0	0	0	0
	3	0	0	0	0	0	0	0	0	0	0	0	0	0	0	0	0	0	0	0	0	0	0	0	0	0	0	0	0	0	0
	8	0	0	0	0	0	0	0	0	0	0	0	0	0	0	0	0	0	0	0	0	0	0	0	0	0	0	0	0	0	0
	3	0	0	0	0	0	0	0	0	0	0	0	0	0	0	0	0	0	0	0	0	0	0	0	0	0	0	0	0	0	0
	3	0	0	0	0	0	0	0	0	0	0	0	0	0	0	0	0	0	0	0	0	0	0	0	0	0	0	0	0	0	0
	3	0	0	0	0	0	0	0	0	0	0	0	0	0	0	0	0	0	0	0	0	0	0	0	0	0	0	0	0	0	0

C = Vehicle capacity
	3530

f = Fixed transportation cost
	30101

a_ik = Transportation cost for traveling from node i to node k
 	0	393	448	426	132	397	374	143	372	458	214	274	632	400	253	466	203	414	491	71	496	297	546	378	485	633	560	435	299	273	277
	393	0	125	181	268	573	319	464	514	744	184	665	957	757	372	756	429	241	207	327	879	139	879	204	808	971	923	820	453	411	609
	448	125	0	78	339	530	248	483	468	724	265	718	945	768	348	737	424	147	83	390	906	151	874	129	800	966	933	848	420	383	616
	426	181	78	0	334	460	173	439	397	660	272	690	882	716	287	673	371	70	66	377	860	139	814	61	739	905	879	804	355	319	564
	132	268	339	334	0	453	336	243	412	559	84	399	750	525	264	569	259	342	396	62	628	197	665	299	600	754	688	567	336	298	391
	397	573	530	460	453	0	290	266	63	220	484	495	442	353	206	234	198	397	509	427	518	435	389	403	317	474	484	480	124	166	243
	374	319	248	173	336	290	0	332	227	498	313	604	722	578	152	512	244	107	219	353	732	200	659	122	584	748	734	681	197	171	429
	143	464	483	439	243	266	332	0	253	319	308	274	508	294	183	328	96	405	504	195	423	339	424	382	358	515	460	366	191	182	150
	372	514	468	397	412	63	227	253	0	278	435	504	501	393	154	292	170	334	446	393	557	377	445	340	371	531	533	515	76	115	266
	458	744	724	660	559	220	498	319	278	0	615	421	225	186	378	15	317	602	715	514	337	606	170	600	101	254	274	318	306	342	188
	214	184	265	272	84	484	313	308	435	615	0	483	815	598	282	626	303	293	329	145	707	136	732	248	664	823	762	647	361	320	458
	274	665	718	690	399	495	604	274	504	421	483	0	501	263	456	420	369	667	756	339	269	568	415	637	387	480	373	213	457	454	260
	632	957	945	882	750	442	722	508	501	225	815	501	0	246	598	211	529	826	938	697	288	822	89	823	151	52	163	311	529	564	359
	400	757	768	716	525	353	578	294	393	186	598	263	246	0	432	180	346	671	778	468	166	629	157	656	126	236	166	134	385	408	153
	253	372	348	287	264	206	152	183	154	378	282	456	598	432	0	391	93	239	348	256	583	233	527	227	453	619	593	530	83	41	281
	466	756	737	673	569	234	512	328	292	15	626	420	211	180	391	0	329	616	728	522	328	618	157	613	88	240	262	310	319	355	194
	203	429	424	371	259	198	244	96	170	317	303	369	529	346	93	329	0	328	433	230	493	293	453	311	380	545	509	439	100	86	194
	414	241	147	70	342	397	107	405	334	602	293	667	826	671	239	616	328	0	113	375	820	159	760	46	685	851	831	766	298	267	520
	491	207	83	66	396	509	219	504	446	715	329	756	938	778	348	728	433	113	0	441	924	200	872	123	797	963	940	868	410	377	627
	71	327	390	377	62	427	353	195	393	514	145	339	697	468	256	522	230	375	441	0	567	243	611	336	548	699	629	506	317	284	339
	496	879	906	860	628	518	732	423	557	337	707	269	288	166	583	328	493	820	924	567	0	761	226	801	249	250	128	61	545	563	304
	297	139	151	139	197	435	200	339	377	606	136	568	822	629	233	618	293	159	200	243	761	0	745	114	673	837	795	702	314	272	479
	546	879	874	814	665	389	659	424	445	170	732	415	89	157	527	157	453	760	872	611	226	745	0	754	76	93	120	237	463	495	275
	378	204	129	61	299	403	122	382	340	600	248	637	823	656	227	613	311	46	123	336	801	114	754	0	679	845	819	746	295	259	504
	485	808	800	739	600	317	584	358	371	101	664	387	151	126	453	88	380	685	797	548	249	673	76	679	0	167	174	241	388	420	210
	633	971	966	905	754	474	748	515	531	254	823	480	52	236	619	240	545	851	963	699	250	837	93	845	167	0	122	281	553	586	366
	560	923	933	879	688	484	734	460	533	274	762	373	163	166	593	262	509	831	940	629	128	795	120	819	174	122	0	165	539	565	317
	435	820	848	804	567	480	681	366	515	318	647	213	311	134	530	310	439	766	868	506	61	702	237	746	241	281	165	0	497	512	255
	299	453	420	355	336	124	197	191	76	306	361	457	529	385	83	319	100	298	410	317	545	314	463	295	388	553	539	497	0	43	242
	273	411	383	319	298	166	171	182	115	342	320	454	564	408	41	355	86	267	377	284	563	272	495	259	420	586	565	512	43	0	260
	277	609	616	564	391	243	429	150	266	188	458	260	359	153	281	194	194	520	627	339	304	479	275	504	210	366	317	255	242	260	0

coordXY = Coordinates (x,y): line zero => x line one => y column => customers
 	435	396	274	217	454	43	130	308	64	72	442	492	50	243	195	73	233	168	192	450	337	321	116	212	119	92	212	352	137	167	242
	557	948	974	922	687	497	773	493	556	279	770	290	56	207	636	265	552	873	983	626	71	831	115	862	190	26	44	130	577	607	359

d_pit = Demand of item p at customer i in period t
 	47	59	62	71	39	17	36	85	19	83	83	17
	33	57	21	42	34	25	24	27	48	53	71	11
	10	26	41	75	90	44	35	66	41	24	86	26
	46	88	53	13	76	54	45	50	21	33	87	75
	19	64	16	19	57	26	60	21	74	46	82	27
	26	12	35	55	47	72	61	65	61	21	75	77
	93	95	18	39	44	82	60	44	25	29	52	23
	75	69	45	63	94	30	17	76	33	85	43	30
	34	97	98	21	44	99	51	89	50	24	35	85
	72	32	48	73	47	58	39	47	51	59	11	48
	100	85	86	12	94	89	12	77	37	86	27	43
	64	54	29	20	25	99	40	12	77	12	16	59
	57	28	48	20	91	24	16	12	94	25	87	72
	29	33	13	58	91	22	38	54	58	99	42	95
	57	89	22	76	90	18	62	14	66	59	12	27
	87	57	46	74	53	48	97	84	57	88	19	90
	75	86	77	55	55	78	17	80	24	89	65	73
	11	42	83	63	42	44	88	37	89	64	66	65
	50	65	52	68	26	59	88	62	49	69	88	73
	72	83	69	48	93	97	78	91	62	41	98	14
	18	21	43	90	81	82	12	69	33	57	59	57
	24	35	15	76	55	62	79	62	25	19	93	80
	15	57	72	23	13	23	46	40	53	22	17	72
	33	71	73	94	85	85	21	25	13	79	89	97
	48	94	45	76	29	83	15	79	67	20	20	93
	46	61	67	22	24	34	49	38	77	95	91	32
	64	55	86	22	33	37	81	80	13	62	89	35
	82	10	60	58	34	55	95	56	25	63	76	90
	86	78	72	26	75	75	71	94	86	48	43	57
	62	74	42	23	27	42	25	34	49	52	52	89

	18	95	30	40	39	12	86	18	58	29	22	75
	11	11	74	94	37	40	92	97	87	77	53	47
	70	81	80	61	28	85	93	97	89	72	34	58
	79	47	97	77	12	14	62	77	55	48	54	22
	95	94	11	84	95	63	82	52	33	13	98	86
	14	98	86	32	62	78	18	85	92	36	17	25
	74	99	16	18	16	29	68	86	20	38	57	74
	100	70	48	14	26	21	15	89	36	62	98	69
	99	95	10	69	58	54	44	96	59	97	82	62
	75	52	62	77	79	61	98	26	94	74	84	48
	74	45	98	14	54	99	21	18	70	21	63	47
	87	94	92	34	42	23	50	24	14	66	43	87
	24	74	12	72	23	13	12	34	18	26	26	27
	47	47	65	14	28	76	81	26	95	55	37	39
	39	38	53	36	85	27	84	89	58	82	35	87
	56	20	15	78	67	85	69	64	45	27	19	62
	62	62	43	53	36	28	90	21	78	46	10	68
	17	78	92	82	40	44	36	93	64	42	67	10
	22	88	40	37	84	51	58	57	96	82	56	50
	69	67	99	55	19	43	71	10	13	30	43	68
	47	14	88	50	25	28	16	67	56	49	68	64
	98	99	46	91	64	31	79	17	30	65	53	43
	26	34	93	46	77	36	60	65	73	50	64	39
	89	43	53	72	69	16	44	89	15	41	30	68
	12	85	27	97	91	24	63	27	80	61	45	61
	66	26	64	39	96	40	63	100	37	50	31	79
	67	62	76	65	49	26	38	55	56	56	76	10
	98	68	96	81	38	77	72	60	51	70	78	53
	92	10	60	90	22	71	63	46	10	38	74	71
	37	93	80	33	82	20	92	63	93	27	97	37

	92	21	42	70	52	35	13	61	57	94	13	27
	72	12	71	68	55	63	72	87	42	63	77	25
	99	74	74	95	59	46	37	50	67	95	14	68
	88	83	16	11	65	71	99	81	63	49	70	12
	93	47	31	69	91	93	88	69	82	22	74	71
	40	33	74	14	13	73	12	12	44	12	29	53
	68	12	55	55	84	51	27	64	32	48	30	41
	21	77	18	31	99	75	58	72	14	34	20	81
	88	78	88	85	35	74	98	45	84	43	88	60
	91	97	13	47	11	21	25	27	69	61	66	76
	14	41	52	31	61	97	93	27	23	20	50	56
	55	87	64	84	50	42	86	38	44	35	17	14
	100	38	86	14	40	54	27	75	25	70	44	33
	16	59	58	90	42	57	20	12	17	24	93	56
	45	85	27	32	63	49	53	59	16	83	16	23
	36	34	57	26	49	74	87	13	34	77	30	21
	12	89	26	40	80	81	57	28	15	93	50	23
	62	74	21	59	40	47	84	17	27	73	24	54
	36	60	65	11	22	20	21	57	50	72	69	11
	16	40	18	25	42	49	94	64	48	56	32	69
	58	18	66	21	85	32	42	62	28	50	26	88
	72	43	64	16	74	99	26	26	34	17	14	21
	14	60	16	76	65	37	51	16	69	52	15	80
	92	90	44	46	66	96	78	91	19	19	80	45
	97	47	33	69	96	54	46	27	43	73	89	25
	87	11	86	51	89	55	69	59	16	32	13	65
	33	64	44	66	19	74	42	30	91	55	76	43
	69	92	91	33	80	69	80	32	13	60	54	17
	67	52	98	96	24	93	42	54	44	63	40	60
	57	60	69	29	60	37	51	13	75	66	43	61

	19	12	64	56	48	63	15	27	14	24	96	88
	87	22	65	25	70	82	85	50	28	44	96	91
	37	28	40	13	60	11	42	57	84	83	88	47
	27	68	83	71	59	38	54	98	45	62	64	15
	16	18	86	52	18	13	14	96	20	10	51	65
	10	20	11	73	69	41	40	37	22	40	78	91
	81	43	32	70	66	61	19	59	13	82	40	94
	59	41	11	74	18	34	67	32	11	38	26	34
	46	50	76	69	66	11	18	86	79	48	83	97
	40	39	66	93	95	60	64	19	13	40	39	91
	28	89	15	42	60	43	82	52	98	79	88	59
	90	53	88	55	25	43	12	89	77	70	47	64
	86	32	97	34	92	66	20	72	38	93	36	25
	84	66	55	50	80	55	83	39	50	18	97	54
	18	51	54	93	41	88	75	56	44	37	71	22
	59	21	81	90	50	73	56	94	65	55	55	45
	31	30	54	70	88	12	32	96	88	92	57	90
	92	72	35	87	98	32	12	44	74	94	80	54
	35	19	94	34	11	34	74	77	67	16	51	77
	79	89	100	72	30	96	26	92	84	88	12	12
	39	48	83	59	23	61	69	48	93	30	57	87
	39	99	22	86	31	21	88	75	99	47	65	54
	69	96	64	76	62	66	22	77	14	16	92	18
	49	39	43	57	96	19	11	45	27	81	49	75
	57	15	87	53	22	69	57	83	20	95	67	30
	67	64	33	64	68	58	36	81	20	12	89	84
	65	93	15	67	20	39	87	25	86	14	96	59
	33	26	47	68	82	37	67	28	44	92	11	70
	80	83	14	35	11	88	94	16	45	31	77	97
	99	57	40	13	30	88	96	46	88	68	64	69

	45	70	64	52	54	60	77	53	63	41	90	96
	90	71	20	48	77	65	37	93	23	66	87	84
	47	43	91	88	25	66	80	57	46	32	51	16
	53	14	55	29	56	11	79	14	33	36	27	57
	22	52	12	27	49	40	19	56	29	11	41	92
	56	65	91	67	81	26	73	85	46	26	37	23
	23	46	78	94	55	31	65	71	34	19	59	73
	73	44	37	63	19	91	95	57	25	46	45	91
	91	36	29	26	13	35	64	38	56	41	32	85
	32	68	45	52	66	20	36	19	47	29	41	45
	10	82	26	15	34	61	63	94	58	14	42	22
	12	50	17	54	53	71	37	60	94	55	19	43
	28	89	22	45	63	13	27	69	45	64	44	62
	13	37	47	46	46	76	38	67	61	33	67	43
	50	34	44	69	74	97	30	90	61	52	51	83
	99	98	51	45	63	97	14	72	38	48	36	68
	74	96	71	15	19	61	62	98	40	33	24	78
	59	21	74	74	17	73	37	14	58	71	37	86
	45	26	42	52	33	79	43	65	21	40	38	97
	47	70	27	47	77	67	76	25	56	90	79	36
	47	53	86	66	93	92	61	93	86	42	94	69
	38	66	95	94	80	50	46	32	88	66	49	79
	49	98	12	75	55	27	92	58	39	41	22	58
	65	71	18	73	41	80	89	28	52	68	19	39
	81	12	85	34	14	91	99	37	11	51	46	89
	98	44	39	89	72	43	12	28	97	44	47	32
	95	62	17	92	76	84	75	28	85	52	78	57
	50	31	49	92	89	20	64	16	24	92	41	51
	73	26	50	64	69	42	62	74	95	65	72	54
	87	83	65	63	14	54	51	41	63	75	83	84

	51	48	93	36	39	38	43	72	51	39	81	74
	41	62	35	65	75	66	94	73	38	56	96	31
	23	21	47	99	34	29	40	54	62	10	58	98
	51	35	82	100	70	87	74	22	65	69	33	49
	82	68	22	90	59	84	10	97	86	89	68	90
	21	92	45	88	34	70	29	15	17	26	51	82
	72	23	11	11	21	19	90	47	23	63	10	73
	49	76	11	42	53	34	41	29	50	30	84	80
	67	74	30	42	42	71	17	80	83	99	95	30
	11	79	14	66	82	30	22	11	13	63	46	63
	90	51	67	67	26	91	41	66	16	44	51	22
	53	75	23	46	74	92	63	79	66	67	36	39
	70	34	82	27	60	70	29	64	59	30	79	44
	31	47	46	43	77	73	86	100	31	67	94	68
	33	79	66	47	42	80	22	52	61	80	11	62
	62	99	83	47	98	28	42	55	16	55	15	71
	33	51	11	95	89	64	86	13	59	63	37	67
	88	66	81	58	67	85	77	28	61	41	79	85
	43	41	13	50	46	19	38	44	67	53	25	77
	34	42	94	86	17	67	64	78	54	45	93	67
	84	47	54	74	64	64	18	36	53	61	37	80
	39	51	61	27	52	25	36	57	25	15	78	72
	44	77	79	46	92	90	87	81	77	56	14	70
	36	34	66	97	77	79	60	36	64	49	46	62
	49	32	55	65	89	55	46	26	70	95	98	16
	15	54	91	57	81	64	57	97	18	35	80	27
	73	12	54	31	23	27	57	15	95	82	75	71
	21	58	83	10	95	28	39	23	37	41	11	68
	46	28	67	64	78	16	48	15	64	12	70	89
	88	100	17	59	21	60	64	11	20	76	39	23

	27	64	14	11	88	90	64	44	70	86	30	62
	15	87	17	38	36	82	41	37	75	46	16	18
	97	42	66	25	91	42	57	45	94	67	95	49
	53	63	77	64	23	25	15	28	77	27	43	54
	47	71	62	48	96	59	27	83	88	98	60	84
	14	52	31	19	96	78	26	34	39	92	52	51
	94	40	83	58	87	81	73	34	71	55	61	33
	73	80	76	20	32	22	17	84	44	46	92	29
	43	36	23	44	25	64	49	27	12	70	45	18
	19	58	26	21	67	14	33	56	77	62	93	16
	57	78	74	65	28	51	22	51	85	47	77	77
	84	19	79	25	86	61	50	85	69	84	84	29
	49	79	21	39	62	63	41	26	40	53	93	75
	61	77	49	92	17	64	87	91	81	44	30	30
	17	66	23	45	23	18	96	53	16	79	40	38
	71	15	77	33	95	52	61	78	96	53	44	77
	70	20	100	67	25	86	55	32	79	14	28	59
	85	66	94	13	74	96	15	89	18	45	97	71
	11	42	60	41	15	37	86	28	13	90	43	85
	88	66	94	93	67	35	24	94	23	66	17	84
	39	58	13	72	24	14	33	79	52	67	74	65
	95	12	66	89	72	63	10	72	97	13	38	91
	68	92	92	12	43	52	84	53	66	76	51	60
	68	68	77	58	77	14	94	75	44	54	25	28
	82	97	33	17	50	41	11	12	85	85	55	43
	69	39	25	48	24	74	14	43	95	40	25	63
	33	51	69	73	51	87	73	30	90	47	57	34
	13	77	45	97	44	65	21	13	32	88	45	39
	73	84	42	51	74	47	89	41	13	82	48	63
	49	91	56	63	92	84	29	79	52	62	44	11

	95	23	48	43	95	49	94	67	92	11	50	19
	61	23	20	50	78	47	84	81	87	81	57	84
	51	69	95	60	83	87	44	19	30	60	100	94
	88	32	67	57	30	62	66	36	30	97	52	55
	88	54	72	63	91	94	17	80	38	36	13	49
	29	99	43	29	81	41	29	79	48	97	21	13
	96	20	65	82	75	79	69	99	17	93	48	20
	99	32	11	54	26	61	26	74	79	77	34	88
	27	78	27	83	55	61	57	46	73	72	88	54
	100	57	53	49	16	33	71	41	67	53	98	15
	76	70	51	22	72	59	65	98	29	53	20	72
	11	38	44	72	11	42	22	78	72	27	21	91
	46	12	38	56	60	98	98	10	85	26	59	11
	81	92	41	94	55	55	79	69	63	15	89	75
	31	84	42	47	22	82	63	70	79	27	52	71
	15	59	27	75	19	47	22	69	14	28	99	88
	44	32	33	80	62	89	29	26	68	47	72	72
	76	82	58	21	45	11	100	63	62	71	14	34
	66	11	74	11	65	68	12	33	93	10	21	53
	33	80	40	96	92	35	92	55	49	76	24	13
	80	97	24	78	65	94	52	38	98	79	53	64
	95	57	53	76	35	59	59	32	39	82	85	86
	65	89	98	12	58	11	58	94	64	19	50	86
	78	69	59	50	58	74	63	72	30	73	84	25
	31	15	90	58	69	39	28	42	33	68	86	47
	78	21	15	86	99	55	84	31	20	89	30	70
	92	49	64	67	12	41	19	96	17	31	58	20
	30	62	23	91	37	99	64	94	57	93	32	26
	89	17	14	89	89	56	49	22	81	72	30	67
	32	93	33	65	65	74	84	47	45	55	45	23

	65	51	82	25	55	37	69	98	81	65	45	47
	27	77	48	25	90	29	30	61	34	49	82	59
	60	73	46	41	42	75	59	66	18	31	12	64
	45	99	30	41	77	98	56	54	33	78	29	55
	32	84	74	26	43	92	72	29	12	89	74	30
	93	93	38	69	59	86	76	42	97	78	70	20
	54	72	62	46	71	66	58	83	76	73	60	57
	47	23	45	39	52	61	82	11	48	45	93	51
	85	16	46	36	46	70	39	83	89	72	77	90
	20	54	81	50	80	15	21	60	77	73	39	55
	68	16	38	79	99	77	82	57	33	28	80	31
	79	83	18	85	71	40	77	35	13	12	47	51
	52	90	31	21	43	19	47	15	11	41	82	46
	14	18	57	31	28	55	59	59	87	16	70	93
	48	72	83	82	97	15	48	81	74	19	44	15
	44	45	13	16	33	95	29	67	99	31	98	80
	99	87	22	91	30	35	18	82	72	12	86	31
	76	59	28	91	82	86	28	66	66	82	16	69
	25	17	77	31	31	37	87	34	17	81	84	40
	53	65	51	27	52	65	81	71	19	73	65	45
	27	17	26	27	63	82	38	68	71	17	80	51
	45	55	31	18	48	70	14	55	82	21	93	93
	95	76	39	76	70	53	31	18	51	46	66	18
	66	37	20	36	26	100	30	82	80	25	64	61
	15	20	13	31	82	73	96	50	46	97	73	82
	91	29	10	36	66	24	90	86	40	23	27	44
	23	59	12	97	24	19	12	84	18	78	66	38
	54	19	86	54	49	70	99	72	61	58	96	32
	66	77	84	57	31	89	81	60	90	27	93	18
	70	18	59	95	76	26	41	57	66	43	46	99

	44	80	46	52	37	62	39	94	18	31	53	48
	72	72	16	88	75	63	58	28	22	75	91	36
	81	20	81	93	30	47	100	39	14	86	99	61
	49	48	84	14	42	23	20	11	17	72	73	66
	27	30	61	98	52	50	49	28	27	92	26	46
	43	92	84	75	69	32	57	23	24	73	31	33
	75	63	44	13	28	44	76	47	74	37	45	71
	51	86	38	84	98	34	28	48	34	45	40	97
	13	80	68	66	88	62	29	77	97	60	81	96
	99	46	76	50	46	88	82	44	76	29	93	35
	44	21	21	20	57	63	15	42	15	44	39	65
	74	95	37	90	20	57	49	66	41	56	24	21
	17	32	14	54	98	43	61	100	28	95	21	55
	71	21	57	85	44	24	47	97	59	80	38	41
	49	36	97	23	46	88	97	85	73	71	20	46
	49	68	50	46	54	21	88	19	11	33	62	57
	41	70	68	23	95	89	84	34	76	13	81	19
	89	48	53	15	84	24	32	57	68	36	78	77
	49	76	43	70	65	21	85	39	30	50	76	81
	65	81	14	82	85	71	59	94	80	80	60	70
	57	71	76	53	44	91	26	32	51	49	15	29
	67	11	49	95	67	77	82	67	99	93	84	86
	41	51	83	63	36	18	90	51	46	60	94	62
	93	42	61	56	64	75	23	41	87	100	15	13
	34	64	100	56	17	16	99	18	73	76	16	50
	98	41	71	13	96	16	59	60	58	76	89	20
	31	43	30	79	51	86	24	66	83	14	52	80
	60	97	91	29	45	21	95	52	26	84	55	84
	22	46	23	58	28	75	39	52	87	24	14	16
	19	17	50	88	26	73	48	89	27	43	32	48

