***** PARAMETERS PRP *****

Number of Customers = 30
Number of Products = 10
Number of Vehicles = 5
Number of Periods = 12

B = Production capacity
	49305

b_p = Time required to produce item p
 	1	1	1	1	1	1	1	1	1	1

c_p = Production cost of item p
 	30	30	80	30	30	80	30	30	80	30

s_p = Setup cost of item p
 	300	300	800	300	300	800	300	300	800	300

M = Big number
	197220

U_pi = Maximum inventory upper bound of item p at site i
 	197220	86	166	275	184	193	179	291	101	233	295	195	178	315	117	157	94	172	270	122	260	256	264	194	129	241	100	276	179	183	234
	197220	240	102	247	117	254	197	128	118	128	178	272	155	283	86	210	102	156	239	130	73	178	105	258	141	254	191	141	293	200	81
	197220	101	160	204	159	125	268	106	231	122	169	209	128	299	176	119	268	364	188	112	267	115	198	104	102	183	188	215	84	268	108
	197220	275	170	270	132	173	335	263	279	271	253	109	176	241	141	103	275	214	128	159	143	324	162	290	137	285	128	178	186	195	168
	197220	112	253	223	190	267	287	300	150	100	116	289	304	237	232	143	151	282	125	182	220	186	164	161	109	205	175	221	122	162	201
	197220	170	132	220	236	187	161	320	131	94	216	121	80	255	92	201	114	128	264	173	340	210	253	238	159	253	269	174	307	288	143
	197220	258	91	176	148	242	153	219	191	216	180	197	124	271	237	139	155	124	113	207	228	119	164	105	177	265	137	111	147	229	262
	197220	185	207	87	209	277	328	114	108	179	90	253	141	184	225	154	298	222	152	323	260	219	104	261	226	247	208	253	128	88	129
	197220	170	126	99	103	182	200	137	262	133	223	126	234	223	235	302	300	208	135	222	222	215	187	134	277	238	111	297	217	252	115
	197220	179	135	281	325	233	152	150	258	248	153	326	191	202	129	250	279	244	296	175	151	136	253	130	227	152	110	270	186	330	115

I_pi0 = Initial inventory of item p at site i
 	0	52	114	139	159	179	156	240	90	121	79	176	157	97	96	104	32	85	34	59	79	84	211	155	40	121	93	259	52	70	139
	0	76	68	217	109	14	191	115	102	81	147	147	148	159	86	170	79	86	62	90	46	148	90	127	11	89	185	100	97	190	0
	0	94	110	64	146	114	91	54	24	118	91	148	85	15	117	62	149	84	119	66	258	82	153	91	64	171	53	156	75	89	94
	0	56	166	253	88	82	210	210	47	80	170	100	172	222	30	85	73	98	114	125	101	56	113	261	28	117	51	15	184	114	155
	0	99	114	36	110	45	215	188	114	51	110	152	192	92	199	78	144	174	24	165	97	56	156	69	79	98	142	163	75	113	107
	0	91	130	172	153	171	128	67	76	23	108	90	35	85	37	182	107	108	98	110	76	169	117	116	76	215	174	94	152	282	88
	0	81	37	176	83	152	140	113	127	171	146	148	94	166	122	32	99	108	86	90	154	29	150	68	151	162	131	77	132	97	184
	0	93	141	24	165	194	210	59	85	164	46	118	139	118	143	44	290	151	119	111	149	47	83	72	183	154	155	79	100	76	96
	0	157	13	77	85	153	191	67	155	116	216	35	155	177	93	183	211	158	41	116	97	141	84	85	117	22	37	237	197	205	101
	0	25	63	215	158	206	90	109	208	141	92	71	163	135	88	45	65	178	173	85	131	104	79	88	97	104	79	92	120	265	98

h_pi = Inventory cost of item p at site i
 	3	0	0	0	0	0	0	0	0	0	0	0	0	0	0	0	0	0	0	0	0	0	0	0	0	0	0	0	0	0	0
	3	0	0	0	0	0	0	0	0	0	0	0	0	0	0	0	0	0	0	0	0	0	0	0	0	0	0	0	0	0	0
	8	0	0	0	0	0	0	0	0	0	0	0	0	0	0	0	0	0	0	0	0	0	0	0	0	0	0	0	0	0	0
	3	0	0	0	0	0	0	0	0	0	0	0	0	0	0	0	0	0	0	0	0	0	0	0	0	0	0	0	0	0	0
	3	0	0	0	0	0	0	0	0	0	0	0	0	0	0	0	0	0	0	0	0	0	0	0	0	0	0	0	0	0	0
	8	0	0	0	0	0	0	0	0	0	0	0	0	0	0	0	0	0	0	0	0	0	0	0	0	0	0	0	0	0	0
	3	0	0	0	0	0	0	0	0	0	0	0	0	0	0	0	0	0	0	0	0	0	0	0	0	0	0	0	0	0	0
	3	0	0	0	0	0	0	0	0	0	0	0	0	0	0	0	0	0	0	0	0	0	0	0	0	0	0	0	0	0	0
	8	0	0	0	0	0	0	0	0	0	0	0	0	0	0	0	0	0	0	0	0	0	0	0	0	0	0	0	0	0	0
	3	0	0	0	0	0	0	0	0	0	0	0	0	0	0	0	0	0	0	0	0	0	0	0	0	0	0	0	0	0	0

C = Vehicle capacity
	3640

f = Fixed transportation cost
	29388

a_ik = Transportation cost for traveling from node i to node k
 	0	18	400	315	636	421	531	361	499	865	705	365	421	678	236	370	473	797	776	936	751	928	571	452	224	552	788	511	363	61	550
	18	0	417	323	650	435	541	378	515	881	720	382	429	690	238	387	490	813	789	948	765	941	585	468	241	562	803	522	372	53	563
	400	417	0	314	326	151	338	115	105	472	331	41	335	407	401	131	74	404	475	642	425	594	274	94	181	388	411	313	285	425	282
	315	323	314	0	375	213	230	374	362	669	490	310	107	389	133	393	369	606	493	641	486	655	314	292	274	241	567	216	63	290	280
	636	650	326	375	0	220	177	440	251	325	155	362	296	97	508	455	299	277	151	318	116	292	66	232	466	214	210	174	313	634	95
	421	435	151	213	220	0	188	257	156	467	293	173	197	282	332	275	177	401	368	534	334	511	157	86	249	238	374	163	164	424	148
	531	541	338	230	177	188	0	443	314	500	324	361	131	162	359	462	350	448	268	412	272	432	139	258	413	54	386	26	171	514	98
	361	378	115	374	440	257	443	0	205	556	432	84	419	521	429	20	158	489	589	755	537	703	388	209	144	492	509	418	361	400	395
	499	515	105	362	251	156	314	205	0	369	229	145	351	342	469	216	50	301	394	558	337	500	213	71	284	367	308	292	318	519	235
	865	881	472	669	325	467	500	556	369	0	180	511	609	386	796	561	404	69	331	409	270	289	368	414	653	539	118	494	610	881	409
	705	720	331	490	155	293	324	432	229	180	0	371	429	235	619	442	274	124	224	363	152	281	189	255	504	367	83	316	430	715	230
	365	382	41	310	362	173	361	84	145	511	371	0	343	441	385	102	109	443	512	679	463	634	307	130	144	409	451	335	289	394	312
	421	429	335	107	296	197	131	419	351	609	429	343	0	293	230	439	373	551	398	540	400	562	243	283	348	135	500	124	66	396	203
	678	690	407	389	97	282	162	521	342	386	235	441	293	0	520	538	389	349	106	258	124	270	134	314	530	176	269	174	329	668	134
	236	238	401	133	508	332	359	429	469	796	619	385	230	520	0	446	466	732	625	769	618	787	446	402	299	362	697	347	196	192	413
	370	387	131	393	455	275	462	20	216	561	442	102	439	538	446	0	169	495	604	770	551	716	404	225	156	511	518	437	381	411	412
	473	490	74	369	299	177	350	158	50	404	274	109	373	389	466	169	0	336	444	607	386	548	258	94	253	403	351	327	332	498	277
	797	813	404	606	277	401	448	489	301	69	124	443	551	349	732	495	336	0	312	415	243	305	312	347	584	490	90	440	548	813	354
	776	789	475	493	151	368	268	589	394	331	224	512	398	106	625	604	444	312	0	168	72	165	212	382	616	279	223	278	432	769	227
	936	948	642	641	318	534	412	755	558	409	363	679	540	258	769	770	607	415	168	0	222	127	378	549	782	409	330	428	583	924	389
	751	765	425	486	116	334	272	537	337	270	152	463	400	124	618	551	386	243	72	222	0	178	181	334	577	296	156	276	424	749	207
	928	941	594	655	292	511	432	703	500	289	281	634	562	270	787	716	548	305	165	127	178	0	357	506	752	444	227	441	594	925	381
	571	585	274	314	66	157	139	388	213	368	189	307	243	134	446	404	258	312	212	378	181	357	0	180	404	186	258	128	252	569	42
	452	468	94	292	232	86	258	209	71	414	255	130	283	314	402	225	94	347	382	549	334	506	180	0	250	310	337	234	247	467	191
	224	241	181	274	466	249	413	144	284	653	504	144	348	530	299	156	253	584	616	782	577	752	404	250	0	452	586	389	283	258	396
	552	562	388	241	214	238	54	492	367	539	367	409	135	176	362	511	403	490	279	409	296	444	186	310	452	0	423	77	190	531	147
	788	803	411	567	210	374	386	509	308	118	83	451	500	269	697	518	351	90	223	330	156	227	258	337	586	423	0	382	506	797	297
	511	522	313	216	174	163	26	418	292	494	316	335	124	174	347	437	327	440	278	428	276	441	128	234	389	77	382	0	156	497	87
	363	372	285	63	313	164	171	361	318	610	430	289	66	329	196	381	332	548	432	583	424	594	252	247	283	190	506	156	0	344	218
	61	53	425	290	634	424	514	400	519	881	715	394	396	668	192	411	498	813	769	924	749	925	569	467	258	531	797	497	344	0	545
	550	563	282	280	95	148	98	395	235	409	230	312	203	134	413	412	277	354	227	389	207	381	42	191	396	147	297	87	218	545	0

coordXY = Coordinates (x,y): line zero => x line one => y column => customers
 	259	269	106	406	293	248	414	33	102	38	151	101	440	384	441	14	72	51	362	438	293	312	291	165	146	467	140	393	389	319	325
	41	27	410	319	676	461	548	322	514	877	737	370	420	707	191	317	475	810	810	959	791	967	611	483	234	552	819	534	379	43	587

d_pit = Demand of item p at customer i in period t
 	52	42	73	13	45	10	63	63	38	44	36	37
	17	21	76	77	94	86	76	39	14	69	74	20
	51	72	16	91	24	92	34	82	63	93	15	27
	67	92	57	54	71	37	63	91	85	72	13	34
	84	26	69	46	25	64	40	28	82	15	43	57
	81	75	35	35	75	44	67	87	22	62	36	97
	38	64	47	91	45	79	34	56	49	56	88	52
	69	21	71	91	34	39	61	16	23	67	27	85
	23	22	76	23	91	26	90	45	16	69	25	53
	79	80	83	99	38	44	35	30	52	97	54	18
	75	52	49	22	41	56	65	62	63	31	52	18
	90	53	14	69	19	85	23	20	14	46	84	16
	97	61	91	29	26	35	92	61	61	94	18	91
	96	28	77	28	68	43	65	38	64	33	87	76
	69	35	78	99	47	90	23	37	14	77	42	15
	32	70	71	24	23	18	87	32	58	49	89	11
	61	24	88	85	13	17	63	46	19	13	14	73
	34	57	53	13	65	46	76	100	52	66	65	21
	48	11	50	100	53	11	26	22	26	79	29	34
	79	29	80	41	31	49	49	31	75	49	77	34
	84	13	65	65	82	100	38	88	91	50	31	60
	14	24	77	96	26	67	69	27	43	83	63	45
	83	72	73	18	39	63	78	76	80	61	45	86
	40	90	23	80	81	14	97	69	78	23	88	91
	60	61	22	74	13	51	45	15	42	81	34	81
	93	19	23	34	60	11	87	33	62	76	49	53
	50	89	64	56	91	34	58	41	42	13	74	51
	52	78	62	44	27	61	67	57	97	72	54	44
	70	48	97	56	98	64	94	23	99	24	45	15
	46	93	32	91	71	74	11	63	11	46	73	90

	76	19	27	21	89	56	74	21	63	15	93	23
	68	83	62	32	35	30	41	59	91	12	12	86
	88	37	92	34	18	37	82	93	16	38	26	31
	84	25	78	28	69	83	52	64	47	79	45	45
	14	81	78	44	12	67	74	88	11	60	48	33
	76	19	96	27	71	84	94	80	61	94	53	34
	25	90	55	46	15	11	76	57	39	49	23	24
	11	91	51	13	72	64	97	79	64	84	26	53
	62	19	48	65	80	40	80	63	74	74	81	79
	86	61	81	41	20	41	39	10	60	24	59	11
	94	53	77	69	11	92	53	80	54	82	94	56
	46	87	15	88	84	24	21	33	35	59	30	96
	39	36	84	21	83	41	44	57	53	97	48	76
	45	41	27	58	57	43	21	40	47	15	83	38
	80	90	60	88	19	95	28	78	92	87	53	68
	79	67	80	22	27	63	19	51	90	24	65	25
	86	92	29	51	75	75	62	13	79	22	12	29
	62	79	62	65	37	98	37	68	85	41	59	23
	90	96	53	78	33	23	80	87	84	41	60	56
	46	53	17	64	28	59	18	18	10	38	45	39
	16	65	67	55	64	19	24	87	33	39	35	29
	10	80	66	65	31	74	37	34	22	56	64	93
	40	44	15	28	51	83	57	25	89	82	53	51
	11	25	88	15	17	40	95	46	81	53	33	59
	89	84	53	89	92	67	70	41	22	98	34	23
	83	28	74	95	65	87	23	48	64	25	97	75
	77	23	63	57	14	100	64	45	40	20	24	37
	97	53	96	95	42	43	66	74	12	32	81	13
	82	87	21	15	20	95	37	98	11	71	22	40
	87	27	29	35	11	79	11	96	11	20	48	31

	94	33	50	43	66	90	15	88	37	46	29	16
	38	72	14	43	89	28	83	27	20	96	44	85
	50	14	13	76	67	75	75	90	61	24	56	11
	50	78	18	58	29	64	86	82	16	43	76	35
	95	19	80	56	92	46	49	45	87	95	59	24
	16	75	87	95	62	87	43	96	76	18	70	79
	16	38	79	15	71	42	61	72	83	95	19	42
	24	43	46	62	91	15	48	81	17	93	18	16
	13	15	90	31	38	77	10	14	26	64	91	20
	50	41	91	24	83	84	91	40	53	20	80	18
	79	69	68	98	27	23	17	32	16	40	18	14
	22	63	25	11	47	59	49	19	53	50	15	100
	15	85	86	73	42	31	71	73	49	16	97	80
	23	94	36	56	58	34	25	61	14	14	88	24
	10	24	28	60	84	67	39	82	64	93	80	80
	56	93	20	62	31	37	98	24	63	64	70	26
	84	94	85	92	83	93	43	75	83	69	42	30
	75	44	32	23	96	95	69	59	58	46	69	84
	66	91	38	46	12	54	55	18	99	58	89	47
	40	58	74	86	72	94	24	21	30	58	24	60
	82	93	80	60	83	69	30	31	33	18	26	84
	100	53	65	33	19	40	96	20	31	10	29	99
	24	42	25	87	11	52	96	75	100	69	26	14
	64	39	25	41	34	17	17	78	64	82	76	73
	86	85	68	58	58	85	22	65	40	69	62	32
	53	55	23	13	80	53	40	38	52	11	70	76
	82	74	82	68	19	11	26	58	46	29	82	69
	75	81	73	12	18	33	88	12	13	55	17	28
	34	38	17	41	90	67	34	58	84	41	74	64
	94	35	77	43	56	99	14	28	12	93	32	67

	56	75	68	14	71	84	57	39	28	10	83	74
	27	30	77	32	25	95	27	10	92	93	87	85
	89	96	68	22	88	96	77	35	53	55	78	54
	88	49	46	16	88	86	91	74	66	85	28	76
	82	49	49	54	66	24	97	54	76	41	56	45
	72	83	55	95	73	92	75	53	58	37	88	22
	48	44	47	71	81	78	45	60	47	41	47	22
	27	20	30	89	75	36	61	92	93	57	22	67
	80	46	37	91	52	14	60	11	36	51	100	73
	36	97	37	52	24	68	22	89	27	22	43	91
	100	50	34	89	34	30	76	60	73	11	43	51
	85	87	19	93	94	60	20	52	60	89	13	31
	76	89	23	34	87	34	91	48	63	97	48	32
	30	59	45	58	52	20	16	99	14	63	93	16
	85	35	48	41	16	31	88	69	73	58	33	41
	58	15	49	18	99	69	31	50	83	26	92	69
	12	50	23	13	83	30	36	16	74	32	57	88
	69	45	61	84	94	66	61	86	44	59	46	52
	12	45	68	51	64	75	75	26	48	36	65	70
	51	50	58	78	13	12	85	34	28	73	16	74
	56	62	74	72	38	60	97	41	95	84	89	10
	11	77	25	75	34	99	62	59	60	63	67	15
	71	60	85	45	56	34	29	93	76	42	39	66
	28	30	20	43	82	35	32	19	79	21	90	68
	42	75	47	31	68	78	97	35	12	66	49	85
	51	91	91	78	44	83	84	24	40	76	19	89
	15	95	29	80	73	67	67	75	65	47	16	81
	49	33	41	61	16	71	74	39	38	37	49	49
	35	35	44	83	22	44	19	10	46	39	71	20
	76	79	21	15	30	12	77	57	11	24	35	67

	99	90	84	41	52	58	15	74	20	54	26	56
	12	81	21	12	93	87	65	51	26	86	43	30
	20	16	78	22	55	37	58	74	85	53	27	10
	34	76	87	66	51	66	94	37	78	54	22	94
	45	89	78	97	29	40	14	75	62	35	66	10
	85	41	89	82	58	29	95	26	27	18	83	56
	15	77	62	34	77	69	51	42	93	82	80	39
	69	45	34	63	28	68	53	77	88	30	22	22
	19	32	63	90	25	98	25	41	45	41	40	78
	87	23	53	61	83	58	58	82	12	80	59	40
	13	70	69	12	72	79	51	89	21	25	98	95
	36	57	99	31	49	32	91	81	35	76	53	90
	67	25	66	49	72	88	98	19	13	80	66	69
	25	65	84	25	55	34	50	80	70	30	11	28
	78	76	99	82	80	71	88	35	65	88	32	66
	55	13	76	17	71	24	11	91	84	38	89	34
	50	25	33	66	60	94	81	33	78	88	14	55
	24	51	56	27	29	20	27	81	55	27	80	23
	94	71	17	12	90	80	91	14	69	57	41	90
	79	18	93	68	33	21	34	25	91	84	48	67
	13	14	29	50	93	68	82	84	47	24	35	20
	65	91	19	79	88	25	23	78	36	24	79	47
	33	36	85	100	25	12	71	60	87	29	58	49
	53	26	54	43	79	85	22	26	86	51	27	99
	57	41	91	18	27	39	27	25	100	57	47	87
	98	44	56	52	14	52	73	49	88	46	95	32
	47	23	44	49	91	29	18	83	82	37	99	61
	75	53	73	23	33	77	90	29	69	100	82	28
	23	23	67	73	58	35	48	80	43	70	40	89
	61	46	11	45	84	14	69	13	80	47	82	52

	91	32	47	37	61	86	69	18	74	54	92	17
	70	12	35	13	57	43	56	19	54	35	72	62
	22	54	96	23	49	34	57	72	67	62	61	63
	11	99	43	39	53	39	41	34	55	24	29	100
	95	22	54	44	71	18	98	99	51	66	94	35
	94	34	40	63	19	66	96	53	52	20	55	51
	67	10	82	39	81	84	75	99	69	52	12	97
	50	26	60	23	67	25	13	64	76	67	26	27
	23	99	88	29	12	38	43	42	55	60	31	46
	62	46	82	39	53	52	50	71	40	43	10	100
	90	41	83	54	99	87	88	16	43	65	39	21
	18	17	67	32	41	22	12	79	31	40	94	29
	29	20	36	70	62	70	15	68	39	91	86	26
	18	19	64	89	92	66	37	11	38	67	31	17
	53	72	57	15	72	26	36	95	20	76	21	61
	64	20	23	35	63	53	97	63	67	92	88	21
	56	52	34	88	86	42	60	21	71	90	87	80
	98	98	28	34	53	76	73	78	87	90	26	50
	94	16	66	54	56	30	58	31	80	34	87	86
	76	68	79	81	75	37	100	15	95	86	89	16
	66	63	40	91	91	85	60	54	45	91	66	89
	39	56	22	81	78	47	95	45	67	88	61	81
	33	83	17	69	41	77	41	37	11	18	55	88
	76	96	50	37	35	52	14	64	99	35	57	20
	75	53	87	75	79	72	10	49	96	40	93	30
	11	68	75	20	76	86	76	70	43	48	39	33
	94	81	50	30	70	80	70	14	29	35	85	58
	22	60	70	31	83	69	90	83	48	83	65	33
	18	100	74	90	67	68	80	52	70	12	32	28
	88	93	79	96	37	34	88	93	95	51	21	80

	81	76	92	64	54	44	91	82	63	29	71	26
	37	75	53	35	15	30	51	30	86	59	63	14
	28	24	64	60	39	99	53	84	68	10	83	93
	54	29	67	97	17	94	13	20	41	15	53	93
	40	48	64	84	33	84	15	89	100	77	67	25
	33	63	44	64	16	23	88	56	46	99	37	43
	24	89	29	31	59	33	80	61	29	91	92	38
	12	99	16	28	76	16	12	28	82	17	20	53
	11	96	64	14	44	56	33	43	88	76	81	43
	42	35	16	53	81	80	75	90	52	39	66	90
	70	78	99	79	58	45	11	79	38	59	88	83
	57	37	54	76	63	28	90	31	92	84	76	58
	87	79	31	99	76	38	25	43	87	66	94	88
	31	70	21	85	58	78	22	84	92	49	57	63
	32	29	80	29	43	10	29	94	37	34	41	97
	45	21	23	10	94	61	73	81	88	50	20	52
	19	89	17	98	84	66	71	62	71	44	76	48
	59	27	48	25	89	69	93	93	39	41	86	11
	21	69	15	84	77	32	46	48	66	56	41	66
	38	59	57	28	41	84	28	15	67	30	68	33
	29	84	27	88	90	91	59	47	63	55	50	28
	12	37	62	39	55	80	70	35	90	49	63	62
	31	17	20	94	45	76	50	29	99	98	49	19
	37	35	79	42	94	90	98	36	42	62	15	78
	84	78	20	70	64	90	39	35	11	43	62	40
	43	88	15	77	50	76	93	85	33	99	96	68
	11	66	72	13	87	17	98	61	50	23	73	96
	33	99	41	57	54	18	72	14	60	20	83	35
	21	43	19	14	84	33	34	57	98	67	12	68
	40	42	42	60	39	27	26	33	99	67	89	64

	31	62	70	70	25	52	11	23	85	44	13	69
	61	11	69	74	61	42	63	59	71	30	53	28
	24	87	16	44	93	17	51	55	58	12	32	33
	76	89	88	14	88	37	16	90	10	15	31	74
	69	41	24	60	68	87	63	88	32	35	12	86
	37	81	92	84	58	83	38	12	48	84	85	85
	59	80	80	90	22	62	89	37	11	24	90	41
	73	12	78	20	60	47	41	23	70	59	65	100
	72	92	73	55	65	29	24	46	86	84	23	65
	46	79	13	41	49	46	90	22	41	66	13	33
	23	95	83	31	46	79	88	65	45	73	47	84
	75	64	61	97	55	44	10	95	86	90	84	87
	92	26	88	64	49	47	90	36	71	59	76	37
	54	16	73	21	93	92	93	36	34	56	45	61
	22	22	76	21	46	46	44	31	37	69	28	20
	98	17	83	92	43	29	35	78	58	22	79	80
	66	85	83	26	30	18	80	71	82	63	24	38
	68	51	53	84	11	94	26	24	15	55	33	93
	13	98	99	54	12	77	66	75	35	92	70	85
	61	15	36	37	70	37	78	54	63	63	37	73
	23	24	51	100	11	31	81	84	52	86	68	45
	83	27	23	54	85	43	25	98	21	80	64	22
	16	56	19	67	91	72	64	75	73	92	85	72
	91	39	53	66	15	97	35	16	93	79	34	60
	33	32	55	34	64	73	60	14	69	89	58	12
	29	28	98	82	26	80	33	27	28	36	60	98
	66	13	55	93	60	71	95	43	78	72	93	19
	100	11	55	82	93	62	19	95	83	63	59	45
	41	35	14	90	80	49	37	56	57	12	18	37
	37	17	42	48	28	39	71	74	17	54	75	14

	95	62	75	54	57	14	73	45	39	90	47	28
	13	39	31	50	12	15	78	20	76	48	48	74
	77	20	22	55	34	73	37	58	41	27	69	79
	85	47	33	15	81	55	26	64	47	64	54	48
	91	62	28	55	19	13	48	42	79	33	18	58
	73	41	17	60	55	91	25	31	33	52	78	44
	67	98	82	78	18	95	52	64	37	88	53	88
	43	96	16	61	17	54	51	49	60	95	10	77
	18	46	52	39	14	38	18	59	69	14	65	99
	90	49	77	13	83	64	56	25	55	13	67	78
	35	60	20	47	65	74	63	97	78	88	88	41
	98	18	39	82	72	43	37	97	56	97	33	30
	91	86	90	43	94	30	54	97	52	93	100	63
	21	72	77	64	20	59	36	65	63	99	80	48
	86	97	72	69	98	18	67	12	47	32	98	28
	43	29	79	60	23	81	59	60	83	26	81	97
	10	61	87	84	56	44	45	13	14	83	72	55
	41	10	94	73	57	46	26	30	78	30	42	14
	44	40	32	30	34	44	72	19	95	94	91	70
	19	41	37	23	88	68	64	88	66	86	51	35
	80	61	58	99	64	19	18	42	33	27	58	85
	54	30	71	72	89	91	18	75	42	42	71	93
	59	26	59	76	11	27	10	24	56	65	53	69
	49	68	32	26	56	28	95	40	75	65	93	37
	22	52	94	64	13	27	85	30	37	43	35	69
	37	86	26	95	43	22	98	66	63	30	32	67
	50	44	50	93	56	78	69	90	71	28	45	38
	16	30	58	93	85	20	23	91	68	84	20	64
	33	95	77	67	31	59	65	27	22	26	16	87
	16	85	43	51	65	37	87	88	24	84	64	46

	25	13	41	97	49	71	39	74	44	72	89	100
	63	83	28	85	82	97	81	55	82	88	47	17
	86	90	39	30	72	16	82	39	71	71	47	31
	59	99	92	22	67	85	67	15	55	99	69	52
	58	79	69	74	24	93	73	22	22	59	83	42
	90	75	85	76	44	81	97	89	80	20	91	86
	26	83	55	11	24	49	21	61	25	32	21	42
	74	50	84	75	37	22	19	68	23	50	80	37
	51	12	78	23	61	32	96	13	41	47	53	87
	18	74	31	21	50	95	76	19	54	93	31	50
	71	86	63	58	77	30	66	86	17	73	83	73
	92	71	33	50	72	60	72	73	54	71	36	78
	53	82	95	61	54	84	88	40	91	56	58	46
	68	20	20	25	51	13	13	45	60	35	69	98
	45	21	21	29	72	82	79	25	44	87	35	60
	65	69	87	20	85	21	52	70	76	23	88	13
	19	45	91	23	56	42	17	58	84	24	80	47
	93	80	11	81	29	32	67	71	67	50	60	70
	85	69	89	28	19	65	72	54	45	98	50	27
	71	60	24	22	50	42	90	70	41	38	26	69
	20	50	12	22	62	42	89	75	30	23	24	93
	79	51	25	46	42	72	60	54	88	32	27	32
	88	67	58	94	35	33	55	69	79	80	39	82
	37	60	80	89	12	94	79	75	57	10	59	30
	76	28	49	47	94	96	31	45	34	24	48	37
	79	93	75	86	12	22	52	61	37	46	13	81
	92	33	74	59	16	94	77	15	33	40	38	76
	33	28	59	98	91	51	98	72	36	69	85	25
	89	94	82	86	80	81	35	70	55	15	23	83
	48	50	80	92	25	74	60	76	51	53	29	49

