***** PARAMETERS PRP *****

Number of Customers = 30
Number of Products = 10
Number of Vehicles = 5
Number of Periods = 12

B = Production capacity
	49078

b_p = Time required to produce item p
 	1	1	1	1	1	1	1	1	1	1

c_p = Production cost of item p
 	80	80	30	30	30	80	30	30	30	80

s_p = Setup cost of item p
 	800	800	300	300	300	800	300	300	300	800

M = Big number
	196312

U_pi = Maximum inventory upper bound of item p at site i
 	196312	251	113	299	264	145	189	291	165	201	122	209	146	291	233	117	111	114	300	334	216	131	209	120	165	237	98	269	149	177	203
	196312	174	160	233	207	261	223	176	236	217	219	165	228	220	92	129	293	140	345	161	275	231	179	129	116	164	351	162	121	124	170
	196312	119	82	187	107	87	212	154	180	97	278	104	199	250	118	160	250	268	157	95	264	156	115	229	175	134	94	117	115	219	233
	196312	155	263	128	100	111	98	308	186	185	194	187	242	145	79	187	104	148	95	213	197	238	210	239	231	275	95	265	97	110	204
	196312	191	112	275	169	224	226	277	102	111	319	265	105	107	120	94	228	180	218	255	308	275	250	262	188	196	177	137	96	301	259
	196312	214	114	119	211	172	100	241	305	332	205	123	136	230	102	178	113	130	177	128	261	95	208	146	204	349	220	188	217	191	97
	196312	173	242	290	101	192	259	90	103	270	116	174	233	142	173	239	168	126	161	219	234	296	96	278	143	142	90	212	170	244	221
	196312	190	263	262	111	203	220	223	175	118	221	257	258	199	151	107	121	174	253	198	275	179	190	288	263	146	185	159	197	164	345
	196312	144	149	109	189	216	227	163	100	129	229	167	142	272	240	147	183	206	161	239	270	222	148	171	203	214	107	159	305	243	276
	196312	225	224	168	118	99	205	209	144	110	141	311	179	251	227	107	295	124	226	198	101	213	164	150	174	201	256	256	263	300	213

I_pi0 = Initial inventory of item p at site i
 	0	128	96	202	37	139	172	227	140	81	63	161	55	247	141	72	28	80	202	171	47	87	39	67	136	69	57	244	92	80	11
	0	165	134	39	148	200	162	135	167	188	93	94	104	100	56	96	130	33	161	141	29	221	118	125	18	100	169	80	10	57	170
	0	86	52	109	91	26	85	123	174	43	22	55	68	190	116	116	244	264	96	30	124	109	88	138	34	81	70	95	35	130	189
	0	112	54	60	27	73	54	30	71	108	154	177	76	124	0	82	89	30	66	153	162	128	190	62	16	144	84	112	77	65	196
	0	50	104	207	145	97	111	35	35	98	194	221	84	99	112	93	198	155	148	71	219	37	121	85	115	29	103	110	27	206	191
	0	124	72	75	55	134	44	96	230	114	52	72	116	52	98	136	106	88	171	66	215	87	100	132	175	297	67	96	207	185	83
	0	89	224	247	42	170	137	84	102	156	96	161	118	107	126	124	26	49	61	189	26	147	59	62	111	126	32	191	72	116	105
	0	126	81	223	86	162	81	168	129	49	162	193	239	47	115	75	69	35	143	91	159	151	23	286	15	81	83	59	104	66	84
	0	78	82	95	187	196	161	30	30	86	97	78	133	63	197	121	175	95	107	125	79	19	119	148	81	195	82	57	65	42	259
	0	206	109	43	91	36	148	147	59	105	70	173	96	224	64	78	86	33	98	141	41	47	104	99	81	187	157	46	146	120	10

h_pi = Inventory cost of item p at site i
 	8	6	6	5	3	2	9	2	4	9	6	9	8	2	7	1	4	3	5	5	8	6	1	7	5	4	4	3	6	1	9
	8	5	9	3	8	6	8	6	3	7	1	6	6	8	3	4	4	6	5	4	5	3	1	9	7	9	1	1	1	3	9
	3	3	2	8	2	8	8	3	2	3	1	7	4	9	1	6	2	6	3	1	3	6	3	5	4	9	8	4	6	9	1
	3	7	2	4	7	3	3	4	4	8	7	3	6	9	8	3	9	1	6	4	1	3	1	2	5	9	3	5	4	8	8
	3	6	7	7	8	8	2	3	4	3	1	9	9	2	6	2	4	7	6	2	9	6	1	3	6	4	6	3	3	9	8
	8	6	8	5	8	2	2	7	6	2	6	3	1	1	9	9	3	3	9	6	7	1	8	8	6	7	9	8	5	7	9
	3	6	5	4	5	3	3	6	7	1	8	3	2	1	3	5	5	9	8	2	7	9	8	4	5	4	9	9	5	5	7
	3	9	1	2	5	6	8	7	7	6	3	9	8	3	4	9	8	3	5	4	3	9	8	1	2	7	9	7	7	2	6
	3	5	9	1	2	3	4	3	2	9	9	8	8	8	4	7	6	2	9	4	3	2	3	3	8	1	8	9	1	1	9
	8	8	1	1	6	6	2	8	5	1	3	6	7	9	2	8	7	7	8	1	5	2	9	6	2	3	2	4	6	2	5

C = Vehicle capacity
	3510

f = Fixed transportation cost
	28427

a_ik = Transportation cost for traveling from node i to node k
 	0	283	663	337	517	518	474	449	597	603	49	323	380	158	328	390	46	462	363	293	126	234	486	312	694	677	526	388	374	319	394
	283	0	422	56	308	236	245	475	344	321	328	469	190	164	333	129	328	179	86	203	160	142	206	216	449	417	393	139	124	420	116
	663	422	0	389	158	259	190	871	84	266	712	890	530	506	739	294	707	312	341	393	561	559	262	609	35	77	272	286	301	838	374
	337	56	389	0	292	184	226	489	308	267	382	505	174	217	352	103	383	125	50	234	213	172	156	226	414	376	396	121	108	450	62
	517	308	158	292	0	242	68	780	129	298	566	770	458	360	640	190	560	266	243	237	427	449	224	517	192	205	155	172	186	725	301
	518	236	259	184	242	0	187	626	179	89	564	675	281	382	503	147	563	65	156	340	395	346	35	372	273	220	392	164	169	614	140
	474	245	190	226	68	187	0	714	131	255	522	712	391	317	576	123	518	202	177	212	374	386	164	451	222	213	205	108	122	664	234
	449	475	871	489	780	626	714	0	788	671	443	204	345	516	144	592	456	564	539	642	420	338	613	264	892	844	863	608	594	150	498
	597	344	84	308	129	179	131	788	0	199	645	812	447	442	657	217	641	229	262	342	489	479	179	527	106	83	276	212	227	758	291
	603	321	266	267	298	89	255	671	199	0	648	741	330	470	558	236	648	142	243	426	479	418	123	429	269	205	452	251	257	676	215
	49	328	712	382	566	564	522	443	645	648	0	298	412	206	332	438	14	507	410	340	170	267	533	336	743	725	571	436	423	304	438
	323	469	890	505	770	675	712	204	812	741	298	0	418	441	200	597	311	611	551	583	352	334	654	315	917	880	819	607	592	74	536
	380	190	530	174	458	281	391	345	447	330	412	418	0	325	229	271	418	220	218	393	265	146	270	105	549	499	569	291	280	350	159
	158	164	506	217	360	382	317	516	442	470	206	441	325	0	375	243	201	334	228	143	97	204	349	301	538	523	380	237	225	415	279
	328	333	739	352	640	503	576	144	657	558	332	200	229	375	0	454	344	439	402	499	280	195	486	132	762	717	719	469	454	127	368
	390	129	294	103	190	147	123	592	217	236	438	597	271	243	454	0	435	120	54	195	276	267	113	328	321	292	304	24	23	546	120
	46	328	707	383	560	563	518	456	641	648	14	311	418	201	344	435	0	507	409	332	171	272	532	344	739	722	562	433	420	318	439
	462	179	312	125	266	65	202	564	229	142	507	611	220	334	439	120	507	0	107	312	337	282	51	308	330	280	404	142	141	550	76
	363	86	341	50	243	156	177	539	262	243	410	551	218	228	402	54	409	107	0	214	243	218	124	275	367	332	353	73	62	497	76
	293	203	393	234	237	340	212	642	342	426	340	583	393	143	499	195	332	312	214	0	233	310	306	402	426	425	237	177	173	553	287
	126	160	561	213	427	395	374	420	489	479	170	352	265	97	280	276	171	337	243	233	0	126	365	218	591	567	467	278	263	321	269
	234	142	559	172	449	346	386	338	479	418	267	334	146	204	195	267	272	282	218	310	126	0	322	97	584	547	526	279	265	280	206
	486	206	262	156	224	35	164	613	179	123	533	654	270	349	486	113	532	51	124	306	365	322	0	355	280	231	369	130	135	595	120
	312	216	609	226	517	372	451	264	527	429	336	315	105	301	132	328	344	308	275	402	218	97	355	0	631	586	608	345	331	247	237
	694	449	35	414	192	273	222	892	106	269	743	917	549	538	762	321	739	330	367	426	591	584	280	631	0	67	303	315	329	863	395
	677	417	77	376	205	220	213	844	83	205	725	880	499	523	717	292	722	280	332	425	567	547	231	586	67	0	338	290	304	824	350
	526	393	272	396	155	392	205	863	276	452	571	819	569	380	719	304	562	404	353	237	467	526	369	608	303	338	0	281	291	785	423
	388	139	286	121	172	164	108	608	212	251	436	607	291	237	469	24	433	142	73	177	278	279	130	345	315	290	281	0	16	558	143
	374	124	301	108	186	169	122	594	227	257	423	592	280	225	454	23	420	141	62	173	263	265	135	331	329	304	291	16	0	543	135
	319	420	838	450	725	614	664	150	758	676	304	74	350	415	127	546	318	550	497	553	321	280	595	247	863	824	785	558	543	0	476
	394	116	374	62	301	140	234	498	291	215	438	536	159	279	368	120	439	76	76	287	269	206	120	237	395	350	423	143	135	476	0

coordXY = Coordinates (x,y): line zero => x line one => y column => customers
 	419	242	252	200	341	117	300	16	223	46	432	213	68	392	102	245	443	126	218	431	326	201	146	111	231	176	495	267	266	165	145
	330	550	971	586	841	750	788	133	893	803	283	82	474	485	248	678	291	686	632	622	415	415	732	379	998	961	850	686	671	138	613

d_pit = Demand of item p at customer i in period t
 	47	81	99	94	77	91	59	58	28	16	28	74
	75	21	24	40	97	26	63	82	37	66	62	83
	80	47	75	100	48	34	78	61	95	63	12	24
	37	76	39	52	49	58	99	40	11	23	80	69
	24	20	95	32	47	65	67	43	11	43	40	93
	75	97	73	34	16	89	38	96	87	61	53	36
	35	63	33	96	57	88	33	21	58	71	47	96
	48	92	48	91	96	24	84	14	29	41	21	73
	81	32	34	33	24	33	24	87	29	89	75	61
	44	19	91	39	97	69	90	76	39	59	56	50
	80	35	46	99	88	89	83	99	67	33	100	17
	11	44	55	31	66	38	88	10	30	84	73	54
	99	86	62	64	94	100	89	39	37	53	74	76
	58	83	81	44	23	40	88	63	14	61	79	64
	72	79	71	74	36	34	76	27	93	64	26	49
	28	26	72	64	59	11	46	96	67	96	46	54
	80	92	31	39	72	16	80	42	51	15	85	82
	68	36	98	31	42	58	31	78	85	64	42	87
	55	37	79	80	14	66	77	91	97	86	55	64
	47	56	67	55	40	22	10	40	82	99	35	94
	87	66	85	91	25	82	89	26	19	74	75	64
	39	90	32	98	46	11	47	38	25	99	66	36
	67	60	48	88	50	59	65	51	94	48	53	37
	32	11	44	49	56	67	15	36	16	19	58	91
	69	34	57	88	27	44	46	18	54	24	80	28
	57	43	61	65	26	64	33	21	27	19	92	81
	69	88	87	65	66	61	63	16	11	59	14	46
	92	84	50	56	13	16	32	51	56	52	17	75
	80	74	31	20	83	75	59	47	95	24	32	89
	11	65	18	58	52	36	85	34	29	65	74	82

	76	89	89	41	98	11	54	86	27	31	22	71
	52	82	67	57	38	14	40	85	14	78	14	97
	24	15	71	80	95	26	66	52	14	18	24	75
	43	32	73	30	18	81	28	33	24	20	48	66
	52	96	52	88	82	32	70	65	87	50	86	23
	64	49	26	23	38	88	90	40	14	63	78	95
	61	74	44	90	87	38	82	12	48	56	68	42
	34	78	55	68	85	29	82	75	40	36	50	77
	91	97	30	90	64	100	59	94	63	85	75	19
	29	15	49	62	30	23	34	46	32	47	81	78
	94	75	38	51	25	53	31	85	60	95	14	39
	43	61	82	18	72	47	11	97	34	47	99	74
	10	90	19	71	61	13	15	95	90	56	72	68
	56	67	11	31	19	63	59	42	33	50	42	79
	96	57	73	54	72	65	81	68	30	57	53	66
	52	61	17	62	90	35	39	91	87	56	18	95
	33	74	17	34	76	86	69	51	23	54	15	26
	15	89	57	93	26	84	81	89	35	91	90	78
	48	93	48	41	78	66	19	33	86	11	30	92
	29	59	51	76	30	72	58	93	53	71	44	24
	79	31	24	87	38	82	31	85	41	15	21	21
	19	99	64	19	19	41	25	15	56	44	89	48
	12	61	52	13	51	22	39	14	57	66	51	79
	18	25	24	30	27	60	72	19	59	32	20	77
	45	22	33	88	70	27	65	17	28	93	97	70
	100	69	71	64	85	48	52	74	74	59	90	57
	80	54	19	87	34	86	27	63	14	22	86	74
	10	89	51	70	48	46	13	44	97	95	92	72
	57	94	46	17	59	82	96	83	11	35	78	88
	96	74	97	45	57	40	47	28	49	83	10	53

	86	37	13	97	70	18	71	79	56	91	63	33
	24	28	60	24	96	17	65	13	14	11	79	60
	80	29	89	52	94	49	74	42	82	58	35	64
	78	13	28	88	95	43	49	57	49	61	26	57
	26	48	41	44	23	24	13	84	91	25	27	74
	49	18	18	23	74	97	97	22	36	36	77	90
	44	79	68	28	15	83	54	80	38	21	96	11
	87	25	62	21	14	28	27	99	81	28	30	39
	43	92	42	78	20	80	54	18	37	29	73	16
	22	72	49	15	89	48	57	44	71	29	97	75
	55	96	70	30	19	60	56	12	38	89	19	79
	50	18	60	85	92	21	61	13	24	75	66	32
	44	42	32	72	34	43	29	62	21	85	78	57
	32	12	72	25	60	65	97	77	79	84	40	63
	24	12	68	12	20	56	96	93	62	51	72	74
	95	76	73	11	99	57	51	72	74	36	13	94
	59	42	76	87	92	44	12	29	93	70	13	25
	96	28	53	37	22	62	39	70	45	72	47	56
	30	69	57	12	62	20	89	51	42	47	37	52
	45	79	51	48	66	39	94	28	33	26	57	68
	47	20	42	57	66	51	36	98	26	81	60	41
	88	61	46	75	22	86	21	99	15	87	24	63
	92	46	46	21	19	22	14	78	56	39	70	47
	34	91	11	99	85	66	39	39	15	75	58	86
	81	58	88	98	93	81	69	71	76	32	37	19
	38	32	38	88	68	14	25	45	11	64	86	54
	45	50	41	93	90	54	37	49	97	53	37	53
	35	68	11	63	59	32	58	68	81	71	74	69
	72	58	36	45	40	20	89	70	28	85	78	37
	44	76	32	37	32	32	51	66	13	43	72	62

	86	26	54	12	35	42	91	62	12	68	78	53
	54	60	49	17	89	66	44	77	26	70	29	49
	60	82	13	54	42	95	61	17	97	77	80	92
	27	90	25	49	63	29	68	34	78	48	79	11
	73	20	18	12	14	47	43	24	94	56	13	29
	54	86	31	71	15	50	25	35	85	91	16	28
	30	71	67	74	91	61	98	24	31	58	44	91
	71	91	43	64	48	46	74	34	92	72	66	41
	39	69	85	66	84	47	35	15	31	13	60	12
	90	64	32	48	31	76	30	92	78	97	96	43
	36	72	69	26	65	26	77	98	63	95	83	37
	76	70	78	79	30	94	23	93	95	40	27	22
	80	23	21	48	32	78	65	53	54	61	33	32
	80	31	79	26	13	71	72	31	11	19	16	26
	25	17	19	21	70	74	66	42	70	11	55	90
	89	34	67	64	43	26	40	76	65	55	42	24
	30	83	65	83	27	57	10	19	76	91	39	12
	66	74	49	63	11	83	36	48	15	37	40	48
	59	94	14	27	50	96	28	20	40	14	53	15
	32	74	56	38	87	48	55	72	100	82	84	60
	28	100	76	59	82	55	59	47	31	12	11	12
	16	89	85	67	74	17	47	11	38	13	79	95
	62	48	85	19	66	41	70	48	96	95	53	33
	16	76	43	75	61	24	79	46	45	98	73	57
	62	31	51	48	64	58	61	98	19	84	18	66
	26	58	37	22	81	22	98	35	39	79	27	47
	46	66	45	35	34	89	50	80	21	37	62	70
	56	21	93	22	22	41	87	71	73	40	40	13
	65	69	11	69	38	13	90	86	27	60	46	84
	63	78	55	85	73	62	85	88	23	16	98	88

	50	44	22	81	36	87	96	80	63	90	60	53
	21	83	45	48	30	47	91	97	70	35	88	17
	41	33	92	41	90	77	18	77	74	25	12	79
	22	89	34	49	40	51	89	94	49	63	42	55
	17	80	14	32	85	80	29	65	61	97	78	34
	43	68	31	98	62	25	84	25	69	68	14	90
	35	50	89	67	21	68	28	64	37	47	63	96
	35	72	21	32	44	64	63	57	67	61	64	33
	98	74	35	17	18	95	65	50	35	87	70	19
	100	94	42	87	43	51	90	48	26	30	75	79
	53	50	21	97	59	23	53	81	75	92	20	11
	24	44	16	76	59	39	47	60	90	28	79	68
	89	10	99	70	15	34	50	49	87	52	11	77
	52	60	43	71	40	80	84	26	15	94	73	84
	78	15	49	11	94	39	62	68	12	87	17	31
	41	64	19	74	53	94	61	100	25	61	44	48
	18	67	70	97	74	80	71	65	50	15	59	54
	18	98	32	92	34	57	18	34	39	36	27	39
	43	28	78	80	11	72	83	79	43	80	100	67
	32	38	99	50	70	62	66	62	96	49	70	45
	37	57	68	89	22	45	54	53	82	85	42	27
	42	79	16	79	30	40	77	37	71	53	65	10
	85	85	54	33	83	76	79	62	32	92	27	78
	27	88	82	43	90	94	53	83	30	64	77	20
	29	49	29	25	96	36	97	49	92	96	97	89
	93	10	24	54	19	99	46	98	80	78	15	93
	36	74	32	41	32	16	13	71	51	64	20	99
	27	69	61	76	78	27	32	52	16	19	32	84
	51	46	85	24	93	64	65	86	30	38	81	59
	81	31	37	42	99	46	85	82	17	49	11	41

	81	43	48	36	38	53	43	48	47	42	85	78
	51	21	86	86	79	95	48	44	47	94	12	20
	37	38	97	92	70	75	20	19	87	66	48	65
	20	35	44	96	83	25	73	73	46	27	89	21
	40	22	26	46	56	52	86	37	26	92	19	15
	44	46	43	37	46	37	12	76	60	74	38	88
	72	10	14	29	62	93	75	24	53	44	49	53
	34	65	98	33	84	33	83	98	23	97	66	18
	82	32	30	35	93	70	53	62	95	95	56	94
	52	25	59	73	85	96	95	69	78	85	85	17
	17	55	11	15	99	58	10	23	14	27	85	77
	55	61	65	91	36	31	67	33	35	24	33	14
	52	99	13	37	51	82	90	77	19	84	45	41
	72	26	22	53	67	54	38	34	61	56	50	79
	57	79	98	93	42	52	36	53	40	84	15	62
	85	21	81	41	23	60	33	75	82	55	57	66
	70	18	85	70	79	64	45	20	88	92	63	88
	80	22	69	20	13	59	22	15	37	39	76	78
	66	65	60	53	86	44	37	99	35	74	73	77
	63	63	64	25	78	56	66	41	24	23	38	85
	87	89	18	68	44	17	22	44	51	17	21	92
	86	14	19	56	30	41	85	82	28	76	26	81
	78	23	31	32	83	16	67	61	14	30	73	76
	23	75	47	30	67	24	31	46	10	46	36	55
	84	91	73	49	53	88	71	30	77	69	78	74
	18	11	38	82	35	12	22	66	85	100	25	33
	17	35	44	61	75	58	42	82	17	30	43	61
	34	87	86	14	46	93	19	99	11	80	42	39
	50	38	70	27	84	100	62	93	67	57	35	80
	83	61	67	24	14	34	83	77	10	21	67	38

	89	89	45	55	16	36	46	31	72	63	71	80
	79	51	94	13	54	31	27	90	99	70	33	84
	52	61	64	70	49	60	51	12	79	81	87	30
	42	37	37	29	64	88	84	44	13	28	64	75
	73	97	46	23	64	45	32	56	74	96	66	95
	71	66	68	85	36	76	15	36	97	34	94	98
	84	10	58	12	41	92	19	88	10	61	13	54
	63	24	15	49	86	54	33	28	62	74	32	99
	77	51	28	82	58	63	30	20	75	38	74	51
	77	19	53	67	95	67	16	98	78	24	28	76
	16	72	73	36	23	80	96	53	30	38	84	95
	21	97	55	99	53	45	75	14	73	44	94	30
	23	19	65	59	31	39	27	22	39	97	56	89
	50	26	50	59	58	59	77	44	42	23	11	19
	35	26	63	94	64	90	73	13	91	27	47	94
	26	69	75	77	28	45	58	28	61	83	82	38
	49	87	22	79	73	81	80	56	89	38	49	54
	42	19	24	95	14	55	74	96	84	82	24	34
	16	61	90	22	99	50	35	78	16	22	99	70
	26	71	66	67	43	72	33	90	42	79	28	86
	96	51	23	95	68	80	19	41	51	91	47	49
	15	44	38	93	67	54	76	66	19	24	52	30
	22	40	86	20	66	26	87	55	92	93	25	54
	87	24	50	25	74	13	26	38	83	34	79	38
	47	55	24	56	36	79	96	69	27	50	12	15
	32	68	28	64	72	19	51	46	28	29	56	45
	86	62	43	29	15	34	48	66	89	82	60	23
	43	29	26	47	65	77	20	95	11	32	47	17
	43	73	78	95	85	62	51	34	76	11	40	83
	62	43	76	71	27	78	22	20	43	55	82	84

	44	17	65	11	45	81	28	71	44	36	91	38
	67	14	11	99	51	98	11	43	79	13	82	63
	94	60	69	88	64	48	40	20	40	28	30	47
	67	19	45	79	90	99	16	39	68	58	44	40
	93	69	46	29	45	14	68	33	98	52	43	20
	81	25	75	64	53	93	12	41	32	53	83	49
	39	39	40	50	83	54	47	62	84	56	56	59
	62	67	73	10	78	39	20	42	44	36	20	34
	49	44	94	58	65	47	49	77	29	46	50	97
	99	44	19	61	74	35	44	54	29	86	59	60
	71	41	81	82	23	88	96	51	35	68	52	82
	97	68	74	42	34	36	85	55	22	56	26	23
	47	20	52	40	46	23	92	29	86	22	93	48
	19	96	37	90	54	63	68	15	55	39	29	40
	75	72	90	74	83	17	21	78	68	17	27	22
	36	33	94	38	98	92	71	36	60	29	42	98
	35	93	34	46	84	60	56	29	87	79	58	33
	91	52	39	42	95	88	83	47	22	40	68	92
	70	21	92	30	54	90	33	31	11	57	40	65
	67	21	35	36	89	44	95	15	68	82	54	54
	77	74	56	36	59	36	75	73	77	21	67	63
	23	95	30	18	16	17	81	72	66	52	71	30
	98	48	65	75	79	79	42	74	85	70	76	73
	15	47	52	33	15	32	68	50	92	58	79	90
	81	84	52	89	67	93	100	87	66	52	66	38
	16	67	67	30	94	99	78	97	96	29	18	48
	45	14	48	85	46	67	38	23	77	77	37	80
	19	32	53	30	27	73	24	36	18	61	25	74
	66	91	61	61	32	63	24	15	67	86	38	51
	84	98	98	11	36	81	86	77	74	36	52	95

	78	12	37	79	19	26	42	57	50	57	94	24
	11	24	47	94	38	55	90	49	64	34	68	20
	36	59	93	63	39	16	82	79	25	53	15	94
	44	42	90	11	41	18	75	92	93	85	71	94
	28	45	70	53	27	61	36	51	22	11	65	50
	22	93	46	41	44	88	67	85	64	34	69	27
	30	47	59	99	17	79	26	57	39	77	93	27
	30	100	54	77	12	74	55	97	19	15	24	43
	13	73	96	37	72	72	92	62	94	59	60	43
	97	48	10	48	23	18	93	73	86	67	35	90
	49	12	17	76	65	34	15	83	35	33	52	29
	71	62	74	44	40	85	59	90	85	93	88	59
	10	18	35	53	41	74	28	74	96	78	57	88
	47	93	57	61	85	16	21	92	13	82	69	85
	72	12	37	53	28	72	19	28	86	58	68	53
	96	15	64	10	31	99	67	12	76	30	18	31
	41	54	74	11	17	36	77	84	41	80	26	78
	69	38	90	57	23	64	60	48	13	77	27	78
	34	24	14	53	79	70	32	26	92	70	42	37
	79	33	63	83	62	43	98	81	91	67	82	27
	19	45	69	53	43	12	88	70	91	41	73	61
	38	81	59	86	96	65	36	99	66	80	91	93
	80	68	97	20	13	22	52	40	21	74	14	12
	81	56	81	90	65	94	62	44	70	26	100	41
	36	68	91	26	12	65	18	42	78	29	35	14
	21	61	71	78	55	15	98	83	15	65	65	13
	57	47	66	64	86	72	72	36	48	12	11	65
	65	31	31	97	53	93	56	30	97	79	59	42
	42	92	73	36	94	26	24	52	67	47	99	76
	96	95	68	82	24	85	44	63	19	20	37	29

	89	61	56	42	25	84	12	85	87	34	71	30
	58	51	22	78	42	21	56	53	92	15	95	89
	43	25	55	34	27	39	59	30	14	86	56	37
	46	45	72	66	70	44	97	54	98	35	31	50
	36	82	48	47	35	69	23	95	25	52	68	15
	88	36	24	30	61	59	51	38	97	41	73	17
	65	82	86	30	29	50	49	18	27	67	34	89
	59	17	84	69	21	28	19	47	83	88	37	23
	29	13	63	67	63	67	13	96	73	69	78	26
	21	49	61	51	36	87	27	25	49	91	56	12
	94	79	77	77	27	68	26	54	81	97	38	28
	51	45	14	15	31	23	49	35	88	39	21	18
	79	11	43	91	71	69	80	67	24	64	79	74
	64	52	60	55	35	28	31	79	57	36	22	26
	40	38	38	53	59	95	37	10	57	62	73	78
	86	84	67	37	45	67	78	66	38	37	48	56
	33	15	61	19	13	26	84	42	64	18	28	91
	98	44	39	78	27	85	86	35	59	17	22	88
	53	88	96	30	79	28	89	60	55	76	71	65
	41	93	92	31	17	59	23	23	91	57	11	66
	47	86	42	23	89	77	32	30	29	39	79	66
	34	70	46	39	89	14	95	16	95	58	16	82
	50	49	66	89	29	19	62	26	39	91	27	54
	15	66	10	72	14	24	63	58	12	29	27	28
	55	45	87	70	78	58	57	39	54	93	92	77
	72	85	70	100	42	14	48	66	42	87	85	57
	30	16	78	79	38	18	96	74	20	91	37	37
	71	59	16	58	80	68	79	46	78	85	76	73
	30	90	29	94	33	35	28	82	21	94	92	92
	10	50	77	21	72	98	32	20	46	29	37	19

