***** PARAMETERS PRP *****

Number of Customers = 30
Number of Products = 10
Number of Vehicles = 5
Number of Periods = 12

B = Production capacity
	49650

b_p = Time required to produce item p
 	1	1	1	1	1	1	1	1	1	1

c_p = Production cost of item p
 	80	80	80	30	30	30	80	80	30	80

s_p = Setup cost of item p
 	800	800	800	300	300	300	800	800	300	800

M = Big number
	198599

U_pi = Maximum inventory upper bound of item p at site i
 	198599	256	188	224	133	315	227	168	203	94	206	253	231	141	132	179	200	273	89	259	71	196	230	182	150	209	274	165	99	223	149
	198599	270	295	214	226	146	123	241	163	129	127	219	248	180	275	69	116	180	305	157	298	222	179	121	240	202	174	200	204	289	179
	198599	113	114	240	158	241	141	130	120	218	106	255	149	182	106	200	221	217	228	156	175	220	174	119	131	205	200	246	215	123	107
	198599	214	104	163	243	208	325	90	313	194	104	97	280	106	315	228	163	170	281	170	139	169	160	139	255	219	340	142	221	238	205
	198599	232	91	310	100	239	160	200	199	186	144	158	222	204	118	116	299	190	94	227	131	179	125	198	343	175	260	111	158	122	208
	198599	165	252	207	173	115	93	211	319	172	136	244	108	199	223	170	320	125	122	146	278	253	109	256	161	113	186	165	270	282	188
	198599	245	142	111	195	111	134	99	147	301	101	312	146	296	159	248	129	284	189	114	153	225	278	273	330	362	102	233	187	138	225
	198599	112	117	117	99	200	114	100	113	149	96	164	243	272	336	182	257	114	179	251	273	174	112	122	204	137	183	206	114	205	123
	198599	121	126	136	157	188	203	149	207	82	150	199	255	247	260	242	204	118	185	270	127	86	112	158	238	142	169	178	177	133	227
	198599	196	86	308	269	130	111	146	179	169	125	124	249	182	224	189	132	119	250	232	188	114	291	318	240	105	353	252	115	181	149

I_pi0 = Initial inventory of item p at site i
 	0	184	94	169	64	282	157	134	195	68	169	240	183	135	86	124	29	86	28	217	33	111	108	171	57	69	97	144	60	13	143
	0	103	150	109	108	106	93	106	136	120	74	59	243	39	165	19	96	91	204	101	217	153	178	73	94	120	138	54	32	140	72
	0	54	82	112	96	154	90	114	96	95	56	53	132	98	72	46	191	169	57	51	155	124	171	79	72	197	116	168	161	62	61
	0	133	57	145	26	203	206	15	189	36	63	73	59	86	112	68	91	88	60	128	112	46	21	88	202	64	250	84	57	54	190
	0	150	31	216	96	213	137	139	38	75	20	45	142	88	27	98	174	75	49	90	12	175	96	39	93	127	139	83	57	99	18
	0	96	191	132	117	39	88	95	100	121	61	139	88	25	193	164	249	29	98	88	260	91	98	54	160	82	176	142	181	109	152
	0	174	84	19	102	96	86	99	67	168	64	146	84	111	157	112	29	55	41	80	109	25	102	36	180	250	15	212	107	112	76
	0	105	25	63	63	158	91	48	107	69	77	158	114	272	267	53	90	108	28	180	250	174	65	25	165	106	165	114	74	99	112
	0	88	96	11	146	136	36	129	185	38	128	144	215	194	93	38	68	86	92	210	81	72	26	123	36	91	90	107	59	126	128
	0	75	56	153	231	98	101	19	29	65	115	89	102	165	147	181	95	23	135	106	44	73	208	76	146	90	220	231	64	150	48

h_pi = Inventory cost of item p at site i
 	8	0	0	0	0	0	0	0	0	0	0	0	0	0	0	0	0	0	0	0	0	0	0	0	0	0	0	0	0	0	0
	8	0	0	0	0	0	0	0	0	0	0	0	0	0	0	0	0	0	0	0	0	0	0	0	0	0	0	0	0	0	0
	8	0	0	0	0	0	0	0	0	0	0	0	0	0	0	0	0	0	0	0	0	0	0	0	0	0	0	0	0	0	0
	3	0	0	0	0	0	0	0	0	0	0	0	0	0	0	0	0	0	0	0	0	0	0	0	0	0	0	0	0	0	0
	3	0	0	0	0	0	0	0	0	0	0	0	0	0	0	0	0	0	0	0	0	0	0	0	0	0	0	0	0	0	0
	3	0	0	0	0	0	0	0	0	0	0	0	0	0	0	0	0	0	0	0	0	0	0	0	0	0	0	0	0	0	0
	8	0	0	0	0	0	0	0	0	0	0	0	0	0	0	0	0	0	0	0	0	0	0	0	0	0	0	0	0	0	0
	8	0	0	0	0	0	0	0	0	0	0	0	0	0	0	0	0	0	0	0	0	0	0	0	0	0	0	0	0	0	0
	3	0	0	0	0	0	0	0	0	0	0	0	0	0	0	0	0	0	0	0	0	0	0	0	0	0	0	0	0	0	0
	8	0	0	0	0	0	0	0	0	0	0	0	0	0	0	0	0	0	0	0	0	0	0	0	0	0	0	0	0	0	0

C = Vehicle capacity
	3620

f = Fixed transportation cost
	29512

a_ik = Transportation cost for traveling from node i to node k
 	0	273	333	259	340	185	343	295	421	439	142	510	72	337	450	389	411	496	451	303	552	492	252	330	346	422	301	250	185	297	368
	273	0	605	531	613	427	212	81	306	171	387	277	333	337	382	661	143	726	676	74	783	250	517	105	485	646	137	328	364	32	582
	333	605	0	91	50	251	649	625	707	767	239	834	284	579	705	57	743	356	342	627	391	818	110	660	449	328	623	473	357	627	329
	259	531	91	0	83	161	561	545	617	698	198	750	202	488	614	144	667	322	296	560	367	736	112	579	364	276	539	382	266	556	261
	340	613	50	83	0	232	641	627	694	778	265	831	284	559	685	74	749	306	294	640	342	817	146	661	416	281	620	454	339	637	286
	185	427	251	161	232	0	415	422	463	598	226	612	115	329	454	301	550	312	267	473	368	602	235	453	221	238	405	223	107	456	186
	343	212	649	561	641	415	0	133	96	309	484	204	369	165	172	704	218	659	606	283	713	202	588	126	369	579	76	220	316	234	511
	295	81	625	545	627	422	133	0	225	200	425	220	344	271	304	681	130	706	654	151	762	198	547	36	443	625	59	284	343	102	558
	421	306	707	617	694	463	96	225	0	383	563	215	437	154	91	760	287	671	619	375	722	227	657	212	368	594	171	246	357	326	528
	439	171	767	698	778	598	309	200	383	0	540	244	502	466	472	822	97	895	844	143	952	212	674	188	642	815	250	483	532	143	749
	142	387	239	198	265	226	484	425	563	540	0	643	147	471	588	291	529	502	467	398	552	622	136	460	436	441	438	375	284	405	403
	510	277	834	750	831	612	204	220	215	244	643	0	551	356	300	890	162	862	810	316	916	33	762	184	568	783	212	424	517	276	715
	72	333	284	202	284	115	369	344	437	502	147	551	0	330	451	339	466	426	381	370	481	536	221	378	297	352	340	231	139	359	299
	337	337	579	488	559	329	165	271	154	466	471	356	330	0	126	629	379	517	465	409	569	360	544	279	216	441	217	106	222	365	375
	450	382	705	614	685	454	172	304	91	472	588	300	451	126	0	755	377	623	573	453	672	315	667	295	319	550	246	232	348	405	487
	389	661	57	144	74	301	704	681	760	822	291	890	339	629	755	0	799	361	355	682	389	874	157	716	489	345	679	524	408	683	356
	411	143	743	667	749	550	218	130	287	97	529	162	466	379	377	799	0	835	783	161	892	130	658	106	567	754	168	409	473	130	687
	496	726	356	322	306	312	659	706	671	895	502	862	426	517	623	361	835	0	53	779	57	859	431	731	305	81	674	439	364	756	149
	451	676	342	296	294	267	606	654	619	844	467	810	381	465	573	355	783	53	0	729	109	807	407	679	254	30	621	387	313	706	96
	303	74	627	560	640	473	283	151	375	143	398	316	370	409	453	682	161	779	729	0	836	286	532	166	551	700	208	396	421	50	637
	552	783	391	367	342	368	713	762	722	952	552	916	481	569	672	389	892	57	109	836	0	914	474	787	355	138	730	494	421	813	205
	492	250	818	736	817	602	202	198	227	212	622	33	536	360	315	874	130	859	807	286	914	0	743	162	569	779	198	421	509	247	711
	252	517	110	112	146	235	588	547	657	674	136	762	221	544	667	157	658	431	407	532	474	743	0	582	454	387	552	440	330	537	369
	330	105	660	579	661	453	126	36	212	188	460	184	378	279	295	716	106	731	679	166	787	162	582	0	461	650	63	303	370	118	583
	346	485	449	364	416	221	369	443	368	642	436	568	297	216	319	489	567	305	254	551	355	569	454	461	0	231	399	160	161	516	170
	422	646	328	276	281	238	579	625	594	815	441	783	352	441	550	345	754	81	30	700	138	779	387	650	231	0	593	360	284	677	68
	301	137	623	539	620	405	76	59	171	250	438	212	340	217	246	679	168	674	621	208	730	198	552	63	399	593	0	242	316	160	526
	250	328	473	382	454	223	220	284	246	483	375	424	231	106	232	524	409	439	387	396	494	421	440	303	160	360	242	0	116	359	292
	185	364	357	266	339	107	316	343	357	532	284	517	139	222	348	408	473	364	313	421	421	509	330	370	161	284	316	116	0	395	218
	297	32	627	556	637	456	234	102	326	143	405	276	359	365	405	683	130	756	706	50	813	247	537	118	516	677	160	359	395	0	612
	368	582	329	261	286	186	511	558	528	749	403	715	299	375	487	356	687	149	96	637	205	711	369	583	170	68	526	292	218	612	0

coordXY = Coordinates (x,y): line zero => x line one => y column => customers
 	129	113	116	166	165	262	324	192	416	54	37	292	174	428	494	111	148	470	457	42	499	261	56	205	470	440	249	369	311	91	424
	413	685	81	157	75	285	695	701	721	845	306	896	358	568	675	25	823	53	104	703	4	886	172	734	357	128	689	480	380	707	194

d_pit = Demand of item p at customer i in period t
 	83	36	65	48	24	33	59	61	17	94	63	31
	56	38	99	39	73	67	95	35	51	80	63	55
	74	95	12	16	22	83	11	98	56	52	73	79
	64	74	78	70	58	81	93	33	52	16	81	97
	99	99	84	42	55	59	68	48	85	52	38	26
	95	62	34	50	13	27	25	14	25	74	47	78
	70	64	91	53	96	47	47	24	78	68	13	19
	76	58	61	67	58	79	54	65	40	92	67	95
	68	91	26	16	22	52	84	37	61	65	23	19
	84	16	69	60	30	15	71	89	95	10	49	31
	50	46	47	97	12	69	15	32	91	85	28	34
	11	89	67	16	71	43	34	85	32	15	16	76
	43	92	23	25	30	99	54	18	75	56	19	31
	86	95	30	88	98	73	31	54	10	61	85	82
	48	24	52	54	59	57	27	70	92	45	97	90
	15	14	75	12	38	97	91	96	21	74	46	21
	28	58	48	92	77	28	90	15	23	77	43	75
	28	86	12	40	55	74	13	15	74	17	74	43
	51	69	97	70	41	44	61	49	89	90	76	39
	33	13	29	43	28	36	19	17	28	11	87	80
	25	86	96	63	83	67	65	73	52	17	99	57
	18	90	79	97	49	29	16	58	30	74	85	65
	41	62	68	37	57	31	26	28	11	64	74	46
	27	30	60	86	75	25	23	29	29	96	78	42
	69	52	54	26	49	37	39	67	45	55	49	86
	97	83	96	51	27	88	63	80	14	15	20	24
	96	48	39	24	28	55	87	85	39	16	79	64
	60	67	99	22	19	73	25	70	27	32	24	75
	13	18	37	98	30	97	27	96	75	25	64	88
	95	48	18	57	10	99	26	23	14	84	39	82

	38	65	96	34	99	64	50	51	66	23	47	14
	91	59	13	44	30	27	91	69	61	65	58	100
	24	30	55	64	52	17	71	71	36	62	63	98
	88	20	32	62	44	33	98	94	43	68	60	37
	32	59	15	54	67	21	99	22	47	39	35	94
	93	79	25	82	51	44	27	52	82	16	91	93
	14	39	53	87	28	96	91	67	56	70	94	29
	59	77	79	24	28	45	49	32	79	71	91	18
	26	94	12	63	38	92	34	92	94	48	91	89
	61	13	33	85	20	71	96	93	33	71	92	93
	59	27	94	13	67	69	45	51	98	29	62	43
	76	64	45	58	37	63	31	80	89	46	89	65
	39	96	81	67	23	60	55	61	23	57	91	65
	70	35	33	27	88	54	94	35	81	32	57	53
	19	84	15	20	63	12	51	11	61	12	39	28
	28	68	35	32	72	91	88	90	95	12	22	65
	12	79	42	85	42	95	46	68	93	44	51	63
	43	95	66	63	76	61	89	53	49	47	59	32
	51	50	34	35	34	57	88	93	69	57	19	40
	54	91	72	80	27	33	29	73	46	32	83	96
	69	84	72	73	61	26	37	34	20	10	36	11
	22	19	96	41	26	67	58	90	82	84	78	51
	62	11	22	53	11	29	34	60	89	21	63	28
	94	23	59	15	82	61	86	56	94	63	31	55
	57	63	51	76	90	54	71	33	81	76	82	72
	61	77	43	65	72	77	11	33	69	68	97	21
	54	92	87	28	53	47	81	15	88	99	75	80
	32	69	53	27	48	42	45	23	54	17	31	49
	41	99	25	39	15	66	83	92	54	53	81	46
	72	83	26	62	51	26	15	40	28	20	66	48

	32	22	87	34	73	69	51	89	65	57	59	42
	39	43	95	14	40	61	52	66	65	52	86	71
	78	34	20	29	37	22	77	27	60	52	41	99
	26	40	30	24	58	95	65	60	51	53	36	94
	85	69	13	11	67	36	80	45	89	38	92	97
	79	11	73	11	98	88	87	86	84	83	65	82
	47	67	80	33	47	25	47	60	44	20	35	14
	96	50	54	82	25	81	38	52	44	96	79	22
	42	33	20	36	64	37	19	91	20	83	65	13
	56	72	48	62	61	17	24	61	42	69	28	93
	19	34	97	68	51	29	21	26	98	56	75	38
	83	49	51	72	58	94	39	28	22	20	16	65
	98	60	60	95	21	81	28	86	51	48	38	60
	24	48	71	24	99	26	65	37	83	55	77	27
	46	25	50	44	68	37	19	84	34	91	39	63
	40	66	69	16	69	28	98	71	16	30	97	64
	23	57	68	21	79	82	68	38	34	40	86	55
	57	23	94	75	56	45	61	69	37	92	48	28
	51	34	41	46	95	22	54	13	75	83	58	53
	84	43	13	15	81	94	89	92	83	15	56	36
	77	22	25	14	40	72	37	80	79	81	46	88
	80	69	22	70	76	84	11	54	50	88	77	13
	27	52	94	80	80	74	43	27	84	33	59	62
	72	85	53	48	88	36	84	97	18	67	97	38
	44	63	29	61	99	82	73	30	20	17	16	82
	85	14	17	49	51	32	74	57	85	83	24	29
	74	94	39	68	53	89	29	66	76	54	40	55
	67	94	23	97	59	38	13	14	75	52	87	25
	62	68	58	34	90	83	57	38	69	96	31	49
	47	14	57	53	74	48	59	83	48	93	33	31

	21	33	52	27	89	43	46	73	91	89	34	43
	47	10	96	90	33	44	43	31	32	74	49	75
	35	48	22	40	66	38	96	22	68	86	42	89
	26	89	12	90	75	54	40	69	38	17	47	25
	53	94	15	41	62	78	23	19	87	42	93	17
	44	70	92	68	83	51	78	47	81	82	17	68
	15	52	41	86	24	16	22	89	14	42	61	80
	74	11	57	47	17	98	89	41	57	100	94	67
	36	77	78	66	45	93	53	81	87	90	45	24
	63	45	63	88	17	76	68	78	58	16	39	10
	73	29	17	14	74	52	50	21	90	72	74	17
	59	49	72	21	76	89	60	40	19	25	69	94
	10	36	40	59	53	48	70	50	84	68	84	36
	77	35	44	79	26	100	70	52	48	76	76	72
	68	72	73	86	97	79	14	13	71	40	22	48
	91	85	89	49	37	37	15	37	30	90	23	68
	23	65	21	35	70	41	69	47	14	22	56	46
	60	61	99	66	79	48	36	13	58	95	44	16
	57	71	100	49	42	48	12	31	36	63	99	72
	62	31	19	90	28	29	76	66	76	19	26	33
	46	89	45	91	43	22	98	27	35	100	17	61
	21	40	71	71	88	26	77	77	61	31	27	50
	78	10	78	14	66	32	96	58	15	52	31	27
	66	68	44	24	11	78	15	74	59	41	98	34
	41	23	10	77	80	84	68	48	60	86	39	40
	64	86	76	24	72	39	89	79	20	93	94	79
	32	52	50	84	44	66	15	32	32	41	22	96
	14	19	24	86	75	72	68	80	55	56	71	44
	21	33	11	55	75	36	63	47	37	72	27	94
	95	30	65	79	21	63	36	50	10	12	11	21

	10	78	62	99	21	68	70	64	72	17	60	76
	31	74	27	62	29	36	55	51	27	76	52	27
	83	70	63	40	63	90	99	28	37	52	33	87
	96	78	51	30	21	48	50	25	43	11	94	52
	97	99	17	87	20	29	48	57	96	80	64	22
	69	20	48	85	58	57	81	85	21	11	20	85
	70	69	83	83	18	25	26	12	95	20	51	48
	38	44	33	32	80	100	16	48	91	25	66	24
	75	42	39	43	71	13	73	60	56	16	31	38
	20	96	41	15	64	64	75	48	91	13	14	35
	17	28	83	81	12	85	54	57	32	79	39	65
	15	96	31	70	45	43	44	53	78	83	34	75
	50	38	42	47	59	76	78	33	56	20	15	97
	27	76	44	60	57	80	19	48	78	77	84	55
	55	43	84	15	93	96	64	28	29	55	47	88
	89	72	13	99	17	66	81	32	67	100	28	54
	75	87	60	64	49	72	23	62	64	95	27	83
	49	73	66	66	38	69	95	11	17	12	34	35
	90	46	58	23	68	39	87	71	95	29	35	39
	12	35	22	97	48	34	45	76	61	24	30	39
	62	48	65	91	75	18	89	89	31	73	37	38
	72	24	81	53	53	58	78	89	34	28	86	94
	39	29	40	70	85	11	23	27	24	97	66	83
	93	31	92	80	78	53	83	72	85	31	90	36
	43	84	95	70	51	72	78	81	23	20	70	12
	14	74	51	49	76	49	88	84	67	73	84	71
	11	72	95	94	50	35	67	88	39	61	10	46
	46	11	18	17	44	74	95	86	63	78	43	56
	99	77	38	68	38	78	59	79	33	91	54	15
	18	10	46	89	70	23	45	62	69	41	60	90

	55	41	91	19	99	45	21	35	37	67	72	76
	77	30	84	75	46	17	15	42	71	43	25	80
	82	50	17	29	99	79	37	59	72	48	19	29
	70	47	42	56	70	89	42	70	22	12	74	97
	39	77	41	60	93	14	39	81	68	78	20	81
	25	63	12	49	68	21	76	84	14	37	56	55
	95	85	54	70	56	32	50	24	42	32	61	33
	100	25	84	36	63	96	45	59	88	90	54	26
	79	42	77	89	79	62	67	17	35	31	52	59
	35	26	53	97	13	42	30	60	50	39	58	42
	50	89	70	87	95	42	24	10	57	98	22	87
	37	51	40	79	81	25	55	76	22	89	79	14
	25	21	98	96	41	80	89	60	90	95	87	13
	94	35	24	40	17	31	61	41	75	69	16	31
	58	43	63	68	20	76	45	42	12	93	98	62
	77	99	73	17	95	19	62	35	77	90	49	75
	29	54	32	84	75	58	63	97	77	77	67	36
	98	51	36	61	92	84	30	55	40	39	46	98
	88	90	87	87	67	93	28	96	49	24	95	70
	95	52	79	34	28	24	86	19	85	29	43	92
	91	25	41	55	41	14	33	82	25	96	34	69
	54	44	67	50	44	95	45	55	54	49	55	42
	10	44	47	17	95	21	82	23	85	42	60	89
	74	64	22	41	11	63	18	86	35	63	83	84
	49	33	85	67	79	94	13	91	53	50	46	17
	90	86	63	79	68	10	88	73	57	13	35	82
	72	70	94	88	78	60	86	89	70	96	89	95
	52	12	46	71	47	23	90	49	90	60	43	64
	79	30	59	24	72	81	50	11	61	83	54	72
	55	52	45	68	89	38	67	87	92	77	30	53

	51	77	46	85	47	24	50	54	12	28	83	30
	84	67	41	14	14	77	55	31	19	52	34	80
	19	26	97	69	60	75	68	43	87	19	58	43
	14	64	24	41	57	18	87	64	50	10	26	13
	96	97	23	20	69	82	49	31	21	52	26	100
	86	99	69	15	49	85	88	94	62	72	45	41
	99	11	12	89	44	43	59	31	20	67	51	66
	56	11	26	16	54	91	79	76	25	26	56	71
	74	94	22	81	46	92	46	54	35	53	34	92
	50	14	62	40	23	76	28	95	30	62	55	69
	58	88	62	90	30	83	60	67	48	51	65	47
	16	68	89	42	18	88	90	55	42	28	36	13
	62	49	85	69	83	71	86	11	86	77	20	12
	60	97	22	87	28	64	77	65	24	64	33	15
	13	43	56	38	91	13	29	88	20	78	81	44
	29	29	13	48	87	35	22	73	36	19	93	31
	55	96	20	88	46	54	35	58	88	99	32	11
	41	36	33	32	34	53	14	85	13	24	46	43
	80	39	55	37	34	27	42	36	85	100	57	94
	15	94	79	16	11	92	29	74	23	11	87	79
	25	33	88	13	59	19	38	65	70	80	34	17
	33	19	50	22	29	93	52	71	49	71	78	100
	36	18	30	66	81	58	38	87	65	14	87	76
	89	12	79	61	91	87	100	46	59	25	74	69
	84	65	74	27	87	98	74	78	99	13	78	92
	15	71	48	55	48	75	28	28	57	44	44	100
	77	49	46	40	76	18	50	97	100	92	33	22
	72	35	27	20	19	98	28	97	43	37	44	41
	12	100	31	21	16	44	58	84	33	88	22	44
	76	15	31	18	49	25	52	40	75	28	59	72

	84	21	34	73	53	99	87	12	29	59	29	91
	25	59	89	35	52	91	90	60	21	16	73	91
	63	100	53	65	80	67	18	73	38	35	76	36
	47	16	45	73	37	48	38	19	81	56	94	39
	72	86	81	71	70	61	53	39	50	37	87	94
	62	29	37	96	76	70	48	13	63	86	12	94
	48	73	94	23	70	18	15	27	33	20	92	85
	16	40	51	80	48	57	51	73	86	99	53	23
	56	13	45	61	37	16	23	71	16	40	30	40
	17	60	69	44	36	86	25	34	17	60	38	88
	61	28	69	45	66	42	53	37	83	94	48	29
	40	74	68	69	97	42	88	12	80	28	61	69
	96	94	43	39	79	31	31	38	12	74	73	43
	93	29	83	62	41	44	74	72	91	95	32	90
	21	32	18	21	32	22	84	61	79	28	65	83
	14	76	92	24	79	36	43	14	64	45	97	33
	43	65	89	11	83	41	26	59	25	62	95	87
	28	42	52	97	33	86	83	54	54	76	82	28
	52	39	89	23	45	44	92	11	91	30	21	65
	93	48	10	99	92	93	87	67	34	13	88	94
	88	24	62	86	42	35	64	73	78	86	14	43
	40	25	97	43	40	52	75	85	75	41	78	19
	25	99	44	45	12	15	15	91	17	57	38	28
	90	24	14	37	72	39	71	31	39	54	83	57
	19	87	80	55	42	95	40	86	88	99	31	98
	27	87	51	15	81	59	56	90	91	57	85	31
	44	70	31	21	13	30	87	36	76	99	21	90
	74	93	16	18	39	42	64	94	20	48	82	94
	99	61	48	92	53	78	93	79	11	56	75	74
	96	16	75	45	21	67	60	89	90	43	69	69

	88	62	65	50	59	69	42	39	64	44	80	66
	22	63	11	89	99	77	88	53	80	55	21	96
	11	17	41	41	85	52	32	72	67	41	25	58
	58	88	36	42	67	23	12	85	99	50	37	31
	49	33	54	68	12	90	89	33	81	69	89	85
	36	59	84	23	67	99	94	64	78	66	46	96
	63	66	59	15	49	16	51	40	88	94	27	29
	87	98	34	78	53	70	74	51	94	32	84	71
	20	18	68	17	93	79	15	48	18	65	37	16
	83	45	91	98	22	12	28	37	31	60	57	36
	100	44	72	19	83	15	12	71	18	45	65	53
	60	76	42	37	76	74	70	70	58	69	35	97
	68	60	66	83	30	40	73	70	73	46	54	78
	12	15	66	63	30	91	59	57	93	18	60	59
	38	29	60	78	42	76	30	13	83	24	77	30
	68	28	75	39	20	35	37	34	66	87	70	52
	86	45	54	74	41	44	83	89	18	40	70	61
	92	83	40	12	74	18	76	73	89	63	71	48
	94	35	81	27	79	89	66	84	37	92	29	98
	63	18	13	48	58	72	28	33	57	27	48	43
	20	52	59	51	14	24	44	13	42	59	40	95
	26	87	37	71	58	80	68	74	69	15	22	63
	25	98	62	69	29	50	13	78	63	85	17	41
	36	78	25	70	57	40	53	35	82	58	92	87
	91	73	76	94	79	93	48	27	71	98	66	37
	14	76	28	16	15	90	58	73	49	61	11	15
	35	72	67	89	71	71	57	65	32	23	46	83
	59	11	40	87	43	73	87	78	68	55	45	63
	44	59	23	49	81	59	79	20	33	32	18	36
	27	39	62	44	32	12	86	42	58	40	38	65

	75	89	18	21	96	32	80	50	46	24	10	46
	38	18	80	29	16	33	24	20	47	33	89	89
	96	57	22	47	96	92	11	82	44	71	37	84
	43	73	79	36	20	19	34	10	96	96	67	72
	86	12	74	42	85	75	66	49	69	43	87	89
	64	37	79	27	26	67	71	69	94	25	74	31
	19	53	57	100	30	54	37	64	12	47	87	25
	29	54	82	57	91	16	34	25	26	50	30	43
	65	92	99	15	95	23	92	18	31	25	54	67
	17	98	43	74	37	73	92	71	85	10	85	63
	89	73	55	96	72	71	37	42	48	71	23	69
	76	26	89	75	69	21	87	99	14	45	67	80
	95	70	67	28	85	94	49	25	98	73	21	21
	32	14	45	56	58	91	19	14	74	99	82	88
	95	86	55	62	57	31	92	12	38	92	69	67
	95	90	77	20	62	17	92	11	97	89	78	66
	23	30	89	87	67	84	41	93	62	25	87	25
	51	84	20	92	60	51	30	21	44	48	68	30
	26	80	87	87	37	58	32	39	23	33	94	99
	27	17	61	37	67	37	61	93	22	65	54	24
	73	63	25	98	97	32	54	16	71	39	53	62
	49	56	29	74	78	96	78	25	80	26	33	75
	76	17	45	75	40	97	36	96	88	91	18	83
	70	76	87	11	99	75	40	70	16	75	72	30
	44	46	73	78	56	68	44	12	34	53	44	79
	69	98	53	55	82	69	89	98	23	72	78	60
	83	66	82	54	42	14	89	78	80	72	17	80
	64	56	82	12	82	47	30	48	24	78	87	78
	66	42	42	29	75	35	97	92	80	74	17	73
	26	22	77	16	50	27	56	24	82	92	43	79

