***** PARAMETERS PRP *****

Number of Customers = 30
Number of Products = 10
Number of Vehicles = 5
Number of Periods = 12

B = Production capacity
	49856

b_p = Time required to produce item p
 	1	1	1	1	1	1	1	1	1	1

c_p = Production cost of item p
 	30	80	80	30	80	80	80	30	30	30

s_p = Setup cost of item p
 	300	800	800	300	800	800	800	300	300	300

M = Big number
	199423

U_pi = Maximum inventory upper bound of item p at site i
 	199423	229	310	301	159	101	227	202	195	110	200	160	104	203	271	300	180	84	277	87	175	231	260	192	107	265	146	157	228	220	264
	199423	132	161	88	115	111	128	280	199	262	210	194	109	201	213	256	176	107	101	225	186	307	241	210	224	91	198	214	162	204	157
	199423	202	307	174	278	360	238	267	144	172	108	231	319	175	119	165	193	202	196	317	92	139	207	202	161	216	117	126	129	121	205
	199423	291	196	283	191	256	188	194	300	193	143	190	222	152	160	379	293	145	284	300	211	118	115	170	178	315	260	260	188	270	230
	199423	136	256	128	107	149	255	88	265	118	186	232	266	192	163	102	187	185	290	140	183	122	172	174	268	111	101	101	292	156	363
	199423	210	260	100	128	179	229	221	266	130	102	152	183	181	112	262	194	276	116	124	314	169	239	234	197	265	241	251	129	156	273
	199423	192	121	303	269	281	237	161	115	94	128	113	124	114	250	351	116	201	174	335	91	266	121	178	112	189	227	158	140	134	225
	199423	243	234	218	220	168	208	173	100	153	117	136	187	214	180	175	219	201	224	214	233	248	206	186	181	213	114	288	282	196	246
	199423	243	181	209	142	159	127	238	122	137	194	199	154	112	273	262	305	304	238	130	151	245	283	117	317	260	270	259	295	287	321
	199423	172	177	323	207	110	163	226	261	140	116	244	114	140	143	99	240	105	201	263	168	109	275	247	296	125	258	103	140	173	195

I_pi0 = Initial inventory of item p at site i
 	0	103	197	74	45	17	104	143	139	46	52	127	26	112	137	272	143	55	225	47	82	56	112	153	50	37	80	85	129	89	193
	0	56	119	87	52	62	116	44	98	101	102	107	92	119	147	67	23	76	91	67	155	108	174	144	148	45	149	31	75	169	125
	0	173	180	129	25	229	213	119	124	165	88	184	175	110	49	67	189	186	189	197	55	117	162	140	36	69	84	89	10	36	156
	0	249	75	77	123	255	100	60	22	89	12	40	76	126	99	89	73	89	216	275	146	64	112	43	164	258	49	57	67	84	39
	0	73	93	31	95	144	254	41	255	105	140	157	173	138	160	94	65	159	215	121	180	68	115	39	49	96	83	97	236	13	233
	0	16	15	71	92	74	37	140	59	78	57	82	161	66	99	76	162	170	94	88	87	96	42	133	51	239	85	202	116	149	202
	0	184	111	97	13	143	68	87	106	93	101	19	56	98	64	65	84	138	168	52	64	221	105	128	99	86	24	45	67	82	50
	0	195	180	61	95	131	34	153	74	52	80	32	85	136	179	80	183	68	206	167	59	216	195	177	59	187	97	209	108	90	102
	0	155	176	194	138	157	127	86	97	102	132	82	84	93	80	223	103	162	236	78	99	115	189	85	150	98	155	148	270	139	76
	0	146	174	99	135	110	159	11	84	97	63	163	86	62	82	37	38	58	47	80	37	100	73	194	178	101	233	70	48	144	150

h_pi = Inventory cost of item p at site i
 	3	0	0	0	0	0	0	0	0	0	0	0	0	0	0	0	0	0	0	0	0	0	0	0	0	0	0	0	0	0	0
	8	0	0	0	0	0	0	0	0	0	0	0	0	0	0	0	0	0	0	0	0	0	0	0	0	0	0	0	0	0	0
	8	0	0	0	0	0	0	0	0	0	0	0	0	0	0	0	0	0	0	0	0	0	0	0	0	0	0	0	0	0	0
	3	0	0	0	0	0	0	0	0	0	0	0	0	0	0	0	0	0	0	0	0	0	0	0	0	0	0	0	0	0	0
	8	0	0	0	0	0	0	0	0	0	0	0	0	0	0	0	0	0	0	0	0	0	0	0	0	0	0	0	0	0	0
	8	0	0	0	0	0	0	0	0	0	0	0	0	0	0	0	0	0	0	0	0	0	0	0	0	0	0	0	0	0	0
	8	0	0	0	0	0	0	0	0	0	0	0	0	0	0	0	0	0	0	0	0	0	0	0	0	0	0	0	0	0	0
	3	0	0	0	0	0	0	0	0	0	0	0	0	0	0	0	0	0	0	0	0	0	0	0	0	0	0	0	0	0	0
	3	0	0	0	0	0	0	0	0	0	0	0	0	0	0	0	0	0	0	0	0	0	0	0	0	0	0	0	0	0	0
	3	0	0	0	0	0	0	0	0	0	0	0	0	0	0	0	0	0	0	0	0	0	0	0	0	0	0	0	0	0	0

C = Vehicle capacity
	3790

f = Fixed transportation cost
	29884

a_ik = Transportation cost for traveling from node i to node k
 	0	498	239	156	236	456	371	392	102	251	186	217	170	119	530	230	76	274	371	523	425	152	446	522	142	429	321	483	424	554	378
	498	0	273	343	629	244	251	517	400	697	480	653	337	461	100	281	473	267	831	143	73	364	860	798	383	856	800	796	800	868	860
	239	273	0	103	425	234	257	437	137	472	297	431	124	189	329	115	239	53	601	285	201	152	657	666	111	645	557	644	615	719	615
	156	343	103	0	322	337	240	357	67	371	196	330	36	159	376	81	138	153	502	381	271	54	554	567	90	544	463	543	512	618	522
	236	629	425	322	0	658	419	274	308	92	151	61	309	354	625	354	192	473	214	696	565	279	235	293	359	228	215	249	193	319	273
	456	244	234	337	658	0	411	646	359	700	529	661	356	367	343	329	469	186	826	133	217	385	888	894	315	876	776	875	849	950	830
	371	251	257	240	419	411	0	266	305	500	272	457	210	399	214	162	315	297	631	370	215	221	638	550	324	639	617	552	569	623	678
	392	517	437	357	274	646	266	0	394	364	207	332	324	483	472	325	316	488	470	629	475	306	433	290	440	443	486	302	350	367	541
	102	400	137	67	308	359	305	394	0	342	208	303	96	98	439	148	117	175	468	421	327	95	532	575	53	519	422	544	500	618	478
	251	697	472	371	92	700	500	364	342	0	229	45	366	365	702	418	234	515	134	751	630	336	195	335	389	179	124	280	191	338	182
	186	480	297	196	151	529	272	207	208	229	0	186	174	286	476	210	111	348	361	553	417	145	381	372	259	377	347	347	326	423	407
	217	653	431	330	61	661	457	332	303	45	186	0	323	334	658	374	193	475	178	709	586	293	230	337	352	216	163	288	211	352	223
	170	337	124	36	309	356	210	324	96	366	174	323	0	191	361	60	136	176	498	388	267	31	543	542	125	534	464	520	496	596	524
	119	461	189	159	354	367	399	483	98	365	286	334	191	0	514	238	179	203	477	455	389	192	560	638	81	542	419	601	542	672	470
	530	100	329	376	625	343	214	472	439	702	476	658	361	514	0	301	491	337	835	240	142	384	850	760	434	849	813	764	783	835	874
	230	281	115	81	354	329	162	325	148	418	210	374	60	238	301	0	193	165	551	343	212	85	588	567	163	581	520	551	536	626	581
	76	473	239	138	192	469	315	316	117	234	111	193	136	179	491	193	0	284	365	518	403	109	419	463	169	408	328	430	384	503	388
	274	267	53	153	473	186	297	488	175	515	348	475	176	203	337	165	284	0	642	253	199	203	703	718	136	691	595	695	664	770	651
	371	831	601	502	214	826	631	470	468	134	361	178	498	477	835	551	365	642	0	882	763	469	125	355	512	96	76	294	183	326	88
	523	143	285	381	696	133	370	629	421	751	553	709	388	455	240	343	518	253	882	0	156	418	930	899	388	921	841	889	879	964	899
	425	73	201	271	565	217	215	475	327	630	417	586	267	389	142	212	403	199	763	156	0	295	798	749	310	792	731	742	741	816	790
	152	364	152	54	279	385	221	306	95	336	145	293	31	192	384	85	109	203	469	418	295	0	513	515	135	504	437	492	466	567	497
	446	860	657	554	235	888	638	433	532	195	381	230	543	560	850	588	419	703	125	930	798	513	0	250	581	30	198	191	88	207	207
	522	798	666	567	293	894	550	290	575	335	372	337	542	638	760	567	463	718	355	899	749	515	250	0	628	276	412	62	173	84	442
	142	383	111	90	359	315	324	440	53	389	259	352	125	81	434	163	169	136	512	388	310	135	581	628	0	567	462	597	551	670	517
	429	856	645	544	228	876	639	443	519	179	377	216	534	542	849	581	408	691	96	921	792	504	30	276	567	0	170	215	108	236	177
	321	800	557	463	215	776	617	486	422	124	347	163	464	419	813	520	328	595	76	841	731	437	198	412	462	170	0	352	243	392	62
	483	796	644	543	249	875	552	302	544	280	347	288	520	601	764	551	430	695	294	889	742	492	191	62	597	215	352	0	112	76	381
	424	800	615	512	193	849	569	350	500	191	326	211	496	542	783	536	384	664	183	879	741	466	88	173	551	108	243	112	0	152	270
	554	868	719	618	319	950	623	367	618	338	423	352	596	672	835	626	503	770	326	964	816	567	207	84	670	236	392	76	152	0	411
	378	860	615	522	273	830	678	541	478	182	407	223	524	470	874	581	388	651	88	899	790	497	207	442	517	177	62	381	270	411	0

coordXY = Coordinates (x,y): line zero => x line one => y column => customers
 	107	363	176	196	244	121	429	491	137	169	286	185	230	40	458	269	182	146	127	244	319	231	239	481	108	211	72	420	309	445	40
	541	115	313	414	732	86	357	615	444	784	588	743	424	443	145	379	551	270	911	37	173	454	966	904	400	957	860	908	913	979	912

d_pit = Demand of item p at customer i in period t
 	47	56	87	14	54	34	71	58	64	54	97	50
	99	49	49	70	10	46	61	91	77	30	71	92
	74	23	77	44	84	27	53	66	30	60	89	96
	45	32	51	19	64	61	60	92	48	11	77	75
	17	96	55	74	41	82	27	11	37	37	46	82
	14	43	22	25	12	25	38	42	95	99	35	95
	90	53	93	60	34	58	59	96	70	70	29	95
	59	80	85	67	94	15	98	97	12	96	15	63
	46	62	36	84	66	35	19	20	100	77	96	20
	52	15	32	85	62	52	65	93	21	63	44	16
	98	29	87	51	32	88	23	29	58	58	53	32
	26	88	69	22	59	99	16	53	59	13	48	71
	20	92	30	31	20	95	84	57	44	71	22	43
	49	71	17	97	28	41	57	51	89	13	67	70
	62	83	98	29	24	70	45	18	67	93	33	99
	66	17	24	36	76	15	24	44	66	67	49	55
	20	35	83	30	91	34	18	38	32	12	78	33
	85	56	84	59	60	80	12	44	88	14	48	35
	47	49	19	29	63	82	11	46	49	26	53	46
	21	43	18	72	63	10	26	99	10	36	82	44
	56	41	58	60	61	49	94	73	24	51	96	29
	51	61	52	79	64	40	66	48	97	71	65	86
	70	50	33	49	31	96	99	93	75	63	42	68
	50	31	89	16	73	62	73	30	67	37	16	99
	37	60	86	95	72	65	76	82	92	32	15	82
	80	16	18	89	74	36	82	14	21	97	13	44
	85	69	77	76	90	44	90	81	87	63	96	81
	80	49	96	49	80	70	77	29	37	41	62	13
	28	14	29	18	22	22	85	69	63	77	64	36
	83	40	16	54	74	72	12	27	69	34	94	59

	56	83	92	78	93	56	70	24	37	55	68	77
	37	82	65	63	78	24	86	14	43	41	49	60
	30	57	59	26	70	42	42	33	41	33	23	70
	52	44	57	21	92	86	73	81	34	59	28	62
	62	74	33	74	86	94	41	47	77	31	13	36
	32	66	18	59	81	99	82	90	97	25	75	44
	44	60	73	12	42	60	64	94	77	43	35	69
	98	93	82	48	90	87	71	57	43	45	61	22
	35	66	19	84	50	18	99	60	52	42	11	93
	67	16	19	39	67	97	76	36	39	67	74	32
	16	91	47	59	32	51	54	63	11	77	46	36
	92	28	21	49	52	55	69	48	30	97	57	57
	82	37	72	73	93	45	62	35	38	31	20	15
	39	36	72	69	16	70	82	88	67	54	32	13
	67	33	31	98	91	76	78	46	71	48	73	57
	23	22	35	60	36	26	22	63	47	68	37	88
	76	39	92	35	69	25	33	18	90	63	14	90
	91	59	57	21	62	27	30	17	90	56	25	70
	67	89	11	44	26	32	22	45	24	50	96	35
	58	36	61	72	71	29	44	89	99	73	47	66
	94	14	36	78	91	95	48	25	48	92	55	61
	86	88	43	18	25	99	12	60	46	62	13	26
	28	84	32	89	85	33	25	39	78	22	51	65
	51	29	68	99	15	27	82	69	22	61	51	97
	45	83	71	11	24	54	27	39	82	59	26	22
	56	93	28	22	43	58	99	37	32	16	71	39
	31	11	15	29	51	30	31	68	66	64	78	39
	13	62	75	75	66	74	43	57	44	26	45	69
	48	84	37	26	56	32	74	65	35	54	20	81
	45	38	42	37	46	16	45	66	44	14	24	53

	59	85	14	15	23	76	18	70	18	94	65	69
	47	67	66	86	72	19	55	20	40	91	96	77
	90	39	44	58	63	66	88	19	43	87	19	81
	25	20	48	84	60	21	91	90	70	80	62	16
	92	65	72	59	56	97	56	77	100	68	73	48
	49	62	33	69	27	66	97	84	16	62	80	69
	78	41	20	65	53	60	84	31	44	23	62	79
	23	86	15	67	71	35	42	94	61	21	31	28
	22	68	75	68	57	36	69	79	41	78	60	33
	66	22	87	27	85	62	33	74	90	18	56	26
	64	76	44	71	34	95	94	49	27	16	50	74
	42	69	64	43	95	58	63	47	89	28	73	94
	87	23	99	81	60	46	46	69	98	24	28	37
	49	18	70	64	51	92	90	29	87	11	62	91
	67	96	64	40	67	46	57	32	68	35	53	36
	16	97	76	31	69	99	27	73	92	98	25	69
	57	62	39	28	43	57	49	21	68	67	21	94
	80	14	51	44	19	79	40	17	68	96	24	55
	54	94	49	61	96	83	11	72	23	61	68	89
	18	37	71	30	42	23	39	87	88	17	76	24
	15	18	84	63	32	35	39	48	98	19	86	17
	98	18	46	59	24	53	80	26	27	83	62	45
	61	79	72	86	52	37	98	30	91	12	94	95
	36	67	67	38	14	53	49	98	67	55	14	84
	69	32	33	59	16	58	40	52	90	60	91	48
	84	81	85	63	37	58	55	50	63	77	12	37
	30	59	91	79	100	95	51	92	47	69	25	15
	10	87	74	98	64	72	19	75	78	66	79	50
	36	89	84	34	62	93	30	86	98	32	46	33
	22	93	41	57	58	12	25	73	94	26	76	37

	54	93	33	69	79	87	26	23	57	97	39	42
	75	81	20	66	37	23	68	35	86	19	46	33
	45	32	96	95	58	42	79	26	29	54	90	33
	49	74	79	60	90	99	65	70	32	41	40	66
	61	90	27	77	69	20	30	63	81	100	87	64
	60	40	79	50	72	19	99	39	18	13	18	56
	29	31	71	63	16	28	37	54	72	85	11	86
	22	73	56	98	44	33	70	83	47	13	85	95
	89	31	29	41	66	11	46	73	44	34	47	69
	12	19	31	21	47	99	38	63	41	99	64	36
	40	11	82	50	96	54	96	84	74	76	37	59
	76	21	77	65	62	33	43	50	36	77	69	57
	97	29	58	59	68	19	21	53	33	32	71	66
	65	34	17	99	47	63	79	40	29	41	39	88
	89	64	75	82	18	76	99	90	88	66	77	86
	73	99	97	53	43	32	39	57	69	20	41	80
	89	96	86	91	67	67	16	79	100	81	61	36
	71	91	54	99	19	34	24	53	76	57	60	43
	90	98	31	56	85	83	68	11	52	56	70	19
	32	62	52	11	41	55	41	87	53	80	45	75
	48	16	92	74	13	81	31	80	78	94	58	42
	23	43	46	23	99	97	72	64	16	49	71	86
	43	10	72	82	62	49	35	10	97	99	29	93
	74	76	14	62	58	14	39	93	94	43	61	83
	89	91	46	32	40	35	86	30	100	76	37	95
	49	49	84	84	21	52	60	63	78	92	70	77
	57	97	34	88	31	72	95	52	78	78	29	70
	17	50	77	49	59	26	38	17	81	21	61	68
	67	17	41	56	33	71	67	61	34	61	58	81
	39	38	70	51	19	31	73	30	17	40	58	86

	73	98	74	72	90	27	27	95	97	52	68	40
	93	46	81	10	25	65	90	57	57	57	12	22
	31	76	99	16	93	32	94	98	81	39	20	86
	95	43	86	20	90	59	39	39	87	23	13	47
	45	85	14	71	42	36	50	49	62	32	51	60
	51	71	57	75	44	56	77	48	84	57	85	59
	41	89	35	40	59	52	35	46	18	19	37	56
	78	92	85	58	22	43	72	88	46	78	38	95
	16	89	74	58	97	88	55	94	60	46	14	19
	23	51	66	12	82	95	50	95	78	94	12	85
	28	62	67	91	32	92	67	32	52	87	52	33
	69	57	47	96	44	38	64	75	11	22	89	26
	16	38	84	91	31	31	68	28	42	88	13	45
	42	89	29	99	60	42	65	56	48	34	74	14
	94	36	46	46	45	12	33	35	48	55	75	89
	12	53	14	49	71	50	23	35	46	92	52	64
	30	46	83	39	76	60	83	59	46	88	74	54
	57	96	39	23	59	51	14	79	31	78	70	100
	35	86	68	45	97	27	26	18	11	96	22	28
	97	83	38	11	29	26	25	75	86	23	32	25
	68	29	20	89	85	49	57	97	95	32	83	30
	53	62	32	87	31	19	50	88	66	93	18	87
	39	81	60	73	56	62	29	78	24	71	83	41
	49	43	10	34	31	95	98	26	35	60	87	74
	26	37	33	30	76	12	78	24	88	98	94	71
	24	59	29	97	69	64	10	64	49	31	87	24
	63	34	30	90	16	48	80	24	77	20	69	52
	64	56	37	79	12	18	87	60	96	53	94	45
	13	80	17	33	34	29	56	95	91	57	33	84
	57	82	94	97	25	100	63	65	76	40	100	72

	16	31	11	23	83	17	13	44	91	65	90	20
	15	90	64	97	29	42	69	32	24	33	38	90
	20	51	39	21	14	52	57	68	82	31	98	68
	92	62	62	45	35	83	84	60	44	42	76	81
	74	36	36	33	57	43	99	80	92	45	30	92
	37	77	45	94	18	77	39	50	54	45	77	73
	53	41	31	15	43	69	56	74	93	56	100	31
	59	85	54	83	27	71	78	51	83	85	66	57
	78	80	89	15	84	90	84	36	40	77	98	11
	11	46	83	53	31	96	55	51	26	100	47	13
	60	22	72	40	48	56	65	47	73	33	39	51
	55	60	46	99	60	63	45	82	79	72	40	31
	66	62	66	94	35	56	30	27	77	55	69	86
	70	29	36	30	28	14	98	57	96	31	86	94
	49	27	38	22	45	28	43	80	65	93	75	64
	79	39	44	74	86	91	84	98	31	78	59	14
	62	17	91	84	28	79	12	28	77	66	56	62
	94	71	82	12	57	92	40	70	11	90	66	12
	88	50	98	64	71	47	88	58	13	81	21	64
	87	83	33	72	94	96	39	48	25	54	48	74
	96	91	25	31	49	64	67	18	58	13	72	91
	42	23	30	36	77	80	35	15	44	94	57	40
	57	76	51	73	20	60	51	47	55	11	31	29
	51	56	87	24	40	60	87	19	67	22	33	44
	29	81	45	84	69	93	97	55	81	78	28	56
	85	56	39	75	76	65	38	46	61	37	58	86
	83	26	52	41	40	60	70	36	92	83	93	76
	70	46	61	66	70	99	72	66	62	17	68	77
	53	28	68	93	80	53	20	47	19	10	58	96
	50	63	89	95	20	62	19	86	61	65	21	24

	94	90	69	34	15	75	63	83	30	45	85	83
	28	83	85	34	74	94	46	87	15	74	90	17
	97	27	52	68	93	60	53	71	66	84	27	28
	13	58	41	52	91	33	13	92	97	19	55	81
	64	79	30	28	60	26	57	85	93	16	71	65
	32	36	98	44	72	86	93	13	25	48	92	72
	87	88	50	11	45	16	70	42	52	61	71	49
	20	86	75	68	36	22	63	94	73	56	27	67
	93	72	42	79	13	48	21	41	17	19	91	27
	37	64	91	65	32	35	13	44	39	23	36	34
	19	29	58	56	28	48	87	99	22	98	59	72
	56	47	96	96	70	69	89	56	74	30	49	13
	98	64	39	75	32	44	77	27	30	75	93	32
	64	80	21	35	63	79	92	40	40	11	11	65
	65	46	70	84	72	76	95	72	81	17	89	76
	53	31	54	27	75	67	12	57	31	29	10	17
	64	28	46	90	91	71	41	31	74	93	79	97
	60	35	73	34	29	55	20	23	76	59	28	29
	52	63	100	95	71	87	18	37	59	63	84	74
	43	21	50	16	85	37	65	19	24	50	88	48
	75	53	47	46	52	40	56	51	96	42	36	44
	80	25	56	26	98	62	56	26	98	98	59	42
	47	25	56	41	65	81	19	31	60	40	55	15
	84	15	91	73	52	56	19	26	89	98	27	41
	14	72	26	74	65	71	22	40	23	11	80	70
	24	57	48	13	74	29	87	55	91	23	83	97
	45	42	32	75	44	87	32	42	27	12	13	24
	67	63	77	53	11	77	31	11	33	53	33	51
	34	48	56	90	19	79	20	35	85	19	28	21
	50	72	78	30	13	35	23	35	98	48	98	94

	54	54	87	73	15	36	84	71	96	18	99	41
	95	85	74	85	55	36	47	34	15	55	73	49
	61	95	18	67	49	90	81	34	10	67	72	10
	95	90	72	100	91	99	67	43	92	38	54	40
	77	54	87	17	34	60	29	15	61	88	83	65
	34	60	11	50	75	20	19	17	55	29	65	64
	71	71	11	61	76	73	48	60	12	24	88	97
	74	69	98	23	34	91	75	80	10	14	19	13
	52	11	22	16	64	18	71	64	68	85	77	62
	80	82	98	32	43	93	23	68	42	80	12	48
	32	97	22	46	59	45	31	74	11	39	32	54
	85	62	62	39	49	92	51	35	81	82	85	24
	44	92	22	19	60	87	67	29	70	33	82	37
	50	71	58	94	57	99	31	89	18	35	32	85
	80	97	12	28	82	49	73	51	30	53	57	89
	31	90	62	59	64	76	85	91	59	99	64	97
	36	32	46	68	55	24	70	78	61	82	18	32
	44	67	57	38	16	21	18	59	54	36	63	65
	81	86	88	61	76	55	38	16	75	25	11	29
	59	51	10	34	19	36	83	65	14	26	88	73
	68	71	77	52	37	46	17	47	55	62	39	23
	18	90	87	99	64	49	96	45	51	88	90	46
	68	13	86	10	98	82	62	60	19	72	88	85
	59	48	17	68	74	66	21	83	22	99	97	71
	53	46	75	13	86	17	16	64	33	29	63	16
	97	47	73	19	23	24	83	87	35	47	54	94
	58	91	60	17	54	70	55	33	58	48	56	90
	62	46	28	52	81	72	73	17	67	68	62	48
	42	48	79	40	32	72	56	23	92	37	38	30
	65	10	27	34	49	43	77	76	95	78	98	85

	29	43	83	89	85	64	39	43	85	40	83	46
	66	42	46	22	54	70	99	74	95	68	69	20
	68	51	75	79	13	90	51	13	23	86	62	17
	47	91	49	63	12	76	27	52	15	23	47	65
	80	14	63	24	29	55	77	82	90	34	59	30
	42	85	65	50	68	29	88	55	19	94	72	94
	86	15	90	59	91	59	99	36	69	23	52	35
	97	61	98	93	86	20	36	34	78	63	33	33
	34	32	36	89	79	43	40	13	12	38	52	78
	78	18	36	41	93	20	50	36	54	24	46	86
	28	54	55	21	56	19	16	57	41	74	95	80
	84	98	51	22	74	32	18	10	29	95	87	15
	39	54	23	46	80	28	62	29	82	98	83	47
	80	53	94	51	57	100	47	82	96	62	69	28
	42	77	87	17	89	78	63	70	67	53	69	75
	93	10	86	71	29	31	91	89	26	50	62	93
	63	99	99	12	16	43	92	38	81	60	40	86
	64	75	97	69	23	49	42	32	71	13	92	87
	42	36	71	25	74	10	44	36	54	25	29	73
	52	47	83	25	61	27	45	80	16	95	59	12
	35	60	20	29	36	22	60	58	65	25	78	100
	88	52	49	47	66	99	60	29	40	47	89	13
	68	17	33	73	51	99	63	14	59	94	60	69
	58	92	73	28	94	64	14	61	16	67	98	95
	45	53	56	29	47	80	33	79	23	13	83	84
	58	75	22	22	72	80	82	32	19	40	73	72
	46	22	80	21	31	29	88	88	99	20	76	22
	94	83	65	28	55	92	25	93	91	46	22	13
	21	88	30	40	20	73	85	31	92	48	69	91
	76	62	57	35	52	95	68	85	91	36	36	78

	88	58	51	96	51	11	97	28	64	39	68	35
	99	75	20	67	30	78	35	30	54	76	97	46
	99	93	17	60	48	31	75	33	65	90	92	73
	30	85	20	53	18	64	75	11	56	96	35	77
	20	90	83	89	43	51	23	93	46	59	41	20
	55	90	14	11	35	56	25	89	40	36	25	12
	11	74	54	86	23	49	20	31	88	18	10	78
	84	84	62	55	14	74	52	42	97	14	15	33
	69	28	84	35	36	13	12	47	65	76	36	59
	63	60	95	54	18	48	33	76	79	90	23	59
	76	87	69	84	67	56	39	68	18	95	30	44
	52	34	41	22	68	56	91	72	70	32	51	92
	62	39	22	83	78	68	30	31	22	35	16	73
	82	94	66	22	26	16	62	13	92	37	34	28
	37	74	88	24	39	42	71	39	68	45	14	50
	38	30	99	89	33	78	83	15	93	78	61	22
	58	73	29	55	39	52	46	14	40	98	25	99
	12	35	34	78	57	47	24	34	65	43	11	43
	30	50	26	28	64	60	56	79	97	45	24	73
	37	20	12	74	58	54	14	54	33	90	16	43
	25	75	59	87	42	23	22	100	45	100	25	51
	73	57	76	60	83	21	96	73	93	98	59	35
	45	71	25	53	48	66	88	74	26	73	75	97
	91	87	57	57	63	87	28	14	90	31	80	26
	55	46	74	55	48	80	29	54	95	28	97	89
	89	95	49	26	16	66	31	84	68	40	10	45
	70	96	21	39	37	71	26	71	54	76	47	11
	36	12	19	68	15	28	35	61	33	97	79	75
	75	69	67	85	71	37	74	41	37	57	53	26
	53	58	39	72	37	37	53	38	51	20	40	86

