***** PARAMETERS PRP *****

Number of Customers = 30
Number of Products = 10
Number of Vehicles = 5
Number of Periods = 12

B = Production capacity
	50384

b_p = Time required to produce item p
 	1	1	1	1	1	1	1	1	1	1

c_p = Production cost of item p
 	30	30	30	30	80	30	30	30	30	30

s_p = Setup cost of item p
 	300	300	300	300	800	300	300	300	300	300

M = Big number
	201536

U_pi = Maximum inventory upper bound of item p at site i
 	201536	336	130	170	118	143	165	208	234	138	282	191	287	133	231	240	153	163	197	216	246	154	129	308	113	226	268	297	248	154	215
	201536	162	116	125	238	226	102	136	146	308	187	283	121	192	90	206	98	258	161	338	201	111	122	204	168	164	187	188	133	123	129
	201536	111	256	260	238	147	272	109	102	201	87	215	306	74	144	190	179	107	225	338	182	267	122	88	250	113	229	200	311	218	265
	201536	148	237	165	170	313	114	234	171	236	224	233	139	165	249	267	197	193	148	168	258	283	269	248	104	114	308	184	183	245	201
	201536	110	246	198	278	117	292	211	152	176	96	165	186	124	202	104	272	270	312	176	126	110	267	246	126	177	114	188	185	183	99
	201536	79	153	165	158	296	305	298	222	289	163	115	128	223	263	123	112	149	94	102	290	279	223	143	98	245	295	248	147	269	159
	201536	235	101	109	116	186	229	175	296	259	111	80	239	255	168	106	153	191	220	115	243	117	98	128	93	258	229	267	105	136	229
	201536	124	194	197	222	268	234	128	122	263	140	230	283	162	134	243	252	207	184	117	195	277	297	125	105	117	187	244	147	91	128
	201536	173	223	265	110	192	290	238	242	143	131	239	354	295	334	149	112	116	190	258	82	309	179	276	271	197	151	183	118	109	302
	201536	159	315	253	88	234	205	298	292	166	164	298	154	198	323	232	275	159	107	281	138	122	118	135	117	183	263	294	239	227	274

I_pi0 = Initial inventory of item p at site i
 	0	250	129	94	44	97	67	35	163	120	99	173	175	113	33	168	140	118	92	33	179	94	85	128	89	69	104	137	110	118	64
	0	140	25	47	208	155	88	38	36	150	117	278	49	120	77	66	72	45	84	141	187	105	53	141	124	77	184	78	129	39	125
	0	59	61	131	80	56	134	96	82	144	46	113	124	30	58	39	85	100	95	79	102	187	73	34	91	68	42	69	244	84	61
	0	95	131	128	47	272	93	123	170	206	147	153	95	122	82	155	37	89	79	102	73	162	21	40	92	55	56	183	171	164	145
	0	42	54	13	34	86	231	205	118	88	70	139	23	29	140	58	88	90	134	67	112	80	103	203	67	75	63	152	117	65	50
	0	78	138	140	157	271	257	237	168	269	125	43	88	159	178	110	67	119	70	69	243	62	138	83	89	129	164	101	139	236	121
	0	39	93	92	80	132	86	83	127	206	95	43	186	39	110	55	78	100	138	84	98	117	68	126	89	167	182	148	55	73	190
	0	118	173	107	100	91	139	117	93	182	92	196	182	121	123	236	157	64	113	89	48	145	145	91	29	57	51	231	32	38	107
	0	124	125	48	67	128	93	108	117	81	100	64	35	75	82	76	77	115	67	183	51	94	54	212	119	89	74	168	83	106	240
	0	42	108	151	24	103	200	14	57	125	153	225	106	120	108	190	102	72	78	144	111	99	44	68	97	129	18	142	91	153	219

h_pi = Inventory cost of item p at site i
 	3	0	0	0	0	0	0	0	0	0	0	0	0	0	0	0	0	0	0	0	0	0	0	0	0	0	0	0	0	0	0
	3	0	0	0	0	0	0	0	0	0	0	0	0	0	0	0	0	0	0	0	0	0	0	0	0	0	0	0	0	0	0
	3	0	0	0	0	0	0	0	0	0	0	0	0	0	0	0	0	0	0	0	0	0	0	0	0	0	0	0	0	0	0
	3	0	0	0	0	0	0	0	0	0	0	0	0	0	0	0	0	0	0	0	0	0	0	0	0	0	0	0	0	0	0
	8	0	0	0	0	0	0	0	0	0	0	0	0	0	0	0	0	0	0	0	0	0	0	0	0	0	0	0	0	0	0
	3	0	0	0	0	0	0	0	0	0	0	0	0	0	0	0	0	0	0	0	0	0	0	0	0	0	0	0	0	0	0
	3	0	0	0	0	0	0	0	0	0	0	0	0	0	0	0	0	0	0	0	0	0	0	0	0	0	0	0	0	0	0
	3	0	0	0	0	0	0	0	0	0	0	0	0	0	0	0	0	0	0	0	0	0	0	0	0	0	0	0	0	0	0
	3	0	0	0	0	0	0	0	0	0	0	0	0	0	0	0	0	0	0	0	0	0	0	0	0	0	0	0	0	0	0
	3	0	0	0	0	0	0	0	0	0	0	0	0	0	0	0	0	0	0	0	0	0	0	0	0	0	0	0	0	0	0

C = Vehicle capacity
	3540

f = Fixed transportation cost
	30070

a_ik = Transportation cost for traveling from node i to node k
 	0	169	246	328	224	390	467	134	256	375	371	258	342	374	481	47	342	483	480	292	458	660	348	254	200	447	147	224	512	402	318
	169	0	109	480	334	473	399	299	424	231	321	105	177	214	315	210	174	382	592	430	478	493	179	388	65	382	311	107	358	303	481
	246	109	0	571	437	580	480	379	497	270	413	31	179	227	293	292	134	446	697	528	582	465	157	486	157	465	393	195	366	373	563
	328	480	571	0	183	246	578	201	148	619	488	579	628	645	763	282	649	643	221	74	417	933	647	110	482	560	188	482	760	578	79
	224	334	437	183	0	171	403	161	233	441	310	438	461	473	591	185	491	462	262	113	285	757	484	73	320	384	157	313	580	396	228
	390	473	580	246	171	0	387	326	363	515	319	575	563	562	676	354	608	471	148	186	179	824	594	185	442	372	319	421	639	428	321
	467	399	480	578	403	387	0	518	626	248	99	456	347	314	391	469	416	97	531	505	241	488	388	472	335	20	522	293	310	116	630
	134	299	379	201	161	326	518	0	128	481	419	391	464	491	604	90	472	556	381	180	442	781	475	153	317	498	14	331	622	479	184
	256	424	497	148	233	363	626	128	0	608	529	511	592	619	731	215	597	673	368	180	513	908	601	182	445	607	118	459	749	599	86
	375	231	270	619	441	515	248	481	608	0	226	241	104	66	163	401	173	186	659	554	435	316	144	512	178	240	491	152	142	134	645
	371	321	413	488	310	319	99	419	529	226	0	392	308	287	387	372	372	157	466	415	210	514	349	380	259	79	424	219	329	112	536
	258	105	31	579	438	575	456	391	511	241	392	0	149	197	264	302	105	419	696	532	568	437	127	490	142	442	404	177	336	348	574
	342	177	179	628	461	563	347	464	592	104	308	149	0	49	140	378	70	289	700	569	510	318	42	526	149	336	476	148	190	232	641
	374	214	227	645	473	562	314	491	619	66	287	197	49	0	119	407	114	249	703	583	494	290	84	540	176	305	502	164	145	199	663
	481	315	293	763	591	676	391	604	731	163	387	264	140	119	0	517	159	307	819	701	596	179	140	658	287	388	615	281	111	284	779
	47	210	292	282	185	354	469	90	215	401	372	302	378	407	517	0	383	495	437	246	436	695	387	209	232	450	103	250	541	415	273
	342	174	134	649	491	608	416	472	597	173	372	105	70	114	159	383	0	359	740	595	569	333	31	552	172	405	485	187	239	301	653
	483	382	446	643	462	471	97	556	673	186	157	419	289	249	307	495	359	0	617	570	336	392	330	534	319	104	562	278	217	82	688
	480	592	697	221	262	148	531	381	368	659	466	696	700	703	819	437	740	617	0	203	306	970	729	230	570	517	371	555	785	575	297
	292	430	528	74	113	186	505	180	180	554	415	532	569	583	701	246	595	570	203	0	349	869	590	44	425	487	169	422	693	507	137
	458	478	582	417	285	179	241	442	513	435	210	568	510	494	596	436	569	336	306	349	0	719	549	333	427	232	439	393	535	318	486
	660	493	465	933	757	824	488	781	908	316	514	437	318	290	179	695	333	392	970	869	719	0	318	826	464	491	792	454	186	403	953
	348	179	157	647	484	594	388	475	601	144	349	127	42	84	140	387	31	330	729	590	549	318	0	547	166	378	487	175	212	273	655
	254	388	486	110	73	185	472	153	182	512	380	490	526	540	658	209	552	534	230	44	333	826	547	0	382	454	143	379	651	469	160
	200	65	157	482	320	442	335	317	445	178	259	142	149	176	287	232	172	319	570	425	427	464	166	382	0	318	329	43	313	239	493
	447	382	465	560	384	372	20	498	607	240	79	442	336	305	388	450	405	104	517	487	232	491	378	454	318	0	502	276	310	107	611
	147	311	393	188	157	319	522	14	118	491	424	404	476	502	615	103	485	562	371	169	439	792	487	143	329	502	0	341	632	486	171
	224	107	195	482	313	421	293	331	459	152	219	177	148	164	281	250	187	278	555	422	393	454	175	379	43	276	341	0	292	198	500
	512	358	366	760	580	639	310	622	749	142	329	336	190	145	111	541	239	217	785	693	535	186	212	651	313	310	632	292	0	218	786
	402	303	373	578	396	428	116	479	599	134	112	348	232	199	284	415	301	82	575	507	318	403	273	469	239	107	486	198	218	0	618
	318	481	563	79	228	321	630	184	86	645	536	574	641	663	779	273	653	688	297	137	486	953	655	160	493	611	171	500	786	618	0

coordXY = Coordinates (x,y): line zero => x line one => y column => customers
 	454	414	488	350	282	126	16	442	486	224	99	461	325	279	280	438	392	43	134	307	4	204	362	310	350	33	438	308	172	116	428
	621	457	378	932	763	831	461	754	874	326	514	364	305	291	173	665	285	368	978	873	701	11	286	830	451	471	767	452	194	404	937

d_pit = Demand of item p at customer i in period t
 	74	93	83	93	70	66	75	77	83	42	22	28
	73	56	55	96	86	95	67	44	57	30	74	48
	94	97	13	59	65	11	88	16	56	96	32	53
	44	98	28	80	16	66	81	87	98	18	80	11
	34	63	79	83	84	38	51	16	63	33	17	12
	67	35	12	67	88	62	37	80	20	53	52	86
	35	57	43	86	32	75	53	16	72	49	15	90
	97	34	32	22	55	63	89	87	79	33	38	72
	35	85	88	69	33	93	37	89	86	83	44	88
	99	97	42	64	72	40	86	54	97	11	84	99
	78	95	31	86	64	94	62	93	11	70	52	27
	17	69	89	64	56	44	29	67	48	60	81	65
	60	53	75	51	73	66	44	99	39	79	65	91
	21	12	44	23	35	63	82	97	14	75	16	73
	77	77	14	95	17	38	39	67	95	71	74	56
	81	23	36	34	21	16	69	81	84	51	25	91
	54	64	60	67	32	22	84	31	51	79	95	13
	60	32	47	93	98	95	73	44	80	54	37	75
	33	83	96	16	31	26	72	34	97	44	55	62
	30	54	95	37	87	72	30	15	74	98	54	93
	44	29	21	22	52	68	80	44	66	59	98	31
	60	25	67	12	77	72	76	96	98	83	15	94
	73	37	18	100	88	44	31	15	100	56	91	86
	64	25	41	84	69	30	43	33	70	69	57	94
	69	19	36	99	29	63	78	36	67	55	57	71
	52	52	15	64	57	23	66	54	74	86	78	21
	46	40	51	23	36	77	89	45	77	85	94	49
	85	25	26	13	92	98	42	18	88	62	95	99
	54	41	10	13	36	72	91	74	82	35	96	12
	48	16	67	30	86	14	30	38	78	35	64	11

	37	32	71	98	49	73	50	34	52	11	56	85
	25	23	29	84	30	99	99	29	20	91	80	85
	47	24	82	98	89	92	55	24	33	86	53	68
	85	26	97	80	65	79	44	36	22	56	34	91
	37	79	39	76	38	44	34	59	71	62	98	40
	43	45	76	70	37	89	50	11	68	61	34	26
	38	36	74	70	86	71	60	51	92	47	92	100
	23	13	23	24	98	68	60	38	24	70	98	45
	78	72	26	94	23	85	38	70	32	88	97	36
	97	20	67	20	57	62	60	76	43	62	99	85
	42	78	86	72	74	97	55	54	65	91	54	82
	49	71	28	46	58	22	69	88	57	98	52	85
	73	47	100	24	98	90	59	29	48	86	99	16
	15	62	17	46	77	68	15	37	75	32	58	36
	38	28	28	27	63	73	96	56	96	44	17	52
	34	38	67	74	54	11	58	18	11	95	33	92
	33	12	36	60	92	96	89	94	45	93	31	92
	21	63	88	75	73	49	38	55	99	27	35	22
	88	53	32	99	77	100	77	68	32	89	53	42
	48	75	64	86	34	49	92	80	25	87	85	80
	67	38	61	72	78	62	24	62	60	80	23	41
	53	79	29	71	66	80	19	82	36	37	87	92
	41	100	72	95	24	79	81	11	31	28	20	31
	85	39	31	49	10	22	85	17	59	24	31	53
	45	32	56	16	52	94	87	25	51	100	29	68
	67	25	53	39	61	63	87	61	100	38	66	86
	36	27	15	70	69	18	49	16	94	32	80	58
	45	34	50	74	55	36	56	12	18	22	38	93
	39	41	82	14	83	100	84	27	51	90	53	76
	44	81	16	43	82	94	83	10	83	55	86	97

	59	76	49	39	20	94	58	47	20	25	88	89
	12	22	14	13	18	74	83	75	92	45	69	98
	63	68	77	44	93	76	71	23	95	99	41	29
	80	35	49	15	12	18	82	40	35	88	91	26
	31	11	14	94	22	81	96	98	15	21	58	47
	63	71	35	96	92	62	13	50	37	78	16	40
	46	50	54	24	20	94	37	99	48	81	15	83
	82	70	31	23	67	13	87	80	11	56	26	65
	26	26	92	77	90	56	100	70	90	90	49	36
	17	29	66	15	20	60	48	44	19	91	68	42
	12	70	31	48	54	12	93	11	14	26	52	93
	92	32	50	59	76	86	54	83	31	58	16	98
	30	58	50	14	49	17	14	33	23	95	42	18
	58	12	17	31	60	54	91	31	34	47	63	77
	39	17	89	20	89	65	45	56	14	17	54	66
	43	42	88	22	37	71	80	25	26	10	57	36
	100	62	20	15	13	69	28	88	99	60	49	41
	49	46	74	89	38	41	56	57	95	60	47	22
	65	14	75	79	59	99	94	13	67	82	88	77
	42	60	51	25	13	62	16	21	71	60	78	46
	62	32	93	37	29	55	31	65	68	36	33	99
	73	74	69	51	74	90	28	78	61	60	11	61
	14	20	61	52	29	31	27	39	82	63	64	46
	91	60	96	88	43	81	66	60	71	11	65	17
	68	85	24	12	65	26	46	94	47	52	60	96
	21	21	38	93	30	57	30	27	58	56	23	96
	39	30	90	60	89	53	73	80	56	90	72	67
	67	53	59	65	24	18	78	32	97	70	96	88
	53	31	81	24	67	66	62	98	10	18	82	62
	61	39	29	69	84	89	85	66	91	79	72	30

	95	75	52	72	96	69	65	80	93	85	55	51
	32	99	72	42	61	52	93	11	76	60	74	39
	51	77	25	28	95	60	46	74	45	78	41	38
	47	92	88	21	33	59	77	69	74	19	37	63
	77	97	98	61	29	43	97	44	91	43	56	14
	93	79	97	64	65	85	44	11	50	45	15	37
	46	25	52	76	72	70	60	23	98	98	57	24
	91	79	40	18	77	65	82	10	35	28	98	61
	11	76	22	97	93	45	21	96	59	73	72	42
	42	78	27	62	89	26	80	94	50	54	24	47
	48	65	40	93	64	31	24	27	39	52	32	44
	74	21	84	68	62	37	40	41	12	13	95	10
	89	33	76	65	100	23	72	26	24	41	27	82
	82	80	51	11	92	67	28	42	12	49	19	64
	69	52	34	52	81	51	37	74	24	93	63	11
	37	63	10	63	30	46	88	25	52	53	43	82
	36	18	35	24	29	88	78	93	13	48	69	48
	68	11	51	19	81	18	38	93	15	64	39	93
	48	18	36	73	58	29	63	20	96	76	88	65
	73	91	41	85	31	86	52	18	70	86	57	84
	28	51	59	24	48	79	61	59	83	72	96	20
	21	75	82	16	48	72	90	84	23	55	37	43
	40	78	38	15	63	62	11	30	82	23	72	82
	92	65	17	18	70	11	43	37	77	71	77	45
	55	66	63	15	91	88	45	22	67	76	55	41
	56	93	58	96	92	79	41	92	51	100	72	95
	78	31	74	73	65	79	66	70	83	45	58	13
	79	51	41	53	52	37	42	52	96	53	79	96
	96	68	88	28	70	82	100	99	81	91	83	92
	41	33	71	94	70	88	87	36	89	33	78	83

	42	65	78	65	18	82	71	59	87	33	33	27
	54	79	88	60	22	34	40	65	84	67	97	47
	13	19	75	91	93	38	30	29	36	45	97	27
	34	83	99	88	75	12	36	55	10	71	33	70
	86	84	22	67	38	62	58	63	88	69	20	46
	66	54	80	31	48	21	71	63	82	36	91	58
	75	38	92	46	52	77	26	53	88	22	16	47
	89	29	75	51	66	29	83	12	43	56	57	17
	88	49	39	25	95	78	11	62	38	65	82	71
	70	32	14	13	56	85	83	60	14	55	76	17
	20	52	67	19	32	27	59	89	85	83	69	56
	23	61	64	61	68	16	38	66	57	48	24	31
	29	98	21	77	66	97	56	45	52	28	97	77
	26	99	15	42	94	56	58	95	67	27	16	12
	27	31	56	50	86	69	54	14	52	62	30	90
	88	74	84	27	55	74	53	87	48	80	82	63
	90	76	98	36	17	87	66	20	73	100	69	78
	52	82	76	99	20	44	57	53	92	58	63	52
	27	40	19	33	29	85	76	28	34	15	56	85
	71	41	35	57	44	91	75	48	60	90	61	85
	80	95	58	26	40	52	52	92	59	46	40	21
	78	25	89	69	71	20	72	70	46	16	16	68
	33	62	39	69	24	10	23	68	66	97	16	83
	20	47	75	75	63	35	73	77	50	96	55	88
	18	57	92	16	54	50	55	99	93	54	84	35
	17	46	96	90	40	81	68	44	73	26	36	65
	70	82	54	46	32	45	59	13	51	13	56	43
	32	50	35	83	46	96	74	40	92	97	82	14
	38	27	29	56	52	64	21	22	11	83	82	63
	50	72	30	79	57	10	12	91	98	49	33	15

	37	41	29	90	43	80	14	28	30	54	14	16
	37	18	83	25	56	18	73	52	64	38	97	49
	11	14	80	35	45	33	72	58	38	64	26	19
	90	17	30	20	70	85	96	11	56	34	42	79
	81	48	86	56	75	59	61	75	94	95	71	87
	94	60	68	35	82	97	27	56	48	44	76	46
	26	74	76	61	96	96	40	23	49	100	19	54
	76	29	63	59	25	87	37	60	75	46	79	31
	77	98	94	70	59	87	94	10	54	81	82	62
	51	46	28	96	65	10	68	70	25	79	99	16
	43	76	25	83	50	14	29	28	94	71	86	91
	76	12	45	95	96	97	25	22	46	71	89	92
	85	54	20	29	21	54	14	23	15	98	37	86
	69	18	91	94	41	24	97	45	10	62	45	34
	41	69	65	54	68	52	65	51	99	55	29	92
	51	16	57	84	97	46	19	27	37	80	93	65
	87	32	13	56	70	64	78	35	78	41	20	20
	70	96	15	88	67	47	42	19	30	38	15	34
	69	44	38	45	52	59	39	50	20	58	93	43
	51	94	87	11	91	46	59	24	92	16	65	59
	62	60	77	87	47	30	82	84	42	35	45	18
	46	92	100	68	78	62	28	67	87	82	88	95
	63	20	62	14	54	95	10	58	66	20	59	52
	89	32	42	43	20	24	15	28	79	60	98	57
	81	48	14	65	65	75	39	12	46	11	94	39
	100	64	25	36	69	27	51	17	55	80	90	93
	16	67	18	53	24	64	87	95	35	39	39	59
	68	71	91	81	77	47	75	88	76	93	35	77
	92	26	47	71	75	95	62	54	25	23	46	30
	89	32	55	98	33	78	12	28	14	52	49	97

	12	27	29	26	99	90	22	62	56	47	61	34
	24	69	29	21	93	39	41	38	94	61	13	84
	92	64	84	69	52	44	25	18	24	90	76	17
	80	97	77	80	36	10	63	36	64	83	25	43
	63	69	32	52	35	67	13	93	98	75	99	49
	69	17	40	57	37	96	86	59	70	89	23	45
	83	95	21	43	29	89	53	76	51	52	34	74
	43	84	14	49	48	65	52	75	35	79	93	74
	84	42	80	88	95	58	56	60	71	56	59	27
	95	65	37	68	58	15	47	27	93	44	29	85
	43	49	39	11	12	59	69	61	59	40	25	10
	98	33	55	86	15	83	96	78	38	22	58	56
	39	20	87	21	90	35	40	89	31	35	34	92
	92	18	42	35	29	53	90	33	89	29	85	77
	55	78	51	80	31	24	79	12	99	50	59	15
	78	40	11	78	27	62	67	25	89	59	44	33
	30	11	41	18	44	23	21	51	97	14	63	45
	39	57	42	85	73	87	92	49	12	51	24	50
	84	95	45	13	60	67	51	40	68	43	85	38
	98	39	99	95	21	67	23	18	38	97	91	42
	27	41	14	35	13	38	72	51	12	16	66	84
	48	20	73	35	46	98	35	48	37	75	46	29
	90	36	20	95	76	23	87	89	71	57	93	29
	89	18	55	71	26	10	16	72	17	42	92	52
	78	37	19	33	80	61	31	86	31	55	97	10
	90	92	52	90	95	38	100	77	79	69	70	62
	64	71	13	77	85	38	14	94	18	27	52	87
	55	92	23	80	29	57	21	11	15	83	89	75
	73	86	100	78	53	84	97	63	24	62	54	43
	57	63	14	56	85	42	74	66	44	74	69	43

	33	85	75	40	91	90	62	43	24	67	100	32
	23	96	54	81	31	79	54	76	63	90	88	41
	75	32	99	69	56	99	53	67	77	70	64	28
	31	69	13	60	95	14	75	40	32	83	73	81
	91	22	77	70	48	69	73	67	35	13	30	49
	85	33	21	86	78	93	61	14	92	49	64	26
	23	94	21	61	91	67	67	94	34	87	54	75
	93	94	64	62	57	99	39	68	12	36	75	32
	24	32	86	40	15	83	69	82	75	62	23	39
	41	51	38	69	33	26	70	49	36	59	23	63
	98	98	60	42	62	14	24	23	86	50	90	44
	57	50	14	61	18	89	85	71	76	73	56	29
	48	42	31	98	27	53	62	82	91	32	38	43
	36	87	40	26	42	16	41	64	60	16	72	35
	94	77	65	39	20	11	74	55	26	92	83	92
	98	59	99	80	76	60	95	87	82	95	88	87
	64	31	36	99	81	79	56	76	46	83	86	90
	75	38	39	38	29	23	60	33	39	33	92	52
	89	46	13	31	59	16	82	38	94	86	76	74
	48	57	62	43	45	41	72	43	53	29	21	72
	21	87	37	88	16	96	17	52	68	63	82	38
	89	56	85	48	51	85	45	23	68	92	58	13
	27	47	17	98	77	54	99	63	45	38	88	94
	29	34	49	50	56	18	79	70	49	37	59	98
	57	90	68	12	45	31	29	24	38	40	19	15
	41	10	89	84	53	57	79	84	39	71	48	93
	60	98	73	32	81	68	14	39	64	30	83	89
	32	70	61	17	65	40	57	44	85	76	13	27
	38	76	11	25	17	54	58	27	32	87	84	36
	41	66	82	16	32	77	68	77	70	90	82	66

	69	55	65	71	100	23	47	92	94	19	33	23
	17	91	17	61	45	40	28	48	53	29	78	27
	48	48	16	19	50	79	83	96	38	91	26	41
	67	76	54	32	44	80	27	17	95	54	25	88
	44	84	53	16	91	48	64	34	17	87	24	15
	42	51	81	76	63	18	92	50	59	90	21	53
	92	16	21	30	67	78	15	21	68	69	80	13
	38	79	50	13	89	27	48	82	25	62	25	43
	81	76	94	14	82	98	86	10	46	97	88	87
	10	21	69	61	48	38	92	50	36	12	64	24
	36	28	37	36	81	84	78	70	85	56	62	63
	35	67	36	80	100	88	92	65	70	99	34	84
	75	12	80	85	50	22	72	37	90	69	89	26
	82	72	23	75	88	45	54	81	45	46	92	98
	14	62	73	100	12	26	70	47	59	57	17	58
	77	50	11	44	88	97	90	14	13	54	41	94
	21	94	93	57	20	58	97	91	35	60	40	32
	67	62	42	53	44	26	32	39	32	21	17	20
	84	99	10	83	67	67	76	47	12	17	35	23
	32	19	74	23	28	43	46	44	79	11	18	77
	94	27	65	33	90	95	57	83	86	29	34	48
	28	26	23	58	61	98	95	10	95	33	92	97
	83	53	20	56	28	47	70	75	21	31	90	88
	74	24	21	46	80	14	91	83	33	58	40	86
	89	33	40	22	52	94	52	13	49	27	70	50
	44	30	95	31	34	30	79	54	26	77	27	75
	81	55	32	18	94	58	63	20	20	43	28	38
	24	59	54	33	100	92	90	51	66	99	23	19
	65	41	96	91	87	91	23	14	21	12	16	98
	95	74	71	72	57	39	28	38	78	28	47	97

	42	68	18	44	83	38	38	20	14	45	36	30
	36	72	42	90	26	64	100	55	78	79	93	21
	89	62	75	44	90	93	59	43	11	74	26	93
	24	97	28	34	16	36	26	13	21	11	31	13
	81	22	39	95	17	45	72	99	98	33	91	11
	86	37	77	23	12	79	16	32	33	38	27	32
	14	94	38	77	58	86	59	83	81	17	97	12
	57	34	11	99	65	56	96	95	61	38	43	46
	26	99	32	77	52	94	70	21	70	28	64	32
	82	71	16	67	78	32	76	41	61	40	51	39
	63	34	79	49	93	45	58	84	46	68	72	24
	51	55	51	42	74	35	39	79	33	30	42	83
	21	99	81	20	79	40	40	33	20	20	66	76
	31	77	59	17	47	78	98	86	13	99	70	99
	99	28	63	11	45	43	91	58	48	57	52	100
	29	57	16	98	46	54	43	87	11	100	66	54
	72	22	68	45	30	99	74	22	62	69	11	62
	33	45	48	31	84	59	26	49	26	79	86	75
	59	18	67	63	99	97	89	93	63	62	86	47
	62	49	60	75	42	13	68	56	17	48	51	12
	99	21	77	99	24	79	60	18	64	62	50	77
	44	79	57	99	82	48	25	64	80	47	34	49
	68	77	27	31	26	23	31	62	15	79	84	17
	97	62	91	68	97	54	12	69	45	22	39	47
	99	30	82	18	50	47	81	95	36	77	44	73
	18	78	78	20	95	85	76	92	35	47	83	82
	95	47	82	94	96	12	40	75	75	80	89	96
	27	64	98	45	83	43	74	72	95	25	21	71
	92	20	41	69	34	65	21	87	68	48	83	54
	84	48	87	22	69	41	22	19	98	61	87	20

