***** PARAMETERS PRP *****

Number of Customers = 30
Number of Products = 10
Number of Vehicles = 5
Number of Periods = 12

B = Production capacity
	50178

b_p = Time required to produce item p
 	1	1	1	1	1	1	1	1	1	1

c_p = Production cost of item p
 	80	80	80	30	30	30	30	80	80	30

s_p = Setup cost of item p
 	800	800	800	300	300	300	300	800	800	300

M = Big number
	200711

U_pi = Maximum inventory upper bound of item p at site i
 	200711	247	174	146	98	136	173	101	270	209	282	172	210	340	273	199	158	107	107	99	172	294	148	134	305	218	263	285	170	246	258
	200711	118	153	203	179	218	164	188	275	177	116	312	209	173	203	154	228	223	283	189	189	88	220	118	278	213	233	266	183	288	98
	200711	120	108	78	182	115	131	200	203	203	274	134	114	206	236	189	303	134	118	147	157	246	121	133	173	124	302	127	225	131	153
	200711	118	179	150	189	148	208	228	154	156	229	243	198	215	167	133	111	239	339	109	87	295	261	120	301	141	163	179	294	155	125
	200711	234	192	119	205	225	145	266	195	111	157	104	258	222	281	241	124	251	223	118	248	231	217	88	320	325	163	252	185	228	196
	200711	95	83	213	291	197	108	170	162	219	265	153	185	277	186	263	243	120	202	296	174	138	198	222	126	290	277	335	282	198	151
	200711	104	160	164	209	326	224	228	271	133	239	161	154	145	340	182	82	208	146	117	223	153	262	164	231	288	118	160	357	160	251
	200711	214	250	89	84	248	179	181	128	255	118	224	230	135	243	142	304	230	175	164	125	177	241	178	261	163	160	325	108	90	100
	200711	242	227	338	173	226	123	114	127	169	195	132	110	150	132	254	91	245	168	338	181	112	130	293	97	132	126	121	273	214	195
	200711	102	332	125	214	139	175	213	242	203	206	234	296	173	146	105	299	174	123	126	209	379	259	248	103	309	227	138	183	110	160

I_pi0 = Initial inventory of item p at site i
 	0	101	111	122	73	59	40	38	49	148	115	164	45	255	196	165	91	102	101	86	126	179	104	101	237	33	230	78	122	44	182
	0	71	112	36	97	152	93	122	181	110	110	214	74	100	28	149	148	159	144	129	114	49	132	90	150	37	226	189	168	187	53
	0	117	43	55	95	84	102	169	178	121	228	84	80	150	33	137	267	78	105	95	65	124	108	122	142	110	54	38	142	36	145
	0	25	61	22	63	68	84	100	62	117	35	178	96	151	80	91	95	36	136	89	57	140	195	95	80	104	83	178	269	96	113
	0	21	73	35	111	174	45	135	180	20	147	82	98	149	112	208	115	130	106	62	92	94	199	51	100	263	102	48	141	137	67
	0	88	38	89	62	56	30	11	108	213	83	144	45	254	96	68	212	65	14	254	153	79	69	56	117	40	127	239	81	178	116
	0	76	144	80	20	279	151	83	97	127	14	149	110	79	131	153	65	131	16	95	80	130	157	142	94	79	50	85	223	150	154
	0	31	41	66	63	188	161	63	46	161	38	38	107	102	137	36	116	172	85	129	116	34	92	78	12	151	106	186	93	48	87
	0	209	174	51	31	52	75	49	95	93	141	68	84	80	90	237	56	245	125	332	92	50	99	215	27	89	109	97	147	70	189
	0	72	183	71	57	126	106	191	164	116	119	219	74	91	42	68	103	99	84	81	65	236	108	234	55	97	152	92	30	66	149

h_pi = Inventory cost of item p at site i
 	8	0	0	0	0	0	0	0	0	0	0	0	0	0	0	0	0	0	0	0	0	0	0	0	0	0	0	0	0	0	0
	8	0	0	0	0	0	0	0	0	0	0	0	0	0	0	0	0	0	0	0	0	0	0	0	0	0	0	0	0	0	0
	8	0	0	0	0	0	0	0	0	0	0	0	0	0	0	0	0	0	0	0	0	0	0	0	0	0	0	0	0	0	0
	3	0	0	0	0	0	0	0	0	0	0	0	0	0	0	0	0	0	0	0	0	0	0	0	0	0	0	0	0	0	0
	3	0	0	0	0	0	0	0	0	0	0	0	0	0	0	0	0	0	0	0	0	0	0	0	0	0	0	0	0	0	0
	3	0	0	0	0	0	0	0	0	0	0	0	0	0	0	0	0	0	0	0	0	0	0	0	0	0	0	0	0	0	0
	3	0	0	0	0	0	0	0	0	0	0	0	0	0	0	0	0	0	0	0	0	0	0	0	0	0	0	0	0	0	0
	8	0	0	0	0	0	0	0	0	0	0	0	0	0	0	0	0	0	0	0	0	0	0	0	0	0	0	0	0	0	0
	8	0	0	0	0	0	0	0	0	0	0	0	0	0	0	0	0	0	0	0	0	0	0	0	0	0	0	0	0	0	0
	3	0	0	0	0	0	0	0	0	0	0	0	0	0	0	0	0	0	0	0	0	0	0	0	0	0	0	0	0	0	0

C = Vehicle capacity
	3790

f = Fixed transportation cost
	30287

a_ik = Transportation cost for traveling from node i to node k
 	0	232	445	531	604	524	66	461	199	181	335	225	120	86	170	90	399	153	188	316	263	442	411	296	556	525	485	135	258	437	106
	232	0	256	409	413	432	295	284	154	392	195	440	253	226	393	218	430	82	346	107	69	556	181	264	442	351	266	314	486	238	133
	445	256	0	202	160	256	495	37	259	556	126	669	501	397	615	463	677	304	471	281	194	811	165	506	237	98	102	466	700	30	342
	531	409	202	0	205	71	563	167	334	583	217	749	619	458	690	578	839	426	480	465	341	948	365	672	36	138	293	499	761	231	446
	604	413	160	205	0	275	652	144	413	704	274	828	660	551	773	622	824	464	612	420	353	966	283	653	228	91	176	615	857	175	502
	524	432	256	71	275	0	547	223	333	553	239	734	620	445	674	579	856	436	449	500	365	953	414	694	57	206	353	474	739	284	448
	66	295	495	563	652	547	0	508	240	120	379	187	157	105	128	140	432	215	156	381	321	448	473	348	584	570	542	102	206	490	165
	461	284	37	167	144	223	508	0	270	562	131	686	524	407	630	485	709	326	473	315	219	839	201	538	202	68	131	473	714	66	361
	199	154	259	334	413	333	240	270	0	298	140	422	288	138	365	246	533	113	223	258	124	620	280	383	361	330	321	210	445	258	115
	181	392	556	583	704	553	120	562	298	0	432	224	273	169	172	259	541	311	106	488	404	528	562	467	598	617	617	90	198	556	260
	335	195	126	217	274	239	379	131	140	432	0	560	409	277	503	368	622	213	345	265	127	734	211	458	249	191	208	342	584	133	239
	225	440	669	749	828	734	187	686	422	224	560	0	203	291	61	226	379	370	315	502	483	316	620	376	771	749	703	271	76	660	328
	120	253	501	619	660	620	157	524	288	273	409	203	0	203	173	42	280	198	305	302	308	334	427	198	647	590	518	251	266	487	174
	86	226	397	458	551	445	105	407	138	169	277	291	203	0	232	167	479	147	128	326	235	527	393	361	481	467	451	89	308	393	99
	170	393	615	690	773	674	128	630	365	172	503	61	173	232	0	187	393	319	258	463	432	357	573	362	712	693	652	212	95	607	275
	90	218	463	578	622	579	140	485	246	259	368	226	42	167	187	0	312	159	277	277	270	374	396	210	605	551	484	224	281	449	133
	399	430	677	839	824	856	432	709	533	541	622	379	280	479	393	312	0	422	584	405	499	192	546	172	871	774	654	529	454	654	424
	153	82	304	426	464	436	215	326	113	311	213	370	198	147	319	159	422	0	271	180	114	523	258	270	456	392	334	235	410	292	51
	188	346	471	480	612	449	156	473	223	106	345	315	305	128	258	277	584	271	0	450	341	601	500	482	495	524	542	55	301	474	225
	316	107	281	465	420	500	381	315	258	488	265	502	302	326	463	277	405	180	450	0	149	559	144	234	500	378	250	415	557	255	229
	263	69	194	341	353	365	321	219	124	404	127	483	308	235	432	270	499	114	341	149	0	621	160	332	374	286	222	319	521	180	158
	442	556	811	948	966	953	448	839	620	528	734	316	334	527	357	374	192	523	601	559	621	0	701	332	977	906	806	549	379	792	506
	411	181	165	365	283	414	473	201	280	562	211	620	427	393	573	396	546	258	500	144	160	701	0	377	401	255	109	478	666	136	308
	296	264	506	672	653	694	348	538	383	467	458	376	198	361	362	210	172	270	482	234	332	332	377	0	705	604	484	430	447	483	284
	556	442	237	36	228	57	584	202	361	598	249	771	647	481	712	605	871	456	495	500	374	977	401	705	0	169	328	517	781	266	473
	525	351	98	138	91	206	570	68	330	617	191	749	590	467	693	551	774	392	524	378	286	906	255	604	169	0	165	528	775	123	426
	485	266	102	293	176	353	542	131	321	617	208	703	518	451	652	484	654	334	542	250	222	806	109	484	328	165	0	529	742	80	379
	135	314	466	499	615	474	102	473	210	90	342	271	251	89	212	224	529	235	55	415	319	549	478	430	517	528	529	0	266	467	186
	258	486	700	761	857	739	206	714	445	198	584	76	266	308	95	281	454	410	301	557	521	379	666	447	781	775	742	266	0	694	364
	437	238	30	231	175	284	490	66	258	556	133	660	487	393	607	449	654	292	474	255	180	792	136	483	266	123	80	467	694	0	333
	106	133	342	446	502	448	165	361	115	260	239	328	174	99	275	133	424	51	225	229	158	506	308	284	473	426	379	186	364	333	0

coordXY = Coordinates (x,y): line zero => x line one => y column => customers
 	316	130	104	253	49	323	378	126	272	496	205	405	238	348	402	242	34	204	474	25	149	170	1	42	276	121	5	435	480	84	250
	426	563	817	953	967	949	405	846	620	424	742	220	335	505	280	376	144	530	527	548	629	9	689	315	980	913	797	489	227	796	508

d_pit = Demand of item p at customer i in period t
 	78	23	62	30	38	89	88	93	97	80	28	34
	73	38	66	83	75	19	92	45	46	20	83	56
	34	88	76	78	55	18	16	65	13	83	34	24
	62	11	48	36	93	75	28	48	87	46	23	32
	30	29	26	43	28	84	50	39	83	11	97	24
	40	33	97	34	84	57	60	38	26	89	92	40
	38	75	71	94	19	16	54	25	35	16	98	62
	49	74	73	88	12	78	55	16	81	11	84	27
	14	51	56	27	82	38	20	48	67	50	85	90
	35	80	61	38	97	82	14	63	27	93	76	11
	56	18	27	63	72	25	93	100	75	50	21	87
	28	17	39	61	64	47	46	55	38	11	88	11
	67	65	43	80	90	21	93	91	89	24	98	56
	81	17	98	98	57	63	38	27	12	95	14	54
	17	50	98	14	27	22	51	19	97	95	87	21
	62	29	21	73	29	43	81	97	44	19	73	62
	58	19	25	37	70	90	91	100	19	40	64	27
	32	46	23	20	53	13	25	38	62	25	32	57
	86	67	75	33	29	35	68	31	43	47	50	31
	56	70	78	65	36	78	60	50	69	45	13	69
	26	68	85	97	30	27	96	75	40	95	54	12
	64	40	40	46	44	61	39	90	44	60	23	41
	48	53	46	94	32	56	21	17	49	11	71	39
	98	22	83	34	70	27	19	66	86	86	58	84
	33	86	45	33	32	45	90	86	38	78	41	46
	50	88	44	48	27	21	44	97	80	21	48	63
	78	25	83	79	86	72	94	19	84	62	91	83
	23	83	16	79	93	12	74	51	61	39	90	57
	44	28	43	95	63	53	17	49	27	94	34	43
	98	84	91	48	12	36	33	31	46	83	19	38

	71	84	86	21	42	88	41	50	62	49	97	15
	30	82	50	25	24	38	99	72	33	23	66	69
	36	16	80	41	17	56	27	19	22	98	19	56
	74	23	77	27	94	96	76	50	46	51	71	31
	77	75	11	76	76	81	48	66	13	26	70	36
	71	22	97	38	79	11	27	92	74	43	46	56
	41	20	18	43	22	21	65	85	45	30	87	87
	18	56	44	63	53	92	37	100	17	39	45	96
	24	86	76	97	90	38	20	24	87	94	31	41
	31	79	43	96	65	83	73	69	61	52	22	21
	70	73	71	88	77	67	91	59	32	72	15	34
	74	73	67	33	39	87	25	46	27	78	15	63
	100	98	81	20	17	20	99	17	80	57	28	73
	28	41	85	89	15	34	35	11	46	81	47	97
	44	79	26	70	28	33	90	25	46	57	24	93
	65	48	35	90	69	51	70	93	71	47	15	29
	51	28	63	17	88	25	60	45	60	26	45	27
	58	86	44	36	55	60	61	28	88	46	94	22
	67	62	55	96	19	82	89	58	37	73	83	33
	14	88	12	79	75	78	68	99	17	54	92	78
	49	89	66	37	20	72	38	37	58	17	34	12
	35	97	30	29	83	56	32	79	43	73	20	84
	76	14	71	47	27	65	58	76	89	52	37	97
	44	68	38	81	99	64	47	97	43	70	98	85
	21	16	73	98	58	83	23	55	46	51	46	69
	77	55	94	31	27	38	62	74	83	49	73	35
	99	90	34	60	61	92	75	36	30	91	81	50
	57	58	53	83	63	57	63	66	52	12	79	87
	95	49	43	51	36	62	74	26	70	67	34	84
	13	40	61	21	96	44	57	26	89	54	73	14

	72	45	77	96	57	46	24	79	70	32	74	46
	43	65	91	54	41	64	54	86	23	64	42	23
	55	60	20	17	25	89	17	22	36	55	29	42
	42	53	55	89	80	12	32	22	42	14	26	80
	84	96	44	67	89	34	12	36	86	49	11	82
	84	18	35	42	13	70	56	28	72	12	50	45
	86	83	84	15	79	65	31	54	92	93	76	41
	64	79	35	71	78	37	30	67	15	58	44	30
	88	33	14	36	96	48	32	51	18	41	55	98
	89	71	14	54	35	68	98	74	92	72	55	99
	84	53	89	88	30	74	12	69	47	72	91	97
	80	64	27	25	15	53	72	11	74	96	82	86
	47	34	69	77	95	33	91	15	84	27	15	31
	33	60	91	43	66	27	98	47	88	16	55	85
	69	68	66	72	17	56	91	87	98	39	22	72
	76	25	91	75	40	83	83	69	53	14	56	61
	78	78	45	28	15	48	31	41	43	74	12	42
	14	91	45	41	42	42	71	27	98	61	84	94
	66	29	53	38	63	96	15	83	55	47	18	23
	65	95	70	12	75	11	10	82	56	72	51	27
	47	77	66	75	96	41	77	16	70	54	37	83
	94	14	73	33	46	75	73	43	89	54	78	53
	15	68	39	20	24	22	44	19	57	89	93	42
	76	66	74	61	65	90	22	80	11	37	15	96
	58	52	70	62	11	70	96	94	49	12	79	88
	54	20	54	73	95	53	88	66	65	60	18	79
	38	97	65	60	32	62	85	65	49	73	67	70
	22	25	30	65	95	73	86	48	42	45	67	77
	36	30	18	74	86	41	31	100	28	11	42	28
	11	46	88	52	32	95	13	58	66	56	36	58

	25	46	75	65	52	13	73	75	39	63	83	98
	61	54	46	94	46	77	68	81	87	15	38	48
	22	71	10	21	69	85	31	50	88	37	49	66
	40	23	51	61	15	12	42	62	99	41	93	28
	18	31	19	89	15	94	17	55	100	22	53	79
	20	21	29	14	12	67	35	19	49	83	69	82
	100	32	87	46	91	86	59	28	18	15	87	36
	41	21	65	52	42	27	61	79	62	59	54	52
	11	50	56	56	58	35	47	72	72	90	37	39
	35	62	22	31	77	76	83	18	95	26	82	81
	55	74	26	23	73	23	79	11	25	71	37	85
	43	53	73	90	61	45	77	63	40	100	62	85
	100	51	27	88	86	36	30	76	96	96	90	82
	80	72	69	20	46	51	91	46	58	71	38	26
	91	15	85	58	69	99	93	45	80	92	43	28
	35	60	64	86	21	44	17	78	60	89	52	60
	36	66	17	10	64	51	86	54	26	51	55	57
	69	67	79	96	62	60	93	53	55	64	56	59
	28	61	35	78	38	69	34	96	31	62	82	39
	57	94	18	32	66	11	13	23	38	28	94	45
	41	99	96	85	82	45	45	18	42	56	83	17
	26	94	22	53	97	36	27	59	33	27	68	85
	95	92	35	68	17	50	46	68	60	68	68	50
	80	38	70	75	23	19	71	65	77	51	71	83
	37	67	69	29	68	10	72	47	52	26	22	66
	18	21	44	52	62	74	12	12	85	56	39	14
	27	84	67	25	85	93	86	46	18	93	46	44
	64	82	25	98	41	13	39	97	69	76	79	22
	37	40	19	60	96	54	60	76	17	84	63	12
	65	48	93	93	51	74	14	99	49	86	12	65

	21	58	43	16	92	65	84	65	96	99	21	41
	73	92	78	49	60	14	32	80	93	15	84	98
	35	88	65	56	57	76	88	13	63	51	86	33
	78	21	12	93	33	31	23	32	55	75	72	89
	91	83	95	46	85	86	67	21	94	83	69	81
	28	17	81	44	77	40	90	52	21	28	31	70
	76	59	87	22	21	49	15	44	69	58	81	58
	51	87	42	12	33	25	77	29	90	51	53	34
	20	92	95	28	43	23	19	97	41	63	66	77
	52	77	18	46	57	68	14	19	15	65	97	98
	82	53	21	16	53	67	55	13	40	73	75	75
	98	68	77	54	41	62	81	63	62	43	65	59
	54	95	75	17	44	78	72	67	36	36	67	26
	97	15	95	37	90	86	55	57	60	99	66	85
	44	97	34	33	91	19	27	71	37	11	52	63
	24	91	54	95	43	52	96	81	43	51	34	79
	29	37	64	95	100	70	72	22	84	47	39	93
	80	26	69	39	21	95	73	31	13	84	92	46
	62	75	96	71	84	94	39	31	91	18	19	27
	92	17	83	87	49	90	67	18	34	85	80	42
	49	45	96	64	60	83	17	56	62	49	51	60
	11	18	81	89	43	12	92	54	44	62	47	98
	25	26	66	62	15	21	32	92	30	78	57	24
	59	41	94	58	69	71	20	72	78	53	71	83
	57	54	94	58	88	78	45	33	37	54	98	84
	86	16	89	58	43	75	38	34	70	10	86	47
	48	60	66	81	94	43	30	86	91	65	65	27
	48	93	31	91	81	49	57	39	76	92	19	62
	42	95	10	57	32	60	38	13	84	74	23	20
	67	69	98	62	93	64	70	47	24	94	54	41

	88	25	29	51	20	78	68	90	26	15	42	37
	38	47	14	73	40	25	13	89	56	19	19	62
	48	41	19	53	91	24	39	49	91	85	51	48
	62	42	59	75	53	95	90	65	12	30	29	86
	56	44	71	88	47	76	13	14	52	38	48	45
	30	79	58	71	57	33	74	61	29	32	38	87
	11	27	78	21	20	85	97	98	66	55	81	39
	39	69	32	54	47	67	25	61	58	36	66	92
	94	83	36	84	23	13	47	16	35	85	82	58
	83	43	33	98	76	95	78	17	49	91	45	86
	23	56	65	86	65	38	29	24	60	71	42	54
	35	10	13	78	53	41	11	16	89	68	85	55
	87	30	45	92	63	74	66	73	73	80	85	62
	36	60	76	68	91	28	38	33	35	96	96	87
	68	91	17	42	94	87	56	75	52	97	82	29
	89	94	29	88	97	80	90	25	45	22	37	32
	65	64	38	49	91	33	88	100	16	83	38	53
	14	48	77	41	32	29	68	86	62	83	41	24
	84	56	40	74	92	15	88	13	88	91	18	52
	49	28	76	94	99	40	75	34	59	22	40	80
	14	10	55	35	28	87	31	48	42	97	11	93
	57	12	66	20	11	17	10	71	56	64	65	26
	56	64	50	92	17	63	58	65	20	22	64	95
	98	19	53	86	51	77	99	46	30	48	71	80
	40	58	44	36	19	64	58	96	78	91	37	75
	10	82	35	45	63	32	75	93	52	61	66	50
	62	93	84	97	39	66	94	80	32	75	12	71
	81	77	79	36	34	22	76	34	88	19	75	56
	32	20	48	78	44	95	11	90	82	25	18	52
	64	52	33	100	64	20	16	89	34	42	35	56

	76	62	87	65	38	38	13	57	48	26	48	67
	83	61	91	60	21	20	17	67	82	17	86	33
	39	41	11	36	18	17	46	86	86	87	91	96
	20	19	46	61	40	46	39	75	61	64	78	77
	99	95	85	37	39	86	96	47	31	72	14	81
	75	76	91	40	57	28	81	46	55	69	38	15
	51	32	57	88	85	57	88	37	21	36	45	88
	23	74	74	76	28	69	62	88	81	45	17	13
	35	92	12	14	79	60	20	76	40	14	48	43
	14	86	29	40	56	40	31	97	14	73	42	52
	50	99	18	29	61	72	38	44	93	21	82	37
	15	95	77	87	61	55	86	30	11	10	54	36
	79	24	21	48	15	70	60	75	27	85	25	49
	79	52	77	90	52	81	45	49	50	91	83	66
	96	57	75	47	41	69	56	29	65	44	100	47
	24	41	22	58	54	22	85	17	60	60	33	15
	39	92	78	48	36	21	84	100	16	33	13	64
	16	17	80	38	73	11	38	95	29	63	94	30
	42	37	16	88	81	86	70	52	69	12	48	99
	80	79	76	62	96	46	97	96	56	89	39	75
	71	59	51	61	26	91	99	11	18	27	68	29
	58	69	30	38	21	95	66	95	80	66	77	91
	18	77	47	40	49	100	80	59	49	43	61	31
	64	30	92	86	93	32	27	10	87	40	38	95
	79	79	66	75	90	57	38	88	67	98	61	66
	50	88	77	23	71	42	52	62	30	94	60	57
	85	94	54	58	82	12	45	88	25	20	44	32
	79	98	46	54	95	79	94	43	65	89	44	71
	76	74	96	36	12	21	92	12	72	47	15	86
	72	82	33	85	88	59	47	93	76	15	17	87

	31	100	52	74	42	20	30	88	59	20	37	89
	41	23	35	17	62	51	93	25	63	99	53	37
	17	49	91	15	60	58	29	41	65	44	15	48
	63	36	36	17	13	14	96	58	48	39	67	18
	48	68	72	73	20	76	20	18	59	85	18	39
	61	39	61	22	35	30	21	44	21	96	49	58
	63	51	62	47	99	12	41	26	86	81	91	66
	46	88	72	34	78	79	88	69	93	16	15	88
	15	56	70	20	35	97	91	94	90	64	37	97
	38	92	99	59	34	65	57	38	47	96	46	38
	38	76	73	33	36	17	34	71	15	25	42	78
	79	28	30	27	92	22	26	77	41	53	62	14
	34	68	81	93	49	68	65	62	72	46	72	98
	58	50	29	46	74	68	11	23	88	53	31	52
	36	56	95	35	28	81	95	17	25	49	34	15
	84	32	55	88	13	69	99	85	92	53	48	12
	99	73	33	24	80	82	54	52	81	61	17	33
	85	57	43	72	95	98	24	84	13	62	19	49
	49	80	45	84	38	38	27	50	86	51	57	49
	34	82	82	99	23	48	94	14	98	31	56	88
	34	43	88	16	88	12	54	16	36	98	32	14
	92	82	16	48	12	74	22	26	62	53	19	73
	19	59	42	35	47	90	59	25	90	75	80	90
	12	90	31	59	99	18	58	97	92	72	74	81
	97	54	83	38	57	17	58	24	71	25	39	90
	40	66	62	63	35	46	44	46	82	97	22	37
	85	67	34	99	71	11	86	96	18	83	42	89
	93	46	81	20	76	88	12	31	18	78	36	68
	48	45	55	74	25	46	25	36	29	97	20	38
	14	73	62	66	32	81	59	67	27	27	74	15

	79	50	16	64	22	16	88	74	96	100	92	29
	99	75	75	29	99	87	32	96	90	56	93	77
	51	93	41	96	33	88	18	98	97	12	98	85
	31	39	17	66	58	79	22	13	59	29	16	89
	29	23	52	20	97	25	62	79	91	64	39	96
	75	53	84	47	52	49	96	39	89	14	82	59
	49	70	52	88	40	55	13	87	11	81	67	69
	95	77	95	18	24	98	44	89	28	92	27	77
	93	84	88	27	14	56	59	15	45	58	43	92
	100	41	11	52	79	16	27	13	82	38	46	81
	68	96	65	73	98	42	55	73	37	55	55	73
	16	18	50	52	73	72	93	25	71	80	25	86
	59	21	21	36	41	86	89	64	46	60	62	13
	90	99	90	29	93	16	14	100	93	68	44	55
	66	96	75	90	52	46	90	47	76	66	12	45
	13	43	61	23	13	46	70	35	54	97	49	42
	76	82	87	12	65	49	45	14	94	76	89	47
	29	96	58	55	10	84	55	82	20	40	98	45
	96	61	82	93	47	65	53	73	91	29	49	73
	92	14	37	38	84	56	43	20	54	28	40	37
	50	76	79	34	86	35	33	44	92	64	46	35
	99	89	31	86	61	97	72	46	34	72	70	25
	98	54	63	69	89	96	73	11	99	72	61	95
	27	76	69	28	65	88	56	35	27	14	68	26
	89	98	49	65	15	75	90	78	93	61	21	58
	56	53	63	30	19	13	29	70	59	41	39	31
	84	13	37	68	76	73	47	94	39	79	22	92
	99	48	69	37	70	48	88	81	79	97	38	66
	70	20	13	57	88	34	43	62	56	95	73	32
	50	93	46	50	33	16	89	21	86	12	59	30

	60	12	36	14	42	54	49	87	29	58	98	71
	98	85	20	86	45	66	42	78	95	78	28	76
	71	77	69	79	46	94	98	55	40	36	10	76
	57	11	12	76	32	68	52	52	25	51	64	13
	64	62	84	55	57	92	97	33	38	83	88	80
	67	39	41	36	59	99	63	66	66	76	20	66
	99	35	57	69	96	76	47	88	76	44	96	67
	31	76	57	95	88	90	11	49	24	83	48	74
	22	94	68	61	81	71	44	20	36	74	24	15
	32	87	70	26	13	51	70	53	42	45	72	56
	63	80	76	58	97	64	11	99	33	47	18	56
	16	58	26	91	77	97	96	39	65	35	40	70
	91	21	80	22	96	42	88	96	15	37	17	87
	42	67	85	83	51	86	75	76	60	75	74	100
	27	31	10	12	85	65	74	89	62	91	35	49
	86	17	93	45	32	52	94	85	20	27	77	89
	99	76	14	43	13	77	54	20	36	70	97	96
	84	76	33	49	28	16	73	11	70	11	30	12
	81	82	85	57	96	65	13	84	46	86	40	22
	65	77	16	37	58	39	54	76	64	30	61	51
	99	50	87	73	37	75	100	57	59	97	94	81
	39	42	27	32	49	63	91	44	86	44	12	93
	42	49	81	62	70	98	72	43	75	53	76	24
	55	49	95	50	43	67	31	74	27	33	75	17
	19	78	72	39	93	88	21	78	61	90	59	43
	62	21	69	82	53	58	71	77	81	73	14	21
	28	64	20	41	44	11	40	30	14	46	19	56
	30	38	87	46	11	97	12	13	78	24	29	85
	66	47	89	73	62	43	71	69	36	21	17	64
	94	12	43	40	26	14	99	69	15	40	16	12

