***** PARAMETERS PRP *****

Number of Customers = 30
Number of Products = 10
Number of Vehicles = 5
Number of Periods = 12

B = Production capacity
	49721

b_p = Time required to produce item p
 	1	1	1	1	1	1	1	1	1	1

c_p = Production cost of item p
 	30	30	80	80	30	30	80	80	30	30

s_p = Setup cost of item p
 	300	300	800	800	300	300	800	800	300	300

M = Big number
	198885

U_pi = Maximum inventory upper bound of item p at site i
 	198885	201	229	109	191	356	189	132	237	146	170	142	266	225	91	86	101	112	116	234	162	278	296	224	255	157	300	244	248	172	167
	198885	181	183	203	276	294	184	213	127	230	196	185	101	114	218	214	162	101	120	97	361	142	174	184	185	318	115	177	119	115	230
	198885	187	126	122	221	218	241	150	175	122	107	338	131	123	118	335	162	110	312	166	197	239	216	212	270	274	171	224	116	115	244
	198885	280	126	270	128	83	262	107	157	94	103	183	268	130	104	110	101	95	237	92	179	158	198	153	258	135	291	105	141	274	166
	198885	267	271	96	113	97	246	277	328	198	202	178	212	228	230	134	143	178	321	99	318	177	294	280	124	205	131	176	312	231	97
	198885	139	122	215	112	270	232	313	225	270	175	192	195	116	288	108	232	189	172	255	148	128	236	195	243	188	103	301	181	134	252
	198885	149	152	287	177	252	219	203	109	135	108	159	266	116	181	111	239	191	99	138	155	275	286	165	135	211	323	98	318	113	209
	198885	168	200	239	170	109	223	90	354	249	285	211	165	126	292	322	132	323	183	263	299	244	170	66	178	273	172	191	135	332	112
	198885	236	185	250	264	192	300	105	135	160	180	134	103	144	258	140	156	89	294	196	248	179	210	161	111	80	218	215	112	215	285
	198885	215	240	188	310	208	248	321	148	92	122	140	298	180	175	256	235	120	303	233	199	202	139	225	91	333	198	299	269	328	104

I_pi0 = Initial inventory of item p at site i
 	0	76	66	74	35	93	58	96	160	90	143	34	157	86	64	41	41	31	32	91	98	166	76	15	241	122	85	232	94	29	146
	0	177	150	104	184	131	146	159	99	158	68	169	53	86	86	34	20	69	47	75	121	17	152	50	128	51	93	157	24	76	143
	0	56	67	68	204	171	204	147	85	71	104	90	25	67	39	61	139	87	230	127	109	173	198	172	222	57	140	126	38	77	228
	0	214	86	62	44	72	98	102	59	25	19	140	198	50	47	46	61	78	184	14	94	75	184	127	238	75	117	85	71	55	70
	0	245	101	51	89	84	206	159	169	73	13	152	145	210	88	65	141	157	249	28	180	130	147	35	66	40	66	171	92	37	75
	0	106	113	107	44	70	160	113	150	179	158	135	85	45	181	70	159	126	88	233	97	78	125	168	148	174	76	119	67	73	204
	0	141	48	151	150	190	167	39	62	76	63	135	94	91	133	81	210	125	97	112	21	37	17	117	61	72	191	73	154	45	45
	0	153	82	218	88	17	162	25	261	88	195	43	93	112	140	61	45	39	151	198	32	180	84	35	93	144	39	169	70	67	83
	0	216	170	111	142	39	251	84	71	140	13	58	82	26	163	54	12	61	250	86	202	129	170	84	62	39	82	169	41	42	198
	0	151	39	103	177	57	39	53	34	90	83	126	61	57	172	41	129	94	252	152	190	143	83	138	83	113	112	268	146	120	62

h_pi = Inventory cost of item p at site i
 	3	7	8	5	8	1	7	9	8	6	6	4	2	9	2	6	4	9	3	6	9	8	8	2	3	1	4	8	1	8	9
	3	5	7	8	3	3	7	5	3	1	1	6	4	1	8	5	8	6	2	3	3	2	8	7	1	8	5	8	6	6	8
	8	5	1	7	7	6	9	6	1	2	9	9	3	8	3	3	4	5	4	9	1	9	5	4	3	5	7	3	2	2	8
	8	1	1	4	3	6	7	8	3	6	3	6	2	3	8	2	2	6	9	9	1	7	8	1	4	3	2	6	8	2	5
	3	7	2	5	9	2	2	6	4	3	9	9	3	4	1	4	9	9	9	2	4	2	6	4	9	8	8	6	7	9	4
	3	3	8	3	6	5	1	3	1	7	8	7	4	9	1	9	3	5	9	9	5	5	8	3	1	4	4	7	7	3	6
	8	7	5	9	2	3	5	3	7	3	4	9	1	3	7	7	3	8	3	2	6	5	4	2	9	4	1	4	6	1	3
	8	4	9	8	6	9	8	4	5	7	1	6	9	2	5	3	6	3	9	1	6	7	7	9	4	9	5	3	1	5	9
	3	8	4	2	1	2	9	8	6	1	1	6	9	2	3	2	1	3	7	8	9	6	6	3	3	7	4	4	1	5	3
	3	5	3	9	5	3	5	4	4	3	6	8	8	3	2	4	4	1	6	8	9	7	7	4	7	1	2	2	5	2	7

C = Vehicle capacity
	3610

f = Fixed transportation cost
	25327

a_ik = Transportation cost for traveling from node i to node k
 	0	483	441	716	650	444	262	339	227	626	150	524	556	641	39	490	300	36	236	391	542	167	430	527	352	157	498	695	536	455	74
	483	0	67	442	168	162	260	422	392	209	369	69	175	236	518	294	669	501	312	280	421	350	91	344	226	353	409	273	54	40	420
	441	67	0	407	213	102	245	356	331	205	317	84	151	228	478	236	609	456	253	215	362	297	118	288	161	301	347	274	108	78	383
	716	442	407	0	422	324	624	419	503	264	566	380	269	239	754	227	717	711	482	326	210	551	523	190	378	562	252	248	432	475	689
	650	168	213	422	0	265	424	544	539	161	529	134	191	184	685	361	817	666	464	391	479	510	242	398	359	514	483	186	114	201	587
	444	162	102	324	265	0	302	280	285	185	301	138	114	199	482	135	560	451	221	127	261	282	217	188	102	290	247	253	187	179	398
	262	260	245	624	424	302	0	393	299	449	217	319	391	472	288	411	523	290	229	333	514	207	185	463	262	201	481	519	311	224	189
	339	422	356	419	544	280	393	0	116	441	212	415	374	442	373	225	306	323	164	155	218	209	435	235	196	219	172	495	460	421	343
	227	392	331	503	539	285	299	116	0	466	98	405	395	475	262	285	279	214	83	189	317	98	382	313	184	108	273	529	439	381	228
	626	209	205	264	161	185	449	441	466	0	486	140	72	28	664	228	736	634	406	289	332	466	299	254	285	473	344	71	181	248	575
	150	369	317	566	529	301	217	212	98	486	0	398	415	499	189	341	314	151	86	241	398	20	337	378	205	18	355	553	420	349	134
	524	69	84	380	134	138	319	415	405	140	398	0	111	167	561	255	684	539	331	264	380	378	159	301	226	383	375	205	57	108	466
	556	175	151	269	191	114	391	374	395	72	415	111	0	86	594	172	666	564	334	220	289	395	259	208	214	403	293	140	165	209	507
	641	236	228	239	184	199	472	442	475	28	499	167	86	0	679	225	742	649	418	293	321	480	325	245	297	488	336	55	209	274	593
	39	518	478	754	685	482	288	373	262	664	189	561	594	679	0	529	304	53	275	429	578	206	462	566	391	196	534	733	571	489	101
	490	294	236	227	361	135	411	225	285	228	341	255	172	225	529	0	530	488	255	100	128	325	351	54	154	335	122	274	309	313	462
	300	669	609	717	817	560	523	306	279	736	314	684	666	742	304	530	0	264	357	449	509	331	649	540	461	332	466	795	717	654	362
	36	501	456	711	666	451	290	323	214	634	151	539	564	649	53	488	264	0	236	388	531	170	453	522	356	162	486	703	554	475	106
	236	312	253	482	464	221	229	164	83	406	86	331	334	418	275	255	357	236	0	156	321	70	299	295	122	81	280	472	360	299	210
	391	280	215	326	391	127	333	155	189	289	241	264	220	293	429	100	449	388	156	0	182	225	313	141	74	236	151	347	312	288	364
	542	421	362	210	479	261	514	218	317	332	398	380	289	321	578	128	509	531	321	182	0	387	475	81	254	398	46	361	436	439	529
	167	350	297	551	510	282	207	209	98	466	20	378	395	480	206	325	331	170	70	225	387	0	319	364	187	12	344	534	401	330	143
	430	91	118	523	242	217	185	435	382	299	337	159	259	325	462	351	649	453	299	313	475	319	0	404	246	320	456	363	133	52	361
	527	344	288	190	398	188	463	235	313	254	378	301	208	245	566	54	540	522	295	141	81	364	404	0	204	375	93	289	356	365	504
	352	226	161	378	359	102	262	196	184	285	205	226	214	297	391	154	461	356	122	74	254	187	246	204	0	196	224	351	266	227	315
	157	353	301	562	514	290	201	219	108	473	18	383	403	488	196	335	332	162	81	236	398	12	320	375	196	0	356	542	404	332	132
	498	409	347	252	483	247	481	172	273	344	355	375	293	336	534	122	466	486	280	151	46	344	456	93	224	356	0	381	429	424	487
	695	273	274	248	186	253	519	495	529	71	553	205	140	55	733	274	795	703	472	347	361	534	363	289	351	542	381	0	238	312	645
	536	54	108	432	114	187	311	460	439	181	420	57	165	209	571	309	717	554	360	312	436	401	133	356	266	404	429	238	0	88	473
	455	40	78	475	201	179	224	421	381	248	349	108	209	274	489	313	654	475	299	288	439	330	52	365	227	332	424	312	88	0	390
	74	420	383	689	587	398	189	343	228	575	134	466	507	593	101	462	362	106	210	364	529	143	361	504	315	132	487	645	473	390	0

coordXY = Coordinates (x,y): line zero => x line one => y column => customers
 	306	436	377	42	462	276	465	75	168	302	258	391	287	279	314	143	11	271	237	174	16	264	486	93	244	272	31	288	447	454	357
	143	608	578	808	773	585	350	391	322	768	285	660	698	783	105	605	92	135	368	510	600	304	533	625	489	296	557	837	660	573	196

d_pit = Demand of item p at customer i in period t
 	76	38	11	45	22	45	51	60	72	87	49	47
	56	10	17	36	30	86	29	84	69	68	53	12
	74	35	54	77	100	57	14	78	89	30	24	19
	35	95	47	61	33	83	32	25	87	91	88	85
	44	49	69	88	54	74	86	46	75	86	97	86
	58	54	78	24	71	44	33	75	16	63	14	36
	96	45	59	13	34	46	28	28	38	52	14	76
	44	33	17	66	41	34	35	46	85	20	80	68
	90	87	10	38	43	52	98	63	33	11	36	23
	45	60	38	95	22	80	28	16	78	82	48	87
	34	31	20	29	74	23	70	81	93	52	41	18
	91	66	49	46	82	84	90	29	40	42	95	84
	16	36	34	21	96	87	62	79	57	52	78	57
	31	33	44	26	17	42	80	28	70	95	28	50
	21	20	83	15	48	61	58	36	52	42	52	27
	41	61	27	83	86	79	39	26	11	65	30	56
	31	96	86	75	71	60	78	14	52	16	50	44
	32	89	78	19	91	36	44	24	64	68	74	74
	15	46	30	13	96	56	92	89	63	21	97	84
	98	39	80	35	99	72	22	87	10	33	31	40
	75	16	34	41	48	60	48	32	93	71	86	64
	25	51	99	45	80	54	49	34	87	70	76	41
	15	11	61	41	99	57	60	61	71	47	78	70
	37	95	79	30	24	76	61	10	19	42	46	93
	27	24	71	24	38	63	93	31	99	62	42	54
	49	36	56	34	94	12	77	90	71	34	91	77
	65	71	96	18	99	11	47	31	57	62	86	88
	82	12	63	59	89	21	88	52	55	99	65	60
	29	20	57	37	34	83	56	75	90	89	28	88
	58	88	73	34	69	71	56	36	28	42	42	71

	76	60	41	11	65	40	82	18	34	28	32	57
	72	78	88	66	12	61	91	24	79	10	76	74
	68	36	79	39	17	31	95	25	89	23	27	79
	100	84	53	37	63	18	55	68	39	75	20	51
	60	71	94	56	35	43	46	86	24	80	50	60
	23	65	18	40	64	99	64	77	51	74	77	82
	42	25	34	58	44	40	88	17	76	91	81	43
	66	33	90	60	93	93	74	36	98	15	77	25
	13	74	47	24	49	14	90	20	66	91	15	50
	37	31	11	68	17	14	91	52	95	16	81	74
	72	17	80	73	13	37	53	50	34	52	24	50
	37	16	23	62	81	68	38	89	42	28	75	44
	21	65	55	56	97	37	50	71	25	64	99	45
	86	14	26	19	80	16	49	58	91	84	70	61
	34	66	16	70	54	66	86	65	49	67	51	17
	20	78	69	26	53	48	13	12	57	11	10	90
	14	55	55	48	39	12	83	91	52	31	85	43
	47	21	46	98	88	76	63	78	93	16	52	41
	65	10	58	45	55	31	58	31	47	67	17	95
	99	22	65	62	97	59	82	79	99	58	45	99
	17	54	17	65	77	48	39	11	42	52	83	61
	53	67	32	45	35	24	54	80	93	83	57	73
	11	16	23	84	84	15	92	75	35	10	28	80
	69	59	50	40	38	97	90	45	70	80	23	80
	51	79	95	80	35	47	48	68	22	80	82	76
	23	70	46	87	36	74	36	51	64	94	50	59
	31	45	81	29	38	99	78	70	82	72	30	52
	24	96	90	60	28	46	36	33	87	85	32	94
	76	57	96	97	87	43	27	17	62	25	15	90
	43	65	35	99	20	39	44	89	68	26	66	97

	56	93	88	40	95	47	60	88	66	19	60	34
	67	69	96	87	47	57	58	93	54	59	11	59
	36	32	98	57	21	94	36	83	40	42	97	96
	18	84	33	69	16	50	90	58	18	63	78	86
	43	80	48	13	37	19	15	39	71	44	39	76
	78	78	48	63	61	78	86	31	51	56	42	50
	39	81	27	21	47	27	100	92	16	13	53	83
	85	100	33	24	75	54	21	25	43	82	78	80
	71	55	51	77	89	60	61	76	11	65	40	73
	34	30	40	87	69	18	69	76	36	74	43	65
	90	86	34	65	47	89	70	61	95	85	67	23
	25	72	15	93	72	98	34	70	54	93	82	78
	67	59	80	42	10	98	53	18	77	33	98	100
	39	88	93	83	87	62	54	12	77	46	56	12
	61	26	82	84	98	98	25	55	93	31	68	83
	71	68	75	31	45	25	20	75	99	40	73	24
	87	29	15	99	52	45	55	72	58	55	56	34
	88	80	62	67	27	84	33	57	89	73	30	58
	17	30	80	23	69	43	86	60	32	19	28	12
	79	30	98	54	47	41	97	62	95	89	49	48
	52	78	43	26	75	58	31	31	19	93	22	45
	86	73	39	93	50	14	78	16	98	37	20	43
	57	58	29	28	41	81	52	24	91	45	34	95
	94	63	65	49	95	62	58	45	76	17	10	15
	44	13	97	91	99	11	43	49	41	94	54	21
	48	92	27	75	90	42	82	97	11	15	52	54
	68	58	85	25	71	91	69	91	32	34	20	28
	14	24	79	96	68	32	24	80	96	85	48	49
	45	32	69	17	75	99	24	68	51	67	98	43
	100	12	24	92	45	50	46	94	88	64	53	64

	68	19	97	30	61	76	32	19	52	53	87	77
	86	64	44	90	77	90	87	14	11	95	15	81
	62	33	24	91	15	34	69	98	64	48	53	57
	44	30	17	38	24	53	65	40	26	80	74	20
	16	56	47	73	43	18	33	49	44	26	26	67
	66	32	49	41	55	96	85	49	92	34	17	13
	58	11	33	61	72	94	28	53	66	12	95	61
	59	56	14	17	94	53	50	54	92	34	35	69
	25	25	67	36	39	48	76	48	10	92	65	33
	19	13	43	12	90	82	73	23	70	72	40	83
	86	54	98	97	70	41	59	82	48	33	33	30
	75	44	79	89	93	92	51	32	59	88	41	62
	50	77	79	10	60	71	26	29	46	22	11	39
	47	75	34	17	70	59	32	53	95	68	29	46
	46	83	39	70	61	71	42	92	26	30	18	81
	11	50	53	36	14	73	46	49	13	14	33	11
	66	12	15	25	46	61	86	18	44	89	59	47
	42	89	41	12	69	38	89	56	42	57	100	76
	14	87	32	89	68	82	41	37	40	29	13	22
	34	60	78	14	95	53	53	85	33	25	97	89
	75	31	24	22	30	84	67	34	53	90	86	35
	75	96	13	20	50	29	64	19	93	61	32	41
	94	11	22	78	50	82	75	30	51	18	66	36
	67	81	90	50	44	36	82	94	48	93	29	60
	75	18	77	22	61	89	96	49	74	98	84	67
	95	22	49	76	31	79	76	41	31	78	65	56
	31	54	50	67	28	75	36	53	81	46	75	32
	29	13	29	71	38	51	37	19	88	51	92	46
	26	29	12	73	91	61	12	65	70	86	54	79
	70	47	50	47	23	14	12	41	80	20	70	23

	73	73	99	69	87	11	88	22	77	84	78	39
	55	46	93	33	46	99	95	71	74	80	33	89
	51	44	65	44	62	28	25	73	44	16	54	67
	89	40	24	71	71	28	72	55	93	94	31	12
	49	35	31	32	84	28	49	89	13	55	40	79
	93	24	89	40	30	22	47	50	20	77	23	76
	15	21	31	92	46	70	74	49	56	64	68	78
	76	93	93	67	65	89	74	12	18	58	69	73
	56	17	42	11	36	30	49	37	79	71	75	92
	13	63	96	31	82	44	93	10	33	46	31	64
	44	21	87	73	53	94	70	95	38	45	32	61
	18	45	82	43	18	84	19	13	66	98	70	79
	90	87	33	64	45	12	95	78	26	25	72	58
	11	45	32	82	10	74	80	58	92	89	41	76
	65	98	69	85	69	61	20	73	94	65	40	67
	71	12	58	13	19	53	48	89	85	22	14	87
	22	100	35	85	87	85	97	27	41	20	26	88
	68	88	93	95	22	39	86	50	84	69	54	23
	28	77	33	40	27	67	46	25	54	91	70	37
	94	74	12	88	22	84	36	100	66	84	12	90
	48	82	15	82	57	66	58	59	57	70	44	71
	68	79	94	13	46	50	81	49	62	43	34	87
	35	90	12	96	12	68	96	80	48	32	77	26
	66	79	32	73	40	11	21	11	52	43	50	19
	40	90	93	43	41	42	13	21	47	96	70	18
	66	95	39	54	71	78	43	48	46	96	85	65
	72	99	56	27	37	91	11	69	76	90	57	17
	92	50	73	65	72	51	88	48	91	17	57	44
	14	23	49	57	31	38	31	56	24	86	91	54
	18	57	46	30	16	92	39	91	39	49	38	69

	20	86	96	94	62	81	84	60	47	94	25	82
	49	64	43	96	86	67	99	53	33	34	68	41
	23	84	59	26	49	31	63	59	28	18	59	18
	44	13	57	35	71	63	49	25	43	94	78	99
	70	42	10	28	19	61	96	70	76	87	51	39
	71	22	13	54	88	37	42	67	19	21	54	69
	93	20	88	82	78	70	36	75	83	34	27	66
	54	96	82	32	42	72	23	98	12	43	50	70
	60	79	40	67	90	19	93	64	90	77	35	95
	43	64	38	13	64	53	58	32	79	19	40	23
	44	91	62	55	29	91	58	70	71	22	97	78
	85	38	37	11	66	12	38	12	83	47	92	65
	45	79	73	10	92	12	96	30	37	62	83	76
	34	57	90	19	23	85	92	81	71	37	70	31
	54	16	41	98	71	36	53	27	92	70	32	55
	97	62	29	29	43	28	61	89	24	17	28	49
	42	84	80	50	94	94	23	73	42	14	70	91
	88	93	60	15	78	82	22	40	75	29	96	11
	48	86	13	86	89	20	63	30	36	61	34	47
	21	76	64	96	99	99	83	85	29	65	85	83
	23	55	45	84	65	93	68	39	89	56	83	66
	62	63	47	42	92	27	54	65	45	54	78	79
	86	82	39	92	39	78	57	43	92	61	19	90
	90	58	10	43	26	83	37	15	20	97	19	85
	79	95	61	77	29	26	41	65	94	57	58	71
	76	54	87	28	84	46	66	30	13	26	92	15
	32	87	20	81	77	59	48	55	94	99	53	17
	55	12	67	44	19	88	84	75	28	65	96	89
	14	42	17	70	53	10	54	30	45	45	96	59
	23	95	86	37	21	31	20	54	90	86	27	35

	44	97	96	51	40	81	85	80	92	33	99	95
	48	28	55	33	42	28	62	56	64	96	34	63
	14	68	69	76	32	78	89	15	82	47	80	38
	53	97	78	21	96	36	41	54	21	30	95	87
	70	77	20	23	56	62	95	78	20	68	26	10
	56	94	17	46	33	56	15	10	80	11	78	30
	24	15	76	72	27	36	96	24	23	16	61	18
	21	41	70	23	34	88	48	72	74	82	28	73
	76	85	74	26	61	76	54	98	51	94	88	29
	45	18	92	11	83	95	63	51	54	84	28	24
	22	14	99	50	32	42	48	94	80	96	26	32
	94	94	32	68	58	65	33	77	48	85	83	62
	91	32	59	30	75	50	95	69	49	36	60	50
	52	81	74	89	25	52	14	52	68	94	38	85
	81	96	28	87	28	49	90	20	30	66	79	12
	54	62	94	61	64	57	62	94	50	43	15	60
	89	36	10	39	26	30	51	78	69	21	100	25
	31	11	55	16	74	46	15	18	72	82	95	78
	68	26	18	12	11	56	95	92	35	25	96	19
	21	43	85	76	13	84	47	78	33	68	29	44
	37	70	57	53	55	51	96	27	40	24	77	74
	17	29	22	78	62	49	49	79	81	26	97	97
	23	94	44	89	30	44	31	14	92	78	60	61
	61	53	89	38	62	14	32	24	23	64	70	10
	59	13	34	11	12	28	18	58	53	44	99	78
	47	47	97	98	87	83	23	76	55	46	47	68
	12	61	89	34	22	83	14	14	49	84	54	69
	44	38	72	66	18	20	71	89	87	65	94	99
	45	77	43	42	63	72	38	71	99	37	42	47
	45	24	85	54	27	12	49	29	45	74	42	16

	17	61	75	39	16	34	90	28	58	40	29	16
	82	37	76	11	62	67	94	58	12	47	37	17
	91	18	30	79	34	15	81	18	45	22	94	47
	88	16	23	59	20	69	61	24	12	52	10	76
	17	96	75	44	46	52	55	92	56	67	42	11
	72	90	23	36	82	16	67	73	68	40	35	66
	25	74	58	42	57	76	56	15	61	23	39	13
	99	27	50	85	78	77	67	73	93	42	63	95
	29	59	88	15	72	57	92	76	49	39	92	80
	70	36	89	25	88	31	63	80	42	61	72	27
	43	57	40	23	30	19	17	51	21	97	89	20
	93	96	91	31	33	34	12	26	95	57	48	45
	65	47	82	12	56	99	99	77	57	82	61	20
	42	47	51	24	46	64	81	93	83	81	72	16
	61	74	74	43	25	81	86	58	71	31	97	72
	45	98	41	85	59	28	98	93	58	76	78	33
	39	43	67	89	54	38	92	65	37	84	67	100
	97	54	23	60	81	11	47	69	74	93	34	89
	86	48	64	81	54	34	76	25	84	95	55	86
	32	44	36	76	94	71	79	55	55	42	83	50
	51	64	65	67	98	39	29	11	24	73	17	47
	84	93	74	97	98	19	14	62	21	23	76	18
	35	44	30	38	52	13	32	36	15	40	40	22
	79	14	45	17	94	67	100	87	66	54	66	23
	85	33	26	50	91	21	76	76	65	56	32	43
	39	84	52	76	33	27	91	81	40	10	75	79
	18	26	62	63	40	18	38	66	40	41	17	30
	28	42	97	90	99	75	56	82	77	84	16	62
	67	38	86	88	38	100	21	21	93	93	60	91
	83	84	20	13	70	89	39	44	97	93	26	14

	78	71	67	94	46	21	39	66	62	72	74	18
	85	85	96	26	42	64	45	52	78	73	68	27
	74	37	52	45	20	72	39	35	54	23	96	54
	91	51	72	89	48	18	27	68	83	72	82	91
	39	91	61	26	33	86	88	84	85	57	68	50
	46	37	88	80	96	50	62	17	12	93	54	86
	84	37	45	50	49	75	53	51	58	47	43	35
	71	90	48	69	91	85	65	44	70	46	55	77
	56	15	69	92	31	19	82	31	47	64	56	77
	13	95	32	58	45	98	72	72	77	68	24	64
	58	90	95	79	30	21	95	41	68	57	88	80
	45	37	71	82	71	46	65	86	15	37	40	25
	26	25	30	67	93	17	94	36	66	23	53	45
	55	88	20	23	85	67	35	33	74	24	63	53
	18	36	78	25	47	20	69	60	59	14	87	48
	12	49	75	81	16	41	16	91	100	30	50	63
	61	78	35	30	13	46	16	78	56	26	37	58
	99	64	87	42	28	29	42	69	12	73	89	71
	86	49	55	72	51	36	62	87	75	58	94	58
	36	94	72	40	84	80	58	74	51	83	55	16
	84	16	29	51	31	32	75	31	30	61	80	16
	32	18	25	95	20	76	54	12	29	18	29	97
	84	37	56	27	38	74	67	75	37	39	86	24
	62	80	39	99	35	56	55	73	14	41	14	95
	39	52	22	74	44	32	14	65	39	50	20	27
	25	57	52	88	26	80	97	19	36	59	65	49
	73	26	70	31	81	52	61	67	80	55	13	37
	41	63	94	84	63	61	46	11	37	46	48	75
	42	42	36	80	72	70	65	15	76	55	62	30
	82	82	34	36	15	96	66	90	30	24	88	42

	96	24	31	58	49	32	41	69	11	40	42	22
	39	95	16	65	56	52	18	38	30	18	71	78
	56	25	22	92	42	25	35	15	75	61	16	99
	82	84	11	83	85	93	78	26	40	68	31	62
	57	55	13	63	72	31	58	80	14	88	43	50
	39	60	53	100	33	92	17	11	49	26	91	23
	53	98	56	87	13	83	91	96	45	99	10	39
	34	35	14	57	28	61	72	62	24	79	42	85
	50	40	53	94	73	25	24	57	29	14	72	22
	83	63	79	32	90	26	33	81	62	67	63	50
	55	27	44	29	85	86	35	54	34	50	22	38
	17	44	87	32	94	68	44	40	25	96	93	74
	27	30	96	55	31	64	60	40	11	97	19	10
	100	72	37	97	74	12	44	75	33	32	53	70
	41	81	79	77	21	66	78	91	47	55	68	65
	58	17	54	67	24	64	74	64	96	67	64	56
	94	97	22	79	43	45	74	29	43	74	66	54
	85	32	91	44	38	33	95	57	42	60	49	100
	83	69	32	19	92	30	24	11	65	57	30	47
	62	31	44	53	92	94	88	62	45	83	67	75
	45	41	57	88	40	45	62	22	66	27	34	80
	45	38	70	62	62	76	96	53	85	92	75	80
	79	59	59	38	99	40	47	85	17	48	39	64
	34	30	19	86	63	68	40	18	16	38	79	54
	78	23	12	50	96	38	92	79	84	70	94	83
	33	79	68	42	35	25	12	53	83	82	39	42
	87	14	82	85	71	80	49	31	32	78	56	52
	92	54	79	44	57	34	97	96	85	30	83	57
	24	96	75	70	44	91	15	91	86	38	85	72
	33	29	73	99	76	34	38	74	40	35	78	16

