***** PARAMETERS PRP *****

Number of Customers = 30
Number of Products = 10
Number of Vehicles = 5
Number of Periods = 12

B = Production capacity
	49307

b_p = Time required to produce item p
 	1	1	1	1	1	1	1	1	1	1

c_p = Production cost of item p
 	30	80	30	30	80	80	80	30	80	80

s_p = Setup cost of item p
 	300	800	300	300	800	800	800	300	800	800

M = Big number
	197227

U_pi = Maximum inventory upper bound of item p at site i
 	197227	123	113	292	339	275	353	97	160	108	290	88	164	276	225	251	321	104	141	304	268	190	301	242	312	96	103	238	129	177	279
	197227	182	272	90	88	254	99	135	282	188	177	113	226	198	269	197	303	183	192	233	108	167	260	154	141	176	109	107	151	248	109
	197227	215	107	256	218	127	220	104	121	245	248	175	299	169	208	217	186	129	207	272	184	167	303	329	102	250	196	177	203	133	105
	197227	90	157	216	324	274	231	236	98	103	288	237	296	211	174	237	360	179	192	154	242	109	213	237	103	297	187	202	263	245	227
	197227	168	119	255	127	263	107	319	150	267	320	222	186	138	108	264	223	292	162	220	98	110	148	158	115	267	192	88	279	79	261
	197227	87	110	258	210	143	254	289	225	161	142	124	166	152	90	100	203	249	122	195	95	286	111	281	310	183	120	190	108	266	99
	197227	156	348	201	114	181	172	191	210	245	128	330	259	208	108	95	121	330	114	262	233	107	124	285	114	201	190	301	272	247	140
	197227	245	277	120	210	173	293	75	330	154	109	233	196	151	101	159	277	172	165	301	198	296	235	194	183	161	339	125	356	103	210
	197227	168	261	192	120	311	139	342	125	149	158	106	177	302	184	133	115	169	146	153	162	95	302	233	242	248	228	199	105	228	157
	197227	228	160	196	239	262	201	239	173	239	140	223	166	97	153	86	232	236	229	219	135	176	248	164	241	321	154	263	165	210	122

I_pi0 = Initial inventory of item p at site i
 	0	71	25	122	102	177	237	70	87	87	92	81	129	119	75	131	132	94	126	137	132	129	12	58	42	29	67	40	97	94	173
	0	157	190	75	0	252	78	89	183	86	132	93	112	70	94	10	76	86	178	230	32	126	58	135	84	146	36	81	89	64	81
	0	107	38	174	65	85	91	62	109	47	221	173	238	19	66	20	153	66	159	101	99	134	175	81	42	235	35	144	159	77	88
	0	50	18	143	234	202	211	10	17	46	186	58	64	126	94	58	96	88	37	140	160	92	122	202	91	129	89	179	127	170	78
	0	160	62	125	47	173	62	242	142	56	86	132	91	92	40	223	85	100	71	176	91	89	106	100	54	67	189	42	26	65	144
	0	39	74	256	208	142	142	219	203	146	136	32	74	119	16	98	54	26	71	22	84	227	94	184	62	33	95	156	79	225	85
	0	126	253	111	77	159	26	85	61	134	100	43	27	136	34	92	43	95	94	118	110	99	76	225	66	173	170	216	58	110	76
	0	57	143	114	204	135	54	75	60	125	96	114	188	143	92	159	134	163	123	157	78	180	73	91	71	121	257	108	302	75	142
	0	146	185	92	91	253	83	172	58	100	117	90	54	150	112	82	97	130	54	60	72	78	278	67	115	161	211	143	33	110	66
	0	192	117	191	58	94	148	197	14	183	109	165	96	84	135	35	123	71	136	133	12	159	189	128	61	314	112	168	33	66	80

h_pi = Inventory cost of item p at site i
 	3	7	4	6	1	3	3	3	8	9	5	5	3	9	6	7	1	3	2	2	3	2	8	8	1	1	2	1	2	1	7
	8	2	8	3	5	5	4	9	7	5	4	2	8	4	7	4	8	6	5	8	8	7	8	5	8	5	1	5	7	7	5
	3	4	3	7	3	6	5	6	1	7	9	9	6	1	6	4	7	9	4	2	4	3	4	6	4	2	7	4	7	1	1
	3	3	3	9	6	6	2	5	6	4	7	1	9	9	1	9	2	8	7	5	5	9	4	4	4	8	5	2	8	6	2
	8	1	2	3	6	8	3	6	5	4	3	7	5	7	6	9	5	5	9	1	4	6	2	2	4	1	1	5	4	3	1
	8	6	6	6	6	3	2	4	7	8	4	7	8	9	4	2	3	5	8	7	7	1	5	5	5	5	5	8	5	3	3
	8	4	5	6	3	2	5	8	8	8	6	5	9	4	1	9	4	4	6	7	8	4	5	4	9	7	9	2	6	1	7
	3	2	3	8	2	4	7	1	8	2	9	2	9	5	4	3	6	5	3	4	5	1	4	8	2	1	8	1	1	8	7
	8	7	8	8	7	4	7	6	6	7	5	8	2	1	6	8	2	3	2	3	1	5	5	9	7	7	1	8	7	1	6
	8	7	1	1	4	3	1	4	2	9	5	4	1	5	8	4	3	5	2	3	6	5	4	3	2	8	9	1	3	9	9

C = Vehicle capacity
	3600

f = Fixed transportation cost
	31093

a_ik = Transportation cost for traveling from node i to node k
 	0	75	531	179	184	146	479	120	260	274	209	734	146	143	92	170	124	781	295	685	513	730	325	295	619	765	633	437	313	302	372
	75	0	467	174	125	179	404	151	187	213	250	677	170	155	147	228	165	729	262	612	469	670	252	221	571	693	588	369	379	228	301
	531	467	0	596	349	638	203	505	291	259	709	233	494	469	549	602	628	310	312	237	211	213	347	342	213	270	247	103	741	285	186
	179	174	596	0	288	90	481	298	306	364	138	820	323	315	267	337	106	881	435	694	633	807	292	276	729	786	749	493	460	318	413
	184	125	349	288	0	304	323	177	105	91	375	553	178	152	210	278	289	605	155	517	347	548	226	192	447	590	464	256	430	163	201
	146	179	638	90	304	0	545	260	349	390	72	854	287	287	217	274	26	908	435	758	647	845	363	342	750	847	766	537	383	374	462
	479	404	203	481	323	545	0	500	223	259	612	422	500	473	528	600	543	506	377	214	386	392	193	206	414	306	446	146	752	177	131
	120	151	505	298	177	260	500	0	280	255	316	682	27	39	55	102	236	718	219	691	441	686	383	349	552	759	561	423	253	335	376
	260	187	291	306	105	349	223	280	0	89	420	515	283	256	306	379	341	579	218	426	352	502	134	104	435	506	459	189	532	59	115
	274	213	259	364	91	390	259	255	89	0	462	464	249	222	294	355	377	519	134	438	274	458	220	191	366	505	386	169	503	138	129
	209	250	709	138	375	72	612	316	420	462	0	925	342	346	268	311	87	979	502	825	717	917	426	407	820	915	836	608	396	442	532
	734	677	233	820	553	854	422	682	515	464	925	0	666	644	733	771	841	90	466	343	260	46	580	574	156	298	173	334	890	516	417
	146	170	494	323	178	287	500	27	283	249	342	666	0	27	79	109	262	699	201	687	421	671	392	358	533	752	540	416	254	339	374
	143	155	469	315	152	287	473	39	256	222	346	644	27	0	93	134	264	679	180	660	402	648	368	334	513	726	522	389	281	313	347
	92	147	549	267	210	217	528	55	306	294	268	733	79	93	0	82	192	770	272	726	494	735	395	363	604	798	614	463	233	357	410
	170	228	602	337	278	274	600	102	379	355	311	771	109	134	82	0	249	800	306	792	521	777	475	442	634	859	639	523	154	433	477
	124	165	628	106	289	26	543	236	341	377	87	841	262	264	192	249	0	893	416	755	630	834	364	341	734	842	750	528	359	369	455
	781	729	310	881	605	908	506	718	579	519	979	90	699	679	770	800	893	0	499	432	280	134	655	646	167	382	166	406	910	586	488
	295	262	312	435	155	435	377	219	218	134	502	466	201	180	272	306	416	499	0	529	222	472	351	321	333	580	343	255	433	271	248
	685	612	237	694	517	758	214	691	426	438	825	343	687	660	726	792	755	432	529	0	444	299	403	419	415	101	448	275	940	387	317
	513	469	211	633	347	647	386	441	352	274	717	260	421	402	494	521	630	280	222	444	0	278	463	443	113	457	121	242	633	381	301
	730	670	213	807	548	845	392	686	502	458	917	46	671	648	735	777	834	134	472	299	278	0	557	554	184	252	206	316	902	498	399
	325	252	347	292	226	363	193	383	134	220	426	580	392	368	395	475	364	655	351	403	463	557	0	35	529	498	557	249	628	85	169
	295	221	342	276	192	342	206	349	104	191	407	574	358	334	363	442	341	646	321	419	443	554	35	0	515	510	542	241	595	63	159
	619	571	213	729	447	750	414	552	435	366	820	156	533	513	604	634	734	167	333	415	113	184	529	515	0	403	35	285	745	452	360
	765	693	270	786	590	847	306	759	506	505	915	298	752	726	798	859	842	382	580	101	457	252	498	510	403	0	434	337	1003	474	393
	633	588	247	749	464	766	446	561	459	386	836	173	540	522	614	639	750	166	343	448	121	206	557	542	35	434	0	315	745	479	389
	437	369	103	493	256	537	146	423	189	169	608	334	416	389	463	523	528	406	255	275	242	316	249	241	285	337	315	0	668	183	83
	313	379	741	460	430	383	752	253	532	503	396	890	254	281	233	154	359	910	433	940	633	902	628	595	745	1003	745	668	0	586	628
	302	228	285	318	163	374	177	335	59	138	442	516	339	313	357	433	369	586	271	387	381	498	85	63	452	474	479	183	586	0	100
	372	301	186	413	201	462	131	376	115	129	532	417	374	347	410	477	455	488	248	317	301	399	169	159	360	393	389	83	628	100	0

coordXY = Coordinates (x,y): line zero => x line one => y column => customers
 	303	334	272	479	283	416	459	188	360	274	438	127	166	180	213	144	391	40	143	466	74	172	493	463	63	421	29	314	43	411	360
	190	258	720	162	372	99	642	223	443	462	31	902	238	261	175	132	104	925	437	855	648	908	453	437	760	945	760	626	16	472	557

d_pit = Demand of item p at customer i in period t
 	71	90	19	15	31	19	21	41	81	16	48	38
	25	91	45	68	36	96	34	45	64	61	53	58
	89	33	92	82	79	45	55	25	64	21	56	60
	66	21	15	49	95	89	88	94	76	50	72	98
	32	84	61	86	54	83	80	20	79	68	81	97
	85	79	73	61	41	90	48	84	75	77	54	81
	42	28	17	76	15	80	40	45	62	47	39	91
	87	80	76	64	11	78	22	45	95	37	20	25
	87	71	55	77	30	88	17	93	28	15	57	32
	55	37	85	90	14	82	51	33	52	74	44	80
	81	27	83	34	100	11	40	26	36	41	10	37
	37	18	74	80	18	77	62	90	30	20	99	52
	49	70	81	100	93	52	22	20	30	93	14	39
	75	46	59	47	97	40	70	92	73	40	20	16
	43	88	82	25	57	47	74	25	22	23	56	61
	52	80	94	68	33	10	38	68	73	62	96	97
	61	33	87	16	22	82	63	73	64	69	43	11
	61	39	26	48	98	98	100	97	92	87	77	21
	79	58	45	73	69	69	60	29	61	64	97	26
	85	23	24	63	41	64	77	56	36	84	30	60
	36	93	86	33	90	23	26	44	100	84	76	68
	12	38	24	95	96	82	18	68	51	90	79	70
	26	32	78	80	61	10	92	72	29	46	21	34
	42	49	51	98	24	92	14	87	74	71	61	85
	29	53	92	28	25	20	95	17	93	33	71	19
	67	62	50	77	38	42	91	62	33	16	64	14
	40	30	17	69	28	51	23	22	48	96	87	61
	97	44	61	77	27	84	82	46	76	63	35	80
	43	51	15	75	62	64	87	52	64	60	84	51
	78	37	58	65	85	16	54	31	44	91	93	18

	23	25	20	89	18	48	53	61	52	50	36	72
	60	57	43	30	50	35	78	97	14	43	68	77
	52	23	28	65	30	96	11	13	55	47	32	89
	100	12	44	45	39	82	44	66	23	41	22	11
	44	81	51	76	91	34	94	23	21	37	16	41
	78	66	21	37	80	68	74	20	38	46	46	22
	89	69	77	85	78	91	27	25	85	31	55	98
	41	20	85	37	59	95	13	93	14	66	66	88
	86	38	43	13	17	44	29	64	15	91	27	97
	31	90	11	78	35	50	51	61	94	92	63	51
	93	60	37	58	57	62	14	77	69	73	22	58
	53	59	19	13	95	63	99	56	20	71	33	98
	70	25	39	42	32	25	27	85	56	73	98	23
	94	43	44	97	34	87	95	82	97	59	63	11
	10	66	17	57	15	41	68	80	98	54	14	70
	76	78	67	18	70	37	11	91	39	87	67	87
	20	66	98	57	73	57	36	48	77	64	71	63
	66	10	24	78	30	64	45	24	73	14	50	98
	99	26	37	68	53	81	66	60	56	99	21	34
	32	89	14	90	52	97	99	15	32	41	54	33
	52	74	12	78	69	31	46	40	80	80	22	84
	58	100	19	76	47	71	71	28	49	35	38	31
	49	51	35	54	49	50	75	79	37	31	91	13
	84	98	55	29	80	31	84	62	80	81	96	64
	49	97	40	91	63	87	77	42	16	70	22	50
	36	79	33	60	49	40	78	71	95	35	36	42
	14	67	64	17	81	70	90	27	19	79	45	67
	89	75	19	37	69	13	99	42	30	61	11	59
	64	58	13	40	41	59	35	92	33	56	82	22
	81	30	23	88	46	99	28	70	16	74	42	57

	17	90	93	87	93	39	83	50	72	76	97	64
	25	13	77	40	16	66	32	13	35	38	62	12
	53	17	94	10	43	43	16	57	95	93	69	25
	65	67	24	22	23	46	88	38	100	43	72	65
	85	100	90	67	83	57	12	23	74	89	51	30
	67	24	11	67	91	85	86	91	58	30	16	33
	62	13	78	21	62	54	20	69	65	27	75	78
	28	81	78	15	95	74	70	74	82	98	13	15
	24	23	66	95	66	33	38	24	72	88	28	32
	92	75	54	17	37	80	97	74	83	45	46	45
	99	74	85	12	56	94	26	32	47	50	44	80
	61	89	88	99	43	82	48	55	58	22	58	14
	19	27	47	30	27	15	94	45	49	45	47	62
	15	33	18	47	85	76	76	88	99	13	58	15
	20	72	62	65	14	29	29	57	32	68	21	52
	92	50	11	88	63	55	97	58	60	62	62	44
	50	16	92	49	95	56	95	56	69	73	48	75
	93	66	93	74	94	57	38	50	72	81	54	55
	84	17	43	98	43	49	59	68	68	51	24	49
	68	31	72	26	86	17	19	30	61	49	17	75
	55	79	55	64	76	88	39	38	11	84	38	40
	76	99	16	71	19	13	66	77	51	85	81	74
	81	19	33	75	61	47	81	58	94	80	95	66
	42	19	57	48	40	67	99	11	76	12	83	56
	78	48	39	70	19	48	43	97	32	35	43	47
	35	68	90	27	55	39	32	64	85	15	59	18
	35	54	16	39	51	24	63	58	30	46	48	66
	25	72	62	67	34	82	41	57	63	49	27	29
	77	92	35	39	54	19	82	91	94	55	92	67
	43	45	38	65	36	81	83	26	85	23	82	20

	15	35	45	25	10	44	94	39	73	28	43	91
	18	38	53	42	48	31	13	83	13	79	14	38
	81	62	85	30	85	75	15	68	22	70	11	43
	89	79	66	45	34	89	68	65	48	70	67	58
	77	39	86	86	12	50	47	60	71	43	38	49
	75	60	76	74	76	52	53	38	12	23	93	62
	10	65	75	10	23	52	49	27	79	36	61	80
	17	88	29	47	39	97	90	15	38	12	52	65
	46	31	38	92	51	31	96	87	11	39	64	30
	94	10	82	95	52	67	55	85	55	38	35	22
	19	39	52	84	49	19	42	46	94	32	27	65
	51	13	84	66	24	78	84	69	80	57	23	82
	52	22	52	91	89	60	67	56	33	67	16	27
	94	83	48	11	51	50	98	42	89	23	36	71
	58	28	88	75	68	42	52	93	79	54	55	20
	96	95	84	48	90	80	82	86	86	24	31	61
	88	74	24	98	71	48	87	50	23	57	83	11
	37	43	69	66	81	18	88	84	86	63	61	70
	45	95	26	43	95	15	89	21	49	33	39	66
	72	88	92	42	87	50	31	66	50	68	15	65
	69	23	31	74	45	86	64	11	92	57	66	35
	49	73	23	49	75	41	18	66	73	68	40	63
	64	16	42	80	12	44	33	56	66	99	25	31
	91	17	85	56	35	34	35	26	93	21	96	26
	71	36	22	54	78	59	24	98	85	67	52	66
	89	20	26	65	96	71	84	36	99	68	74	18
	11	70	98	38	72	96	15	34	17	65	63	27
	68	59	65	32	31	59	59	44	63	19	42	89
	85	85	93	18	87	21	81	42	68	63	62	29
	23	55	92	57	20	57	63	76	76	75	41	46

	65	68	27	70	60	12	58	28	71	73	99	41
	62	84	72	70	43	30	52	75	58	14	98	57
	37	67	21	92	14	35	96	50	27	75	79	19
	47	90	49	89	69	53	79	72	89	53	24	48
	78	26	40	29	100	44	12	77	67	92	24	42
	52	10	71	42	98	36	84	24	62	32	84	49
	48	96	98	39	99	38	51	70	95	89	30	13
	74	68	92	97	95	88	92	82	43	85	52	29
	56	66	72	33	21	61	89	58	23	33	36	93
	86	27	100	91	89	32	79	33	48	42	52	88
	60	16	56	69	42	76	24	70	82	99	52	21
	91	98	69	39	79	100	54	83	54	28	27	23
	92	60	81	68	26	71	75	91	25	78	82	78
	40	81	11	71	57	30	19	42	90	22	97	89
	59	65	99	41	79	37	62	30	67	65	98	89
	35	14	36	52	100	91	50	49	81	65	51	44
	50	50	85	39	82	46	47	11	77	89	57	67
	28	43	30	44	97	20	13	11	59	92	17	33
	24	42	31	79	41	93	17	38	27	20	85	30
	91	38	74	27	75	84	20	45	29	49	37	18
	50	39	85	31	80	83	31	89	36	38	76	22
	60	46	89	88	23	34	21	50	28	33	31	90
	23	77	39	20	53	23	99	19	84	98	14	82
	54	69	38	79	53	12	17	12	94	86	75	100
	67	17	72	26	76	40	84	14	59	64	67	55
	71	56	62	78	92	44	88	34	90	39	75	37
	42	80	19	12	33	55	27	19	48	66	94	33
	26	64	87	82	12	58	35	19	40	95	89	63
	65	86	15	11	20	47	44	24	58	16	65	21
	19	74	51	33	47	87	38	30	78	52	60	58

	39	80	20	34	13	46	81	18	33	38	30	89
	74	38	73	98	27	17	16	35	70	75	66	71
	58	94	28	76	36	46	60	22	13	68	87	32
	84	96	28	85	29	35	40	28	44	55	75	31
	97	45	43	26	79	87	24	44	11	74	20	21
	61	81	70	50	25	95	64	68	90	57	21	79
	71	91	57	12	93	22	63	42	24	93	93	32
	28	85	72	18	82	55	15	32	99	29	11	15
	88	58	51	17	52	82	14	78	78	47	19	61
	56	80	28	21	13	24	16	100	27	49	97	58
	32	22	28	66	43	79	35	39	51	22	62	15
	12	62	59	49	83	80	83	95	24	57	25	33
	57	62	61	56	34	36	23	81	17	25	81	75
	16	85	35	63	69	49	41	26	70	24	28	33
	98	61	47	24	48	31	99	41	14	48	58	33
	37	17	31	12	64	54	32	65	44	95	83	75
	26	48	86	58	83	22	70	85	17	22	46	35
	48	23	53	98	76	63	51	20	76	85	90	46
	22	99	71	78	15	97	68	86	44	97	61	43
	20	47	17	53	66	97	19	99	17	69	53	15
	77	88	62	66	28	63	43	40	75	70	46	28
	33	61	90	40	44	69	47	96	63	42	69	12
	24	41	87	32	58	41	77	55	95	45	53	66
	34	28	84	88	16	87	97	84	62	87	58	20
	33	86	86	83	21	43	63	90	87	37	69	33
	95	39	26	19	77	42	92	93	55	58	79	45
	78	78	30	99	53	37	33	19	62	14	48	19
	16	63	24	49	40	68	85	77	50	77	33	68
	38	96	91	47	79	78	84	63	72	27	78	45
	85	96	51	14	26	52	52	32	25	88	17	53

	73	53	23	46	44	67	70	35	90	68	17	38
	79	98	76	67	82	69	60	22	82	84	66	50
	22	89	16	90	79	15	26	22	93	77	11	63
	77	93	38	27	53	55	33	75	83	21	65	64
	98	61	89	18	94	63	87	85	16	68	32	14
	26	49	29	90	45	30	19	42	11	79	49	48
	73	12	37	46	91	15	46	28	36	81	50	57
	61	56	71	41	69	20	52	55	46	56	11	92
	74	60	13	66	100	16	19	15	96	16	29	85
	100	91	69	74	49	46	84	90	43	65	17	41
	43	25	41	52	99	97	89	64	84	77	52	69
	27	38	85	61	81	11	51	52	61	73	60	21
	46	74	16	98	31	18	89	60	52	18	64	57
	34	91	24	49	38	79	41	86	25	65	63	52
	58	34	60	34	44	33	20	69	55	61	68	31
	43	13	30	32	41	62	34	76	76	42	22	13
	95	48	49	65	43	99	95	24	29	95	94	57
	61	33	70	47	52	83	63	42	70	37	49	78
	94	24	28	20	74	100	25	52	62	60	22	68
	15	95	53	17	70	86	12	89	90	66	70	37
	99	20	90	26	38	76	16	31	62	74	75	32
	36	25	15	81	24	47	50	49	57	32	58	20
	94	70	61	62	36	23	70	34	43	94	21	76
	66	59	28	70	94	41	68	27	52	16	67	95
	15	33	35	90	68	11	17	25	91	49	33	15
	73	40	57	74	54	86	49	65	26	14	11	20
	39	50	55	72	66	35	72	75	73	39	99	48
	58	95	93	18	27	30	57	73	18	59	96	29
	98	12	64	59	22	58	60	31	28	11	92	58
	19	57	13	27	41	95	24	19	61	98	27	79

	35	22	71	88	73	38	32	47	75	13	54	39
	90	53	91	12	94	34	50	31	31	62	94	23
	22	92	64	23	65	100	93	59	93	50	30	31
	71	100	33	33	55	85	72	80	91	96	42	82
	82	53	49	97	46	64	69	14	55	25	69	67
	54	94	16	84	77	25	49	31	84	69	71	50
	11	15	49	31	81	39	14	57	33	11	38	72
	60	60	50	98	69	70	75	56	74	14	71	96
	25	69	31	93	63	21	57	15	97	58	73	15
	74	22	79	30	53	76	11	60	82	99	56	13
	54	60	11	81	54	54	37	43	58	65	32	11
	54	45	89	62	68	15	74	57	96	41	100	83
	16	54	73	64	43	10	60	89	61	58	65	11
	92	18	71	94	54	37	27	20	57	31	89	15
	58	46	55	90	85	73	32	16	20	15	77	70
	79	55	31	56	58	56	76	10	54	51	72	67
	65	98	44	34	13	15	99	55	38	64	84	79
	74	49	62	87	48	20	94	54	27	71	26	49
	67	56	34	85	86	27	59	47	40	67	71	84
	78	10	54	68	11	50	44	77	51	27	48	75
	16	70	94	29	29	76	99	85	61	84	56	11
	73	56	28	36	14	91	54	40	17	42	27	87
	54	37	22	24	96	30	71	59	21	62	11	95
	71	92	74	36	58	43	36	12	19	14	14	80
	55	40	26	98	65	21	52	40	23	17	12	33
	14	79	99	65	69	48	98	79	91	72	45	55
	65	43	22	98	93	87	86	55	49	81	63	10
	96	90	57	59	86	58	86	59	62	81	35	85
	16	59	50	83	16	38	95	41	33	32	88	69
	65	77	93	14	54	28	94	60	81	97	84	92

	22	80	44	43	81	87	65	36	56	48	33	76
	89	54	42	36	28	77	43	69	18	85	62	24
	38	54	90	72	19	76	91	80	70	14	87	77
	91	38	30	95	75	31	31	41	58	47	96	87
	52	41	64	96	17	41	84	11	96	81	90	73
	83	31	38	61	96	76	60	53	100	79	86	69
	100	72	18	55	85	98	18	54	79	92	90	60
	58	69	32	99	57	92	79	63	53	19	94	33
	33	67	75	59	17	72	32	52	52	22	75	40
	68	37	12	66	98	62	50	55	44	63	31	46
	16	14	60	92	48	65	45	15	83	56	77	65
	54	46	14	15	66	86	64	63	59	48	96	98
	16	91	25	18	55	98	48	77	72	76	66	82
	96	16	88	42	37	82	57	97	51	29	82	59
	13	69	59	39	76	39	58	23	19	30	67	41
	97	53	41	12	96	12	96	29	99	48	16	92
	57	73	21	60	11	89	35	53	49	76	68	83
	32	22	42	46	63	45	47	77	56	65	45	42
	60	12	83	57	79	23	54	35	42	45	77	44
	13	32	11	16	91	76	55	73	39	70	92	78
	17	61	60	27	35	14	98	94	21	54	57	34
	94	38	90	56	95	62	79	14	70	28	25	73
	49	18	72	50	17	21	71	40	94	50	48	30
	79	25	11	15	49	91	61	28	86	99	13	23
	26	34	33	68	86	86	59	75	73	61	52	91
	54	19	53	85	53	62	70	57	21	91	56	63
	81	62	98	61	18	87	78	39	43	79	59	89
	33	92	91	48	11	26	78	41	52	82	24	51
	33	19	58	64	61	74	65	60	64	28	88	69
	35	13	18	33	26	97	25	40	43	50	58	34

	67	28	39	58	42	61	45	90	66	61	45	82
	22	95	75	12	42	54	36	62	22	32	90	97
	91	88	12	22	80	77	15	51	35	56	37	25
	58	63	86	71	66	19	56	55	72	45	94	31
	72	22	41	36	75	24	54	25	82	41	77	80
	92	56	54	66	89	29	87	59	47	90	58	78
	98	83	16	63	21	13	79	97	82	18	56	90
	14	96	77	53	92	24	44	33	78	36	58	88
	60	48	23	52	56	62	50	37	53	51	52	29
	85	24	12	30	20	94	31	26	80	38	32	88
	95	32	38	41	15	24	27	12	96	45	65	46
	96	43	49	79	58	34	83	74	56	64	14	13
	18	66	79	45	45	45	86	42	50	29	40	34
	69	66	53	22	75	81	41	89	21	31	37	28
	10	25	76	90	12	42	19	67	51	54	32	36
	44	32	47	94	41	22	25	55	16	87	64	29
	30	41	89	28	57	54	26	87	34	24	47	49
	77	39	20	85	58	41	17	47	87	54	81	82
	62	61	10	90	42	12	24	35	67	67	21	34
	12	98	28	95	60	91	83	71	98	47	58	70
	92	15	52	65	35	17	15	76	14	82	54	10
	32	15	80	62	25	27	61	87	31	61	36	78
	57	71	36	62	72	81	64	29	35	24	39	87
	61	54	15	86	86	45	85	75	51	59	89	17
	61	84	79	90	27	91	43	97	15	59	34	90
	58	54	72	80	67	88	36	35	42	12	19	54
	73	95	31	17	43	89	80	36	91	28	17	32
	33	44	70	25	44	69	42	74	13	24	19	37
	66	35	22	48	59	53	100	53	71	21	57	45
	80	77	93	25	61	74	60	60	39	47	41	76

