***** PARAMETERS PRP *****

Number of Customers = 30
Number of Products = 10
Number of Vehicles = 5
Number of Periods = 12

B = Production capacity
	49577

b_p = Time required to produce item p
 	1	1	1	1	1	1	1	1	1	1

c_p = Production cost of item p
 	80	30	30	30	80	30	30	30	80	30

s_p = Setup cost of item p
 	800	300	300	300	800	300	300	300	800	300

M = Big number
	198308

U_pi = Maximum inventory upper bound of item p at site i
 	198308	227	182	333	157	156	239	223	289	96	97	161	196	262	96	167	226	136	105	288	112	254	295	288	123	253	186	258	321	228	114
	198308	241	283	182	171	115	134	177	179	108	106	170	268	107	227	273	141	306	118	222	204	279	151	193	167	259	105	306	194	260	156
	198308	131	225	230	144	83	280	159	231	89	216	130	265	295	187	208	114	112	168	136	219	226	112	200	251	148	128	120	185	136	284
	198308	287	295	158	124	200	139	211	198	141	250	97	303	204	118	93	211	163	158	182	213	135	196	234	323	170	169	104	209	227	201
	198308	123	199	262	179	299	256	112	196	137	302	100	191	222	182	185	104	240	194	139	215	214	94	233	161	184	91	171	221	120	272
	198308	175	178	170	208	122	126	179	110	136	264	153	89	109	213	237	190	222	170	164	104	206	121	183	157	178	114	206	193	247	234
	198308	368	259	329	288	134	265	227	82	178	227	112	241	190	147	148	181	182	340	159	112	102	102	173	195	270	292	260	250	96	264
	198308	245	103	266	159	141	172	273	257	201	163	115	195	188	133	128	248	232	106	263	165	309	177	103	132	322	113	175	113	106	234
	198308	138	126	232	303	311	236	108	108	280	260	164	232	167	126	118	262	123	202	271	111	255	81	157	242	187	246	171	212	159	259
	198308	258	177	204	235	151	111	115	348	149	196	221	180	176	325	279	217	98	250	272	149	188	172	145	337	168	164	107	157	92	137

I_pi0 = Initial inventory of item p at site i
 	0	147	171	20	69	98	209	43	262	74	12	53	132	56	67	116	44	46	93	119	54	17	88	70	30	199	127	22	252	60	97
	0	130	149	42	170	37	60	156	121	79	35	86	121	60	161	144	36	277	57	204	164	67	144	98	121	107	98	79	175	122	81
	0	124	170	170	102	28	171	79	115	0	181	94	192	230	152	61	66	100	148	118	138	52	13	195	245	105	98	117	168	129	17
	0	63	245	46	55	161	58	112	170	72	34	11	242	137	96	71	116	113	94	98	158	82	104	31	260	160	112	71	141	179	170
	0	95	184	64	94	242	166	57	19	89	260	19	147	187	68	127	71	151	181	61	112	166	42	79	159	166	75	119	108	81	138
	0	135	94	70	35	97	68	105	64	107	156	143	41	56	198	22	158	52	57	134	85	36	76	23	53	92	109	174	166	171	160
	0	251	69	17	89	65	61	127	79	60	173	106	181	111	133	100	64	93	145	51	94	84	42	52	86	111	90	212	148	36	138
	0	208	85	212	114	55	46	198	99	180	15	69	172	110	16	88	236	167	59	214	66	45	121	92	43	158	96	43	83	31	56
	0	133	114	208	70	251	217	84	91	98	154	117	29	101	117	71	229	98	147	163	91	88	70	94	87	34	244	153	174	127	86
	0	249	150	135	109	75	47	91	281	28	186	113	110	53	110	147	26	74	171	80	137	164	92	119	326	108	140	104	85	85	132

h_pi = Inventory cost of item p at site i
 	8	9	3	4	2	2	1	1	6	3	9	4	7	6	9	5	6	8	9	9	9	1	3	2	3	8	3	4	1	7	7
	3	7	3	9	9	1	1	4	9	1	5	5	9	2	6	7	6	3	2	4	6	7	4	3	7	7	7	8	8	8	2
	3	9	5	7	4	4	6	2	4	6	4	3	6	5	8	1	4	1	1	7	9	8	9	7	6	8	2	2	4	8	4
	3	9	7	3	3	3	3	6	8	3	5	4	2	9	5	9	6	6	6	7	1	1	5	1	9	6	4	1	1	1	6
	8	1	2	8	5	4	4	8	6	1	8	3	4	8	2	1	8	1	3	4	2	1	2	9	4	2	3	8	7	1	3
	3	2	9	1	3	6	1	1	7	8	4	2	6	3	4	3	9	4	1	1	1	5	4	7	9	8	9	2	4	5	4
	3	8	5	5	7	6	9	9	3	6	4	6	7	6	1	1	8	8	1	5	2	7	1	6	9	7	7	9	8	8	4
	3	9	8	2	6	4	8	5	5	3	4	2	2	2	4	3	5	4	3	4	3	2	4	5	2	4	1	1	2	4	9
	8	5	2	2	1	2	7	1	8	5	2	8	4	3	8	2	8	5	7	9	3	6	8	9	8	5	4	4	1	4	4
	3	8	7	4	7	2	3	5	5	6	1	4	7	7	5	1	5	3	3	7	1	2	3	4	6	9	4	8	6	4	6

C = Vehicle capacity
	3680

f = Fixed transportation cost
	32271

a_ik = Transportation cost for traveling from node i to node k
 	0	596	412	472	387	381	484	365	183	478	221	180	341	315	434	465	487	281	865	470	494	606	234	227	709	443	383	641	788	252	446
	596	0	508	741	313	839	248	377	418	542	810	426	353	357	177	217	221	447	407	871	893	402	680	793	140	364	785	67	414	645	377
	412	508	0	237	202	395	266	143	385	69	519	304	181	199	354	292	291	148	563	390	409	249	293	464	545	149	322	574	456	241	138
	472	741	237	0	430	234	502	367	531	228	471	451	397	404	579	526	527	321	772	179	191	456	252	401	780	386	157	807	656	221	374
	387	313	202	430	0	536	103	64	272	250	566	217	51	73	153	104	116	147	479	560	582	238	389	530	374	88	477	378	402	347	100
	381	839	395	234	536	0	631	477	514	420	281	452	489	483	663	639	649	393	958	106	125	642	169	212	910	527	81	899	849	194	520
	484	248	266	502	103	631	0	155	351	295	668	309	154	174	139	46	28	247	381	646	667	189	489	633	282	118	567	315	314	445	131
	365	377	143	367	64	477	155	0	279	198	526	210	43	68	214	165	173	97	515	497	519	242	335	485	434	78	415	441	428	291	83
	183	418	385	531	272	514	351	279	0	452	403	83	241	213	267	320	345	238	725	584	609	509	347	402	539	350	491	459	664	338	358
	478	542	69	228	250	420	295	198	452	0	573	372	239	259	400	328	322	216	547	398	414	230	341	514	563	180	342	609	433	289	166
	221	810	519	471	566	281	668	526	403	573	0	385	515	495	641	657	676	431	1041	386	405	753	236	72	915	599	329	857	951	286	598
	180	426	304	451	217	452	309	210	83	372	385	0	177	149	257	287	309	157	689	515	539	448	284	369	532	286	422	476	618	268	292
	341	353	181	397	51	489	154	43	241	239	515	177	0	29	184	152	166	98	528	518	540	272	339	479	423	110	433	417	447	298	118
	315	357	199	404	73	483	174	68	213	259	495	149	29	0	183	166	183	91	552	517	540	300	328	461	434	138	430	418	474	290	146
	434	177	354	579	153	663	139	214	267	400	641	257	184	183	0	94	117	274	468	699	722	327	504	620	276	225	612	236	427	470	239
	465	217	292	526	104	639	46	165	320	328	657	287	152	166	94	0	27	249	405	662	684	234	491	626	271	148	580	283	348	450	162
	487	221	291	527	116	649	28	173	345	322	676	309	166	183	117	27	0	262	381	667	689	212	504	643	261	144	587	288	322	461	157
	281	447	148	321	147	393	247	97	238	216	431	157	98	91	274	249	262	0	611	426	449	328	243	389	520	170	339	509	521	201	170
	865	407	563	772	479	958	381	515	725	547	1041	689	528	552	468	405	381	611	0	944	960	318	841	999	284	445	883	437	121	792	448
	470	871	390	179	560	106	646	497	584	398	386	515	518	517	699	662	667	426	944	0	25	627	241	317	927	534	93	933	829	247	525
	494	893	409	191	582	125	667	519	609	414	405	539	540	540	722	684	689	449	960	25	0	643	266	336	948	554	118	956	845	272	545
	606	402	249	456	238	642	189	242	509	230	753	448	272	300	327	234	212	328	318	627	643	0	537	703	375	164	567	464	207	486	160
	234	680	293	252	389	169	489	335	347	341	236	284	339	328	504	491	504	243	841	241	266	537	0	174	761	398	151	738	741	52	393
	227	793	464	401	530	212	633	485	402	514	72	369	479	461	620	626	643	389	999	317	336	703	174	0	890	555	257	844	905	225	553
	709	140	545	780	374	910	282	434	539	563	915	532	423	434	276	271	261	520	284	927	948	375	761	890	0	396	848	155	319	720	407
	443	364	149	386	88	527	118	78	350	180	599	286	110	138	225	148	144	170	445	534	554	164	398	555	396	0	459	430	352	350	14
	383	785	322	157	477	81	567	415	491	342	329	422	433	430	612	580	587	339	883	93	118	567	151	257	848	459	0	847	773	155	451
	641	67	574	807	378	899	315	441	459	609	857	476	417	418	236	283	288	509	437	933	956	464	738	844	155	430	847	0	459	705	443
	788	414	456	656	402	849	314	428	664	433	951	618	447	474	427	348	322	521	121	829	845	207	741	905	319	352	773	459	0	691	353
	252	645	241	221	347	194	445	291	338	289	286	268	298	290	470	450	461	201	792	247	272	486	52	225	720	350	155	705	691	0	345
	446	377	138	374	100	520	131	83	358	166	598	292	118	146	239	162	157	170	448	525	545	160	393	553	407	14	451	443	353	345	0

coordXY = Coordinates (x,y): line zero => x line one => y column => customers
 	22	77	387	493	235	345	257	268	3	454	65	84	226	201	119	212	234	240	452	450	469	445	246	134	175	322	382	30	488	273	334
	223	816	414	203	546	22	646	492	405	427	7	391	496	482	645	647	661	400	973	30	14	656	158	26	915	548	93	863	858	202	541

d_pit = Demand of item p at customer i in period t
 	15	86	46	42	52	57	17	97	53	97	52	68
	19	67	85	38	77	19	92	75	36	59	98	61
	20	50	59	86	73	80	97	42	16	89	93	93
	69	46	72	72	27	92	59	15	37	37	35	65
	13	70	15	22	59	27	55	83	87	29	77	88
	86	39	66	18	65	70	16	27	28	16	90	53
	43	14	77	23	16	66	21	46	45	60	73	52
	94	68	100	23	29	12	97	60	72	65	15	59
	74	51	38	68	34	16	58	65	94	19	26	31
	12	28	51	63	97	49	16	12	77	40	77	58
	53	87	82	27	60	30	18	63	48	27	90	60
	88	44	97	44	26	21	32	88	16	77	18	37
	20	36	86	58	90	43	13	60	28	56	97	41
	56	11	94	34	48	60	50	14	71	80	46	13
	82	34	68	80	64	31	25	68	65	16	43	91
	44	66	19	100	86	14	95	50	22	98	47	37
	13	33	96	54	28	57	47	19	30	94	59	13
	93	51	19	84	41	65	32	20	11	98	40	76
	64	55	74	58	62	44	55	73	45	58	84	19
	15	39	81	88	99	13	16	46	87	76	63	47
	17	78	18	58	47	98	71	91	66	84	96	37
	88	19	14	77	92	93	44	77	69	51	62	21
	70	67	10	17	78	93	20	97	59	78	60	41
	30	58	42	28	41	22	38	46	47	34	78	29
	96	37	48	18	10	31	46	26	77	76	80	61
	62	65	52	82	76	90	65	34	64	11	79	64
	22	22	14	98	88	18	52	77	86	20	30	92
	84	70	98	20	96	46	70	85	43	71	68	19
	60	48	17	59	93	59	73	27	30	84	84	49
	18	10	69	64	98	94	65	75	95	47	12	37

	79	18	33	75	92	98	99	25	61	73	46	24
	86	63	77	36	79	52	83	52	55	13	22	62
	42	30	47	64	85	90	26	22	23	26	24	66
	68	40	62	17	20	58	73	38	47	72	99	88
	37	82	16	45	64	46	18	28	30	42	16	37
	60	81	52	13	64	90	99	46	85	83	79	49
	64	92	99	22	70	60	96	23	40	57	18	67
	79	42	39	25	18	88	62	62	79	72	74	76
	45	34	62	55	97	25	24	50	22	84	80	72
	35	44	81	52	35	91	67	59	37	42	76	14
	86	99	68	86	24	11	51	78	17	64	49	47
	54	67	69	35	36	49	83	25	63	41	70	52
	60	88	89	47	74	45	18	28	33	50	14	95
	12	27	97	25	35	98	51	38	66	85	88	60
	29	55	17	43	83	54	56	47	97	21	73	80
	36	61	98	11	72	47	40	37	21	17	59	64
	72	17	90	98	68	21	74	33	95	98	22	47
	57	71	93	87	46	66	35	94	87	15	21	37
	11	87	73	33	81	69	21	54	39	40	62	95
	28	99	37	75	99	95	65	79	46	98	40	55
	67	38	98	78	86	22	84	12	82	10	23	70
	36	96	12	65	12	27	46	92	16	85	16	100
	22	76	99	44	28	25	54	42	58	15	42	73
	60	61	76	29	86	22	89	76	47	29	14	80
	33	74	98	47	10	95	21	46	60	40	66	31
	98	61	18	17	47	86	65	20	79	31	83	24
	79	65	99	23	41	38	81	91	21	50	70	76
	95	80	90	41	18	12	14	15	62	13	77	66
	72	34	16	77	50	100	68	90	13	21	39	44
	81	52	26	29	61	52	80	14	50	43	95	42

	88	36	51	31	42	42	24	23	77	31	19	60
	88	82	90	84	21	29	67	38	35	21	37	82
	95	75	100	88	36	22	29	54	19	95	57	20
	28	74	61	17	19	90	24	77	86	12	11	75
	11	17	12	20	83	26	52	39	79	66	23	69
	53	87	31	80	25	60	49	48	74	58	47	60
	79	86	26	15	39	22	41	91	82	60	60	34
	74	41	53	14	76	88	21	81	41	90	91	24
	94	14	21	12	73	57	35	13	93	69	18	33
	22	57	34	68	80	46	26	100	76	91	33	15
	94	56	23	70	99	72	30	51	41	68	85	88
	93	99	18	25	76	55	76	99	17	66	76	94
	56	84	90	82	46	60	62	87	49	42	26	24
	97	55	58	78	31	98	91	31	18	41	58	93
	61	23	92	81	27	34	11	40	41	31	18	41
	66	69	28	100	11	50	73	34	27	47	83	95
	45	55	76	26	13	99	76	99	42	25	75	40
	36	38	74	33	20	35	38	58	60	65	21	27
	21	97	64	10	17	58	39	58	93	21	26	38
	33	33	29	43	29	44	27	12	80	58	98	39
	16	22	14	88	74	62	25	53	33	40	52	64
	13	57	53	75	81	22	95	73	65	85	14	38
	39	63	16	77	73	70	13	22	18	97	96	16
	38	41	82	84	43	52	99	88	14	39	99	74
	67	38	53	21	38	27	40	46	20	55	93	93
	98	84	90	25	22	78	32	88	87	62	23	80
	70	47	76	90	68	22	28	37	91	39	92	62
	26	55	87	94	64	97	59	81	14	20	45	97
	93	36	39	26	16	25	43	60	69	26	15	95
	17	69	76	71	18	47	45	97	16	64	100	61

	15	48	49	93	61	52	46	66	92	51	73	43
	91	99	24	31	42	83	42	66	73	65	40	52
	46	30	64	14	67	39	98	30	90	64	76	15
	55	80	41	47	53	76	25	94	97	77	62	39
	85	76	57	36	69	47	13	19	55	12	57	75
	40	18	30	24	79	54	33	17	47	36	96	81
	43	10	24	35	20	30	22	51	97	36	68	71
	84	30	56	42	69	13	52	51	65	67	22	44
	13	59	89	40	11	23	31	60	48	56	48	87
	34	70	14	48	50	69	11	91	93	26	72	23
	11	21	43	13	49	20	93	35	38	22	17	27
	94	36	77	35	55	28	96	58	61	51	88	47
	16	86	35	55	11	86	65	69	26	71	36	56
	96	46	89	55	48	34	85	79	80	66	17	14
	71	27	19	21	75	17	29	61	28	17	98	95
	18	98	64	61	17	77	30	51	59	64	78	16
	54	59	68	11	50	36	64	40	74	60	100	36
	62	32	91	68	64	43	28	31	14	59	62	76
	98	49	19	46	13	93	53	80	43	40	94	99
	66	40	52	34	77	42	28	68	13	43	27	21
	42	40	63	88	86	90	77	92	88	62	18	64
	22	67	15	84	32	35	65	44	66	60	88	11
	31	92	66	15	18	28	46	45	30	39	58	93
	91	37	46	86	98	64	20	96	32	51	84	70
	60	100	94	38	45	68	55	55	26	38	66	35
	31	81	73	34	19	72	68	61	80	72	18	66
	71	72	65	37	42	15	79	25	18	99	58	42
	86	55	41	42	58	24	54	84	16	68	22	78
	80	47	52	66	19	66	97	29	52	25	64	83
	41	89	40	99	47	93	88	87	43	91	69	18

	95	70	14	99	19	23	98	17	100	92	53	60
	77	57	50	34	42	23	94	80	48	27	36	28
	53	11	74	47	68	39	28	58	73	85	59	34
	94	33	35	88	70	26	30	62	29	29	11	31
	49	49	85	59	91	43	91	25	58	81	13	74
	73	16	77	60	89	14	88	95	60	48	71	77
	45	12	88	19	40	63	47	67	71	69	69	79
	19	52	48	71	33	14	19	60	22	68	85	98
	89	81	88	91	97	78	49	12	31	75	88	44
	25	68	99	68	14	73	95	87	71	12	75	38
	19	11	83	20	78	43	78	81	14	75	18	78
	15	52	80	75	78	86	96	46	28	76	37	93
	80	35	72	74	12	17	35	21	12	86	33	56
	40	28	84	61	70	90	64	27	71	58	50	86
	31	39	38	19	74	10	11	68	11	92	88	73
	14	57	36	48	33	38	66	62	65	94	84	27
	24	36	31	60	14	67	53	87	28	80	20	75
	57	25	99	88	59	11	28	90	22	66	25	11
	61	82	29	90	69	53	83	79	55	65	89	76
	34	38	40	51	27	20	23	55	84	56	74	15
	98	38	30	53	46	83	29	54	58	52	84	16
	42	56	17	85	99	36	31	29	38	48	22	62
	79	42	89	60	47	18	87	93	11	56	56	62
	21	81	57	94	33	72	43	36	34	42	47	83
	19	76	71	50	99	82	33	67	81	75	63	19
	17	31	27	55	99	21	33	22	58	78	27	76
	31	88	66	21	63	16	64	68	81	90	45	51
	48	26	21	13	93	96	89	82	35	40	72	48
	81	72	100	29	79	10	79	78	52	33	49	56
	56	82	22	83	86	99	81	70	62	43	37	94

	42	93	44	50	17	76	92	59	85	22	73	46
	18	76	91	72	90	34	96	17	78	51	36	54
	70	59	27	13	23	73	80	31	92	48	73	89
	35	15	64	75	52	49	99	60	45	17	36	76
	97	89	39	70	39	54	34	98	26	73	71	42
	68	71	56	88	27	38	71	24	89	70	63	88
	53	52	74	86	93	46	89	45	65	43	48	23
	64	18	82	47	13	68	36	91	81	94	36	32
	27	80	83	94	73	45	91	39	99	28	72	86
	34	87	35	73	38	34	15	44	65	53	82	73
	14	53	46	30	17	42	74	17	99	97	98	24
	41	57	21	44	54	20	78	20	60	30	51	57
	56	59	27	65	62	62	48	75	95	24	45	38
	71	63	64	39	84	82	50	95	42	16	14	20
	22	76	16	91	98	92	71	31	36	17	69	92
	72	86	37	79	33	84	57	89	54	68	50	52
	36	16	12	81	64	29	54	48	45	70	61	16
	57	34	70	62	24	47	89	11	27	47	12	30
	61	37	23	13	59	87	40	14	90	77	62	94
	12	19	54	48	84	69	82	44	90	23	15	82
	36	64	16	39	68	45	89	55	93	86	12	14
	61	15	90	43	84	64	73	12	49	79	66	92
	23	99	96	92	84	74	19	12	89	60	54	31
	53	61	90	35	61	28	15	54	91	10	70	58
	92	99	75	15	84	49	69	35	63	25	21	86
	55	54	61	90	78	45	17	67	81	30	13	90
	88	86	25	66	56	13	74	72	95	97	93	57
	70	96	45	53	52	81	83	44	40	68	92	49
	35	26	36	74	45	31	75	15	56	58	49	92
	52	14	36	58	27	67	96	84	69	64	82	52

	98	73	80	98	89	60	80	29	57	93	27	99
	16	53	63	82	100	15	53	95	49	65	14	16
	17	72	64	92	64	99	48	68	38	43	97	87
	24	65	65	70	62	75	78	62	25	46	51	67
	35	30	28	53	65	49	33	66	38	33	76	29
	61	45	93	79	95	60	91	72	15	33	68	82
	35	34	58	81	45	94	64	14	78	29	63	86
	79	14	43	16	14	11	54	84	44	23	15	96
	32	28	19	62	19	38	14	12	12	58	48	84
	82	61	30	24	51	12	92	55	71	71	90	42
	53	53	84	87	27	53	72	15	34	62	94	38
	48	56	44	33	96	77	82	88	23	74	32	69
	53	35	23	90	70	55	44	34	58	65	21	23
	52	48	33	26	86	70	67	79	12	36	36	43
	39	61	87	46	44	42	32	11	77	31	62	60
	54	10	79	47	94	69	31	24	21	20	38	55
	93	82	59	76	27	88	46	80	23	61	23	70
	55	90	78	93	87	15	78	52	48	73	94	53
	51	28	72	21	97	29	53	46	20	66	72	80
	36	58	58	41	14	96	54	53	60	29	75	99
	44	40	65	68	68	13	57	78	47	59	20	53
	42	76	54	72	58	20	56	61	74	26	24	51
	52	56	14	39	92	23	36	68	35	89	89	100
	86	62	96	87	48	32	99	57	19	95	66	32
	90	21	94	34	22	23	11	52	99	79	65	57
	90	10	78	46	60	70	75	46	14	49	83	80
	51	96	65	38	70	71	35	81	79	91	66	38
	96	31	21	37	12	59	34	90	50	53	88	30
	36	30	72	15	75	93	40	19	16	60	36	84
	61	77	90	98	32	15	56	42	18	13	91	40

	68	62	27	51	38	77	33	35	79	13	84	22
	27	58	31	55	91	46	86	44	13	80	12	74
	74	73	65	54	90	50	69	56	80	57	76	55
	30	84	34	86	98	47	16	59	25	15	83	59
	55	99	35	38	97	19	77	73	92	83	98	78
	46	57	29	77	59	24	83	87	54	28	86	56
	35	48	95	20	69	14	27	69	34	77	80	86
	14	17	33	35	38	90	15	83	88	53	92	59
	96	84	51	51	83	72	92	67	43	32	48	86
	15	53	93	45	77	19	93	37	30	56	79	53
	69	90	23	97	47	13	75	89	77	23	67	17
	34	60	78	100	55	65	21	66	53	71	82	93
	22	88	22	50	37	50	64	42	80	37	33	40
	16	93	78	38	55	99	46	50	70	88	85	82
	88	69	68	97	47	55	90	84	14	79	47	30
	95	21	63	57	73	65	15	45	98	77	88	48
	21	70	28	48	14	19	77	83	45	87	38	26
	59	80	86	13	60	39	35	67	81	31	72	12
	96	91	27	66	90	96	69	41	45	47	52	69
	54	12	55	85	65	43	10	73	87	97	54	24
	45	90	13	89	90	48	83	39	24	79	83	58
	90	31	66	78	90	14	49	36	26	84	99	43
	92	56	40	71	11	16	66	94	55	11	25	80
	43	98	13	75	81	51	42	90	42	98	66	94
	22	99	37	100	70	48	80	63	94	61	14	84
	96	85	15	12	84	10	21	52	39	89	89	84
	43	33	61	22	32	23	54	22	95	47	53	39
	48	23	12	57	41	78	72	56	77	26	92	97
	31	81	30	34	16	100	98	48	71	24	78	25
	56	34	15	33	21	76	34	25	68	59	84	56

	75	58	55	25	72	88	33	55	91	97	92	87
	51	63	99	59	45	75	42	36	90	84	36	76
	35	41	68	64	37	57	65	85	81	23	61	80
	70	48	83	99	74	26	31	73	64	16	64	80
	90	36	74	51	85	71	75	65	14	55	42	89
	45	74	98	78	86	39	29	86	81	38	20	35
	18	66	54	72	83	95	13	83	40	35	17	73
	81	10	25	97	46	63	37	77	58	19	69	65
	55	43	71	47	28	44	74	62	100	98	36	14
	73	20	61	34	100	92	89	91	68	31	65	55
	40	62	15	97	77	85	74	41	62	45	11	47
	29	56	85	83	25	48	71	56	71	36	52	83
	84	17	37	75	53	50	50	53	75	72	79	21
	50	46	21	22	42	85	28	38	69	62	22	20
	71	97	70	78	60	82	18	44	33	53	13	90
	57	86	86	83	55	45	33	65	85	97	51	42
	98	35	67	94	54	63	80	56	67	18	94	10
	56	59	32	84	41	14	36	64	48	65	58	49
	99	64	35	97	41	98	94	81	27	45	71	61
	69	22	75	12	34	56	78	99	28	33	84	75
	12	58	18	37	73	93	66	98	64	21	27	46
	56	14	64	13	35	33	67	35	26	17	38	85
	20	39	35	16	35	94	72	44	74	53	82	64
	53	34	87	64	70	46	81	61	97	14	90	30
	34	91	90	59	58	51	15	88	63	33	94	72
	94	71	79	30	23	38	92	60	52	13	16	22
	66	47	40	63	77	53	40	96	43	100	37	21
	32	67	75	55	77	43	27	12	95	62	50	41
	50	77	15	22	29	30	79	55	42	93	98	44
	86	22	60	55	70	97	85	19	76	83	65	59

	31	79	54	85	75	12	25	36	47	50	37	89
	61	63	26	35	89	95	36	24	100	88	60	30
	19	27	56	33	50	66	24	63	66	78	55	75
	85	24	40	25	25	92	68	97	46	92	45	67
	27	48	20	30	76	81	25	36	69	61	60	71
	29	18	72	47	91	25	58	54	64	67	46	93
	91	65	85	42	67	55	77	47	48	27	72	13
	71	63	84	63	80	33	76	64	83	83	56	80
	28	93	39	80	14	64	36	96	12	47	45	41
	46	17	64	59	32	29	95	49	14	26	60	97
	22	73	18	56	89	44	31	50	86	87	93	13
	17	93	95	90	48	25	85	26	62	80	28	72
	53	100	23	31	55	57	31	65	56	94	83	54
	97	13	38	47	67	86	96	68	88	74	35	72
	17	72	35	23	57	52	91	16	98	41	68	99
	26	80	14	82	14	15	43	81	95	68	86	48
	36	19	19	39	61	11	31	93	91	83	28	75
	10	34	62	65	82	34	18	11	96	69	37	83
	68	12	97	75	62	84	69	75	36	77	78	83
	25	86	26	42	78	88	47	17	54	47	39	45
	61	32	71	72	11	12	42	21	77	68	22	76
	46	46	64	15	82	73	17	79	77	46	60	81
	85	34	45	79	63	31	45	24	20	66	78	10
	67	80	92	87	26	94	71	80	80	16	20	95
	15	74	19	96	83	59	73	19	27	48	82	78
	82	58	41	37	44	45	75	39	32	97	54	51
	49	55	83	88	41	41	11	25	75	73	37	64
	12	63	10	60	65	91	35	65	56	17	59	94
	57	15	13	48	73	20	28	70	20	50	61	97
	58	74	63	56	83	41	31	18	16	30	34	45

