***** PARAMETERS PRP *****

Number of Customers = 30
Number of Products = 10
Number of Vehicles = 5
Number of Periods = 12

B = Production capacity
	49464

b_p = Time required to produce item p
 	1	1	1	1	1	1	1	1	1	1

c_p = Production cost of item p
 	80	80	30	80	30	80	80	30	80	30

s_p = Setup cost of item p
 	800	800	300	800	300	800	800	300	800	300

M = Big number
	197856

U_pi = Maximum inventory upper bound of item p at site i
 	197856	243	268	201	104	176	95	303	191	231	110	211	203	196	294	136	81	115	126	192	176	253	234	149	204	259	111	188	118	89	236
	197856	249	273	202	290	210	329	209	116	251	225	251	192	331	100	126	160	284	143	106	191	199	144	168	264	111	160	172	143	239	227
	197856	166	301	100	92	222	166	286	338	86	198	205	121	236	181	151	97	274	183	287	152	255	199	203	259	182	186	201	216	253	214
	197856	196	108	228	309	193	192	330	183	104	189	176	304	268	235	81	213	173	222	205	204	107	257	272	245	186	158	216	183	239	117
	197856	123	120	110	96	89	245	160	191	253	137	288	204	199	205	216	99	103	241	110	215	106	286	240	197	229	139	120	230	206	155
	197856	297	112	103	109	154	123	181	99	148	240	181	174	186	266	300	135	150	293	150	166	76	227	118	198	207	265	123	115	146	139
	197856	288	185	212	203	231	288	198	276	220	76	98	246	168	205	110	222	233	238	105	237	196	115	178	285	103	91	290	127	165	259
	197856	133	105	325	95	112	263	228	292	213	109	231	231	97	94	293	198	372	230	137	297	102	209	259	71	175	232	92	118	146	269
	197856	110	309	296	244	191	247	254	279	167	242	161	146	224	92	170	313	156	114	93	271	158	130	187	90	309	252	220	109	271	124
	197856	90	240	191	103	188	227	139	284	258	234	280	129	224	107	253	132	174	96	150	99	171	244	259	170	195	165	231	289	136	113

I_pi0 = Initial inventory of item p at site i
 	0	207	75	175	33	81	78	280	108	156	68	110	97	185	131	53	0	43	122	188	175	219	73	148	155	249	84	149	83	77	83
	0	36	172	122	186	188	214	118	11	48	219	176	163	237	45	119	87	96	137	15	47	127	78	126	84	94	90	44	51	179	99
	0	82	88	46	58	51	162	220	111	59	108	142	63	92	157	128	75	190	46	213	66	140	75	28	255	32	104	126	15	209	135
	0	14	99	74	165	115	169	88	135	60	132	107	132	142	201	63	172	112	198	80	106	53	25	121	110	147	82	87	91	195	107
	0	75	50	98	32	64	198	86	117	148	63	95	184	76	75	170	83	53	87	110	38	78	78	122	141	153	116	39	47	26	123
	0	94	50	29	21	139	24	163	55	65	112	151	80	72	41	94	95	40	62	142	107	69	91	110	114	175	57	87	95	145	77
	0	154	97	138	152	211	70	114	148	41	0	78	169	80	152	105	179	81	22	96	72	55	108	86	47	94	0	64	96	162	41
	0	72	94	74	94	109	146	209	123	210	93	229	67	71	78	111	95	46	98	88	167	43	109	112	49	150	32	21	97	10	179
	0	44	18	187	151	144	34	161	279	72	119	15	71	120	62	160	218	80	111	70	266	69	94	185	62	73	237	217	86	102	71
	0	59	51	186	52	146	101	80	76	94	67	144	110	221	29	247	95	105	61	148	78	139	112	168	119	43	33	73	289	67	89

h_pi = Inventory cost of item p at site i
 	8	3	8	1	1	4	1	1	7	8	7	5	2	5	9	4	7	2	1	7	8	5	4	5	1	5	8	3	3	5	7
	8	1	6	4	4	1	1	5	9	5	5	2	1	1	2	6	3	9	4	2	6	8	3	8	8	3	3	7	6	3	4
	3	7	4	3	8	3	2	4	2	7	3	2	9	5	7	1	9	4	9	6	8	5	8	9	3	7	4	2	4	9	6
	8	9	8	2	4	8	3	7	3	1	5	2	6	5	2	3	6	4	7	8	1	7	3	7	6	8	5	9	1	5	7
	3	2	2	6	5	1	4	1	2	9	9	5	1	9	8	3	1	9	6	9	6	2	1	6	3	1	2	1	9	3	6
	8	1	2	3	7	8	4	5	3	3	5	3	5	6	7	9	9	3	7	8	6	8	7	8	9	4	6	6	3	3	9
	8	4	5	9	9	4	1	5	9	4	8	5	6	9	7	1	4	2	9	1	9	9	8	4	1	5	8	3	2	9	7
	3	6	5	9	4	3	4	6	5	9	8	1	6	1	3	4	1	8	8	3	5	1	1	8	6	2	1	7	8	4	7
	8	4	4	1	1	2	7	1	4	9	8	3	9	4	1	2	9	1	2	2	8	8	1	5	4	9	6	4	5	2	1
	3	2	3	4	6	7	9	3	2	2	2	6	8	4	1	5	4	8	9	5	9	4	6	6	1	5	3	6	8	7	2

C = Vehicle capacity
	3720

f = Fixed transportation cost
	33697

a_ik = Transportation cost for traveling from node i to node k
 	0	435	714	535	299	549	349	196	444	154	449	676	353	477	286	398	251	519	293	572	358	844	163	584	443	178	306	349	325	535	318
	435	0	503	142	424	451	481	410	386	542	37	532	114	341	216	335	655	383	401	140	500	459	566	219	20	366	185	249	297	382	153
	714	503	0	386	870	192	933	812	281	866	536	102	459	237	452	824	963	197	848	468	951	352	876	317	484	764	646	375	389	180	615
	535	142	386	0	564	380	621	541	346	658	164	434	182	281	265	475	770	312	541	93	640	323	679	79	124	495	323	253	306	303	291
	299	424	870	564	0	747	64	104	647	257	412	863	417	649	425	159	341	696	24	552	81	883	288	637	441	131	241	506	513	705	274
	549	451	192	380	747	0	811	675	106	703	488	128	370	111	324	733	793	70	728	472	827	488	709	341	435	628	549	245	237	79	522
	349	481	933	621	64	811	0	155	710	282	466	927	479	712	489	185	349	760	85	605	20	938	311	696	498	190	300	569	576	769	333
	196	410	812	541	104	675	155	0	572	173	407	796	376	583	361	230	273	629	100	547	166	864	204	609	424	50	230	440	439	641	259
	444	386	281	346	647	106	710	572	0	598	423	232	290	76	228	642	689	89	628	435	726	525	605	328	373	526	459	153	134	109	434
	154	542	866	658	257	703	282	173	598	0	547	829	479	629	428	401	113	672	263	681	283	976	32	716	553	195	379	497	477	687	401
	449	37	536	164	412	488	466	407	423	547	0	568	146	378	247	312	659	420	389	141	485	473	572	243	54	365	178	284	331	418	149
	676	532	102	434	863	128	927	796	232	829	568	0	468	215	439	836	920	168	843	523	944	450	836	376	515	748	654	358	359	160	624
	353	114	459	182	417	370	479	376	290	479	146	468	0	260	103	369	590	306	395	228	497	498	499	238	109	327	188	142	186	310	157
	477	341	237	281	649	111	712	583	76	629	378	215	260	0	224	625	727	48	628	373	729	451	639	256	326	535	442	144	153	59	414
	286	216	452	265	425	324	489	361	228	428	247	439	103	224	0	415	535	272	405	326	506	560	444	303	212	312	234	81	101	282	211
	398	335	824	475	159	733	185	230	642	401	312	836	369	625	415	0	495	673	144	442	202	780	432	553	354	225	184	490	514	677	213
	251	655	963	770	341	793	349	273	689	113	659	920	590	727	535	495	0	767	352	794	344	1087	92	826	665	303	490	599	575	783	513
	519	383	197	312	696	70	760	629	89	672	420	168	306	48	272	673	767	0	676	404	777	445	681	276	367	582	489	191	196	21	461
	293	401	848	541	24	728	85	100	628	263	389	843	395	628	405	144	352	676	0	529	103	860	294	614	418	119	218	485	494	685	251
	572	140	468	93	552	472	605	547	435	681	141	523	228	373	326	442	794	404	529	0	624	339	705	151	130	503	318	330	383	395	289
	358	500	951	640	81	827	20	166	726	283	485	944	497	729	506	202	344	777	103	624	0	958	311	715	517	204	319	586	592	786	352
	844	459	352	323	883	488	938	864	525	976	473	450	498	451	560	780	1087	445	860	339	958	0	996	261	443	817	644	516	560	425	612
	163	566	876	679	288	709	311	204	605	32	572	836	499	639	444	432	92	681	294	705	311	996	0	735	576	224	406	510	487	696	428
	584	219	317	79	637	341	696	609	328	716	243	376	238	256	303	553	826	276	614	151	715	261	735	0	200	561	397	270	320	263	364
	443	20	484	124	441	435	498	424	373	553	54	515	109	326	212	354	665	367	418	130	517	443	576	200	0	379	201	239	288	365	169
	178	366	764	495	131	628	190	50	526	195	365	748	327	535	312	225	303	582	119	503	204	817	224	561	379	0	190	392	392	593	216
	306	185	646	323	241	549	300	230	459	379	178	654	188	442	234	184	490	489	218	318	319	644	406	397	201	190	0	307	333	495	34
	349	249	375	253	506	245	569	440	153	497	284	358	142	144	81	490	599	191	485	330	586	516	510	270	239	392	307	0	54	202	282
	325	297	389	306	513	237	576	439	134	477	331	359	186	153	101	514	575	196	494	383	592	560	487	320	288	392	333	54	0	211	311
	535	382	180	303	705	79	769	641	109	687	418	160	310	59	282	677	783	21	685	395	786	425	696	263	365	593	495	202	211	0	465
	318	153	615	291	274	522	333	259	434	401	149	624	157	414	211	213	513	461	251	289	352	612	428	364	169	216	34	282	311	465	0

coordXY = Coordinates (x,y): line zero => x line one => y column => customers
 	438	112	383	120	170	481	147	265	465	426	80	478	225	397	326	42	491	418	167	32	149	33	456	143	119	266	152	355	406	404	154
	749	461	38	320	881	202	940	841	306	902	479	75	468	274	486	788	994	231	858	347	959	9	910	245	443	792	641	411	426	216	608

d_pit = Demand of item p at customer i in period t
 	42	97	68	41	33	47	22	96	32	75	91	85
	75	91	15	76	73	54	60	33	24	21	62	60
	67	56	52	86	96	51	23	93	28	67	92	94
	33	94	17	95	33	58	65	68	26	17	38	77
	81	50	83	86	70	79	61	28	12	65	68	20
	31	47	13	13	86	14	39	51	85	36	59	98
	58	35	93	94	55	55	81	51	13	38	99	54
	70	38	33	90	41	77	97	61	34	67	70	87
	69	87	38	37	88	84	42	45	26	40	85	51
	68	33	73	41	26	56	57	51	91	34	62	70
	36	74	12	87	39	37	58	74	34	90	41	52
	34	63	99	31	83	57	67	86	86	58	84	65
	96	74	15	78	46	61	23	43	42	84	14	13
	85	46	91	17	39	17	57	72	83	75	89	35
	53	97	88	50	73	85	27	88	44	52	67	93
	96	72	18	31	53	35	51	16	29	62	10	12
	43	80	57	79	33	21	98	33	99	23	62	60
	69	53	93	38	40	16	40	93	89	97	42	88
	95	93	78	69	87	36	65	92	18	35	76	25
	71	46	58	44	45	31	77	80	70	45	40	97
	47	76	96	49	94	16	16	35	57	24	65	32
	52	21	75	41	77	63	67	88	22	12	27	17
	76	72	12	74	17	100	43	36	99	11	19	35
	67	88	28	38	84	27	22	38	64	50	64	41
	90	48	57	54	49	79	37	12	21	17	70	87
	84	59	24	100	55	43	51	26	70	53	62	36
	96	53	61	91	48	32	98	82	34	55	40	63
	38	45	48	43	92	25	84	80	85	59	93	18
	19	24	34	73	68	58	11	84	50	50	12	50
	83	32	64	25	20	17	85	37	80	60	30	33

	36	34	92	54	75	59	19	28	46	74	26	55
	18	78	76	12	37	47	71	77	62	36	94	47
	53	69	13	25	72	10	51	63	99	81	45	24
	71	18	73	24	66	77	29	81	72	79	20	85
	54	85	13	36	18	95	25	28	13	19	85	33
	67	99	37	11	38	18	75	99	71	96	95	84
	87	12	19	16	73	20	60	70	53	77	58	81
	11	43	56	37	97	82	90	52	13	94	95	26
	48	59	59	46	85	73	18	18	72	32	78	15
	81	64	74	36	30	53	47	97	42	44	66	42
	28	36	84	28	53	46	44	33	82	93	28	48
	22	37	68	36	98	27	18	99	92	83	91	96
	30	64	81	62	82	92	44	78	85	94	63	20
	45	30	46	70	15	92	48	41	39	33	67	73
	100	19	12	14	65	95	82	80	94	23	98	72
	27	60	91	89	86	11	24	38	82	95	14	22
	96	99	36	70	16	75	37	45	71	41	80	15
	53	84	43	43	51	14	22	33	45	49	79	54
	15	97	44	66	57	56	11	89	64	55	49	31
	47	18	96	33	33	38	44	56	88	31	14	74
	39	88	11	88	35	42	57	51	37	92	24	33
	52	26	63	24	13	96	60	69	47	68	16	43
	15	58	53	80	91	51	26	35	76	77	25	83
	15	21	48	74	91	47	88	65	34	74	65	12
	94	70	19	94	15	66	70	59	60	20	39	62
	73	17	75	49	90	67	26	39	82	27	50	45
	44	56	98	44	23	81	86	40	72	61	31	50
	51	48	99	22	81	42	19	69	86	14	23	17
	68	72	39	24	33	55	56	39	41	99	100	92
	99	71	57	95	63	32	13	13	31	15	35	21

	82	68	45	87	22	96	65	51	45	14	45	44
	88	66	10	74	81	91	62	82	77	28	24	39
	46	43	10	51	30	99	98	47	62	68	12	33
	58	65	54	44	27	77	79	41	16	20	56	17
	51	38	94	76	97	87	60	27	20	24	79	13
	45	100	17	47	17	65	15	71	50	85	92	58
	27	96	80	17	89	17	83	49	62	44	59	64
	77	34	29	65	91	38	100	61	95	58	74	88
	59	20	16	47	24	54	84	24	30	47	37	73
	64	22	22	77	83	60	97	85	80	91	83	28
	54	14	74	55	86	21	15	89	20	90	70	26
	63	83	19	88	74	21	60	37	97	50	68	64
	53	22	17	11	72	92	13	69	60	50	68	39
	45	23	53	36	65	11	38	41	34	98	12	87
	83	45	33	95	43	19	29	28	94	15	47	71
	75	45	69	54	61	10	15	30	27	85	86	26
	68	33	38	51	62	86	93	31	83	91	92	95
	46	79	44	56	43	89	87	56	57	79	84	13
	79	57	65	12	39	53	26	77	93	81	18	88
	29	14	23	68	74	37	49	48	73	54	67	73
	69	14	57	62	34	51	65	77	49	24	70	41
	75	94	59	39	84	100	77	82	94	37	29	26
	28	86	97	16	97	88	89	86	67	53	94	11
	13	86	89	67	47	75	72	96	90	44	24	75
	32	74	83	55	57	95	38	52	74	40	99	27
	30	45	29	91	56	33	47	85	44	49	33	15
	85	41	99	59	81	34	75	84	69	60	37	79
	15	76	89	21	87	46	68	11	46	14	91	85
	64	72	73	13	32	31	57	77	28	32	72	55
	13	63	20	39	47	64	96	67	39	89	68	36

	14	88	40	29	22	28	67	21	31	61	93	95
	99	56	22	10	61	84	96	27	34	42	30	88
	43	31	81	43	66	47	76	62	46	60	61	69
	80	74	11	48	96	75	74	84	84	70	10	35
	21	11	46	37	89	41	16	40	70	45	90	72
	74	70	25	26	87	25	14	55	75	35	38	53
	13	75	63	74	43	48	67	87	91	86	89	56
	91	18	26	50	85	84	47	32	13	19	52	31
	60	56	11	50	93	14	54	44	18	97	68	58
	56	33	43	91	86	36	48	47	25	19	28	56
	20	87	87	38	30	43	71	55	57	99	82	35
	75	57	43	98	20	92	51	48	59	16	96	74
	100	42	48	72	78	44	83	59	99	30	67	81
	82	65	54	27	55	36	77	69	86	67	29	59
	63	65	28	42	54	20	46	27	19	44	22	53
	69	22	81	64	19	32	83	49	28	100	73	19
	21	38	30	23	76	22	49	78	12	53	18	99
	75	26	97	68	36	69	46	18	67	81	49	35
	30	26	24	39	94	58	91	13	36	50	100	55
	17	25	64	89	61	37	11	76	83	12	58	79
	22	31	62	89	55	28	21	64	69	94	45	59
	25	21	44	46	83	94	86	29	65	27	70	26
	15	59	47	21	69	100	21	91	90	13	80	46
	48	28	34	14	80	89	77	32	43	86	42	16
	36	71	40	35	24	14	55	72	22	85	56	49
	82	15	77	56	13	23	41	87	72	32	44	88
	87	17	77	79	39	59	42	62	32	22	99	33
	91	42	63	14	74	75	67	54	17	89	45	99
	11	50	58	76	59	54	49	71	25	66	28	27
	43	64	97	48	59	58	61	58	98	19	17	79

	75	78	90	81	50	38	49	68	31	46	56	76
	50	98	60	33	34	36	57	13	88	98	73	77
	98	42	72	91	30	56	11	71	12	72	21	86
	20	12	20	93	43	24	61	89	43	24	82	66
	64	52	30	28	94	60	32	29	29	11	69	33
	32	26	80	60	64	15	99	81	87	52	44	95
	86	91	59	10	65	64	43	41	39	34	76	32
	48	69	85	19	87	85	60	78	71	47	93	23
	13	90	45	29	69	14	95	35	63	47	65	42
	63	100	90	19	42	93	42	85	26	86	98	75
	95	34	66	99	83	87	22	36	26	83	25	34
	62	57	65	90	18	90	26	58	18	48	23	56
	76	51	68	51	54	11	45	14	51	36	78	63
	34	41	51	45	23	29	93	11	84	74	81	49
	64	15	23	68	67	79	86	29	26	60	86	45
	83	68	24	58	39	29	51	98	24	14	82	22
	53	87	33	14	21	47	40	80	74	56	41	73
	29	58	80	23	93	76	75	97	81	43	25	43
	51	59	85	51	36	81	73	44	63	63	20	34
	38	60	66	72	15	33	36	38	20	82	31	24
	78	73	62	11	50	82	86	74	31	32	12	45
	78	73	40	45	55	48	51	19	31	70	84	93
	43	61	18	60	26	52	61	80	46	13	57	60
	73	58	10	48	16	27	72	88	76	17	73	33
	79	74	26	74	83	56	53	48	76	16	75	26
	25	75	16	40	14	16	100	87	16	56	20	92
	39	86	96	46	54	51	27	65	71	81	30	75
	47	16	38	84	16	17	50	97	50	84	23	31
	26	11	62	60	71	55	72	32	49	33	49	98
	75	12	36	58	73	68	13	97	50	68	37	31

	94	26	61	51	91	14	67	59	73	47	98	32
	50	97	97	62	39	32	63	43	16	31	63	80
	29	98	27	69	32	41	97	32	57	14	42	81
	21	96	49	83	27	74	40	18	66	17	89	76
	11	88	40	70	91	67	14	28	47	54	34	72
	24	75	92	23	93	57	39	93	82	89	47	22
	57	29	77	88	54	12	28	20	58	19	86	14
	45	10	49	50	60	42	15	34	89	77	73	52
	65	100	65	11	47	67	53	49	70	27	13	25
	40	61	11	82	13	88	71	82	82	74	25	92
	42	15	94	77	19	93	85	74	34	94	78	17
	21	59	10	20	82	38	81	87	74	86	41	98
	28	23	21	68	11	39	29	92	78	40	57	73
	41	79	23	44	77	75	71	93	99	69	46	80
	63	31	67	87	89	47	26	56	88	57	76	34
	39	56	46	22	83	57	63	40	17	53	34	28
	40	81	84	37	38	33	12	44	80	60	79	12
	62	60	60	90	92	84	32	16	56	18	91	41
	92	11	27	12	13	83	58	69	36	91	73	35
	46	61	34	53	13	95	74	51	99	86	16	35
	47	22	64	31	18	51	94	38	33	15	18	27
	91	39	97	77	64	76	59	97	46	79	99	84
	10	54	46	95	97	92	57	97	12	98	41	11
	91	23	87	99	58	82	48	45	17	80	66	94
	98	77	39	46	55	32	16	28	68	49	45	69
	57	58	87	97	62	77	24	33	88	75	38	99
	87	56	62	72	87	81	23	54	23	31	93	71
	45	14	36	54	81	99	47	25	59	94	43	90
	14	53	78	26	15	93	80	34	99	22	40	30
	77	80	61	92	38	72	68	46	86	67	56	93

	99	55	26	68	83	37	19	19	64	77	94	49
	97	95	38	12	81	14	39	15	16	26	44	78
	98	40	90	41	74	90	100	77	61	90	43	42
	27	64	61	15	15	91	96	44	18	23	59	96
	90	19	65	37	87	81	86	61	94	11	22	39
	16	40	14	97	98	30	95	41	21	71	70	98
	55	59	16	63	70	86	92	71	71	85	70	52
	92	56	59	29	57	32	24	46	64	66	87	51
	41	73	69	49	43	53	88	75	22	26	48	74
	79	51	24	45	53	17	53	10	28	33	27	36
	20	58	54	34	39	35	71	32	37	72	84	53
	99	70	67	89	53	31	22	47	63	90	21	85
	11	69	95	32	49	22	72	99	95	11	22	93
	54	75	23	19	16	30	43	78	60	44	23	26
	74	31	65	75	95	18	69	57	18	50	61	46
	94	85	50	11	16	29	61	61	74	49	94	42
	81	63	16	81	72	38	26	23	40	34	23	62
	22	98	96	20	60	64	40	10	76	43	95	90
	68	28	89	81	50	55	64	95	16	30	24	32
	72	10	42	92	13	71	79	60	94	55	99	25
	55	24	88	49	97	96	56	47	48	88	38	96
	66	42	76	79	85	91	10	27	66	46	55	47
	86	15	42	98	90	14	37	14	74	73	84	83
	47	29	49	54	61	58	95	88	60	78	38	28
	47	17	30	61	54	67	48	75	57	47	93	21
	92	13	96	20	43	53	61	16	47	60	30	14
	64	80	68	73	25	98	38	98	83	61	91	91
	76	20	77	74	28	71	34	85	100	80	85	29
	98	64	15	39	93	94	27	41	73	58	38	21
	41	45	67	28	43	48	24	35	94	80	24	93

	30	42	77	31	41	65	17	37	66	64	12	50
	94	73	35	53	29	44	39	78	67	23	22	71
	54	20	92	64	87	71	86	71	43	57	51	85
	64	30	92	48	41	28	38	96	12	82	16	20
	46	27	36	83	25	23	18	55	81	86	92	99
	66	80	24	54	24	12	53	78	47	39	60	94
	90	37	66	16	31	30	22	54	54	91	96	98
	83	40	79	88	45	37	98	64	29	12	57	68
	59	93	58	39	31	51	56	89	68	38	41	16
	25	68	64	74	89	68	51	67	65	25	37	20
	55	53	65	56	29	61	72	25	81	31	82	83
	43	24	19	74	87	66	76	92	43	47	93	29
	71	13	81	28	50	39	85	15	33	86	72	11
	78	48	19	87	61	87	11	53	31	34	21	34
	15	42	38	16	91	66	98	57	56	81	56	87
	95	75	86	61	77	76	59	11	82	28	67	74
	46	79	81	89	97	63	93	92	78	52	59	64
	29	69	42	34	52	60	73	48	69	81	87	45
	46	10	32	87	63	26	54	62	33	59	31	45
	23	78	66	11	48	95	74	61	34	80	91	51
	43	98	29	57	53	87	29	26	59	91	15	27
	43	66	44	98	53	99	81	98	89	37	63	63
	70	42	16	62	87	20	63	94	39	13	16	100
	38	11	32	86	26	32	39	34	44	35	11	36
	90	24	36	35	19	15	29	41	73	64	32	66
	32	80	55	27	53	67	33	61	98	100	70	19
	21	83	47	46	21	32	74	18	25	57	41	85
	18	79	93	76	12	98	93	32	99	40	28	39
	10	51	69	77	48	56	22	38	38	95	12	68
	79	100	46	84	60	50	90	69	35	95	42	56

	44	45	75	81	20	54	32	38	43	97	32	98
	18	70	27	59	42	56	76	85	97	70	76	66
	68	92	16	11	37	99	94	44	95	92	42	20
	41	96	14	56	88	88	63	20	65	76	39	86
	44	100	76	79	79	66	65	56	65	47	36	50
	34	58	63	93	84	60	12	39	89	74	87	48
	43	61	57	98	75	21	43	91	18	93	91	71
	89	34	81	75	58	34	63	17	40	18	77	84
	72	34	17	98	16	40	26	72	40	18	25	42
	51	68	23	78	23	54	15	99	24	17	84	44
	15	96	29	23	54	89	59	36	79	30	94	41
	71	79	29	41	18	19	20	22	54	99	38	95
	68	52	53	32	38	92	38	38	37	94	50	79
	62	99	48	78	13	40	28	16	23	27	79	41
	36	36	88	72	93	50	51	79	12	43	74	45
	92	61	33	32	95	56	74	10	65	71	79	82
	68	12	19	98	29	29	31	36	79	93	66	62
	17	94	57	93	21	80	62	25	64	63	82	25
	70	22	95	22	39	16	97	44	72	32	21	28
	82	38	98	48	51	74	26	48	79	29	48	30
	53	16	51	93	64	35	22	94	79	78	21	25
	94	93	68	32	15	78	94	56	18	52	84	95
	76	84	25	19	70	41	89	78	93	34	83	57
	47	15	72	25	14	67	24	72	30	84	25	67
	73	67	53	93	90	24	91	50	86	36	57	21
	96	57	59	25	45	28	97	62	82	97	62	46
	93	29	95	86	83	57	42	30	19	13	52	60
	34	52	75	73	78	60	30	41	40	95	50	28
	12	90	23	98	15	56	33	46	89	45	78	66
	71	57	58	37	90	34	97	74	42	60	51	72

	20	39	28	82	15	24	54	61	54	27	78	58
	51	71	55	88	15	95	78	48	13	99	75	33
	88	98	39	29	55	38	55	80	56	66	64	95
	52	52	50	98	57	73	89	10	10	33	59	36
	22	30	94	86	33	86	26	28	27	77	40	15
	62	39	35	40	12	22	32	10	66	76	100	51
	80	93	17	37	44	43	58	14	55	25	20	71
	35	20	21	97	81	83	64	28	69	97	42	45
	94	84	38	72	26	39	24	94	92	64	51	97
	28	39	30	85	66	51	41	33	17	60	76	35
	20	20	31	73	83	95	69	69	81	74	41	15
	68	42	86	15	91	48	87	92	58	63	91	31
	72	98	51	92	54	60	49	30	15	62	77	13
	29	88	19	87	68	10	51	72	73	31	82	30
	63	92	52	40	60	25	60	71	52	61	96	86
	32	26	37	88	24	61	26	75	60	32	46	22
	61	44	80	22	94	37	72	96	62	57	59	13
	61	19	42	54	56	93	13	18	34	61	91	36
	13	78	57	26	63	64	16	87	45	66	28	57
	78	91	51	48	29	18	54	82	33	37	36	39
	52	87	99	86	30	62	33	76	22	15	44	79
	13	99	80	65	78	48	36	54	59	65	100	35
	100	51	17	26	21	61	19	80	81	75	79	11
	38	65	16	12	68	95	86	28	65	61	94	52
	43	52	63	43	15	72	98	76	20	41	12	50
	33	94	56	34	59	22	85	93	36	76	33	37
	73	97	73	21	56	64	49	54	54	81	10	60
	21	85	98	85	32	61	77	82	35	27	66	24
	67	91	30	52	81	14	70	97	84	55	79	94
	89	64	77	49	75	39	59	28	63	29	89	18

