***** PARAMETERS PRP *****

Number of Customers = 30
Number of Products = 10
Number of Vehicles = 5
Number of Periods = 12

B = Production capacity
	49532

b_p = Time required to produce item p
 	1	1	1	1	1	1	1	1	1	1

c_p = Production cost of item p
 	30	80	80	80	30	80	80	30	80	80

s_p = Setup cost of item p
 	300	800	800	800	300	800	800	300	800	800

M = Big number
	198127

U_pi = Maximum inventory upper bound of item p at site i
 	198127	155	176	147	340	226	107	289	311	238	172	166	136	104	116	222	144	116	280	172	176	124	92	191	145	145	288	250	184	172	231
	198127	226	178	77	117	196	113	216	137	114	202	152	107	77	320	177	288	261	196	256	124	139	104	118	222	168	206	120	195	218	123
	198127	149	238	154	214	164	252	138	177	109	258	236	98	140	232	360	149	110	116	208	98	207	268	78	153	289	169	137	234	273	281
	198127	181	101	298	260	298	260	286	267	154	222	109	270	153	182	111	159	146	94	122	99	169	202	159	302	219	295	176	112	246	228
	198127	265	197	237	196	314	128	275	109	102	134	168	223	300	285	277	162	136	165	174	213	181	91	156	142	243	252	219	236	97	288
	198127	323	121	132	238	171	262	259	69	146	191	119	278	90	308	263	248	148	160	143	111	176	119	218	245	174	289	106	112	171	186
	198127	152	96	112	212	192	94	323	277	193	183	311	224	295	169	187	102	91	107	232	190	179	291	319	220	199	157	106	252	295	237
	198127	236	72	153	186	164	237	170	156	270	184	120	204	207	118	150	370	224	170	173	191	188	162	108	323	104	272	218	197	168	126
	198127	264	277	104	175	298	102	196	248	120	263	140	122	250	152	287	109	267	215	146	206	262	111	274	286	85	285	104	162	283	259
	198127	224	177	148	242	325	261	234	103	85	123	165	113	154	101	279	128	272	223	224	128	103	194	181	327	127	247	130	142	308	189

I_pi0 = Initial inventory of item p at site i
 	0	153	126	13	14	202	94	253	266	134	167	98	127	59	108	185	100	48	64	96	95	65	85	140	95	64	99	244	162	121	129
	0	169	78	46	31	166	64	70	89	105	166	99	50	58	208	80	83	148	90	157	79	110	61	95	185	145	117	100	180	52	99
	0	60	70	102	85	85	162	126	114	73	185	78	58	127	192	306	88	97	92	35	50	124	31	73	151	184	66	77	57	152	161
	0	181	100	170	245	55	126	216	92	125	155	78	87	113	120	90	82	117	24	84	59	135	74	122	265	99	65	96	84	212	192
	0	86	98	114	65	206	39	206	104	59	123	136	171	240	234	78	127	106	129	22	167	153	81	49	101	152	112	79	51	57	261
	0	184	78	73	40	53	101	253	22	103	13	44	180	81	75	223	102	134	62	128	45	103	76	124	25	33	18	30	36	50	145
	0	90	54	78	97	147	81	75	238	193	178	187	19	221	24	98	88	74	98	93	161	116	215	183	203	150	140	100	198	132	48
	0	207	42	141	100	149	103	109	128	73	106	76	99	13	56	92	278	126	158	103	187	51	80	46	262	61	57	218	152	154	70
	0	13	215	25	137	93	82	114	158	62	98	95	104	124	109	33	92	117	22	128	90	233	23	132	58	33	27	42	128	219	99
	0	101	24	80	74	250	97	57	36	19	99	145	98	99	78	206	98	74	175	164	29	44	21	22	34	80	119	122	45	71	59

h_pi = Inventory cost of item p at site i
 	3	7	6	5	1	8	3	4	1	6	6	7	3	8	4	6	2	4	9	2	3	2	2	3	6	6	8	2	6	7	1
	8	8	7	2	6	6	1	8	7	8	3	3	5	6	3	6	2	9	7	3	8	1	4	8	8	5	9	4	6	6	4
	8	2	7	8	5	1	7	1	1	6	7	1	5	4	6	1	7	2	4	7	8	1	1	3	3	4	2	8	4	1	1
	8	8	9	6	5	1	5	4	3	2	2	2	7	8	2	6	4	5	7	6	3	2	6	4	9	4	2	5	8	9	6
	3	9	7	7	4	8	1	4	4	4	6	6	1	8	5	5	7	4	5	4	7	7	2	1	1	3	9	6	8	4	6
	8	5	3	3	5	4	8	7	2	8	4	2	9	6	7	5	8	3	1	1	4	9	5	8	1	4	2	1	4	1	6
	8	2	7	5	3	3	1	6	8	7	6	9	1	3	4	1	8	7	4	3	1	9	7	3	8	4	6	4	6	7	4
	3	7	1	1	3	8	8	4	9	9	8	4	7	3	2	6	6	3	8	1	1	7	8	7	4	3	6	7	6	7	8
	8	6	3	6	6	8	3	7	3	3	4	5	7	9	6	5	6	9	9	5	4	4	3	3	8	7	5	8	8	9	4
	8	4	5	9	9	9	3	4	9	3	8	3	7	5	6	6	9	6	7	4	9	9	8	5	4	3	5	3	6	8	9

C = Vehicle capacity
	3700

f = Fixed transportation cost
	31248

a_ik = Transportation cost for traveling from node i to node k
 	0	245	213	393	719	82	83	188	351	320	451	426	55	546	254	96	653	129	159	497	173	746	337	199	169	167	405	200	592	98	578
	245	0	223	512	882	165	190	391	571	544	522	625	220	644	442	340	799	119	289	526	148	863	128	399	401	302	487	392	648	326	662
	213	223	0	599	932	196	137	400	551	519	645	635	241	750	466	271	866	160	357	675	82	956	222	237	281	367	601	224	783	224	778
	393	512	599	0	378	409	463	235	272	278	107	223	358	155	179	389	289	460	244	196	538	359	639	537	463	233	75	547	226	442	192
	719	882	932	378	0	758	799	532	416	446	418	311	701	300	466	677	101	814	598	484	884	185	1008	800	720	586	427	814	393	732	324
	82	165	196	409	758	0	69	239	414	386	449	479	61	557	298	177	685	58	166	481	130	767	267	264	247	177	406	261	587	173	584
	83	190	137	463	799	69	0	270	432	401	511	508	105	614	334	164	731	74	221	547	91	820	264	211	212	231	466	206	650	138	643
	188	391	400	235	532	239	270	0	182	158	320	241	179	387	68	157	470	297	122	390	358	571	505	303	229	113	273	314	456	212	426
	351	571	551	272	416	414	432	182	0	33	378	107	355	384	150	282	383	472	299	466	523	508	681	388	308	288	341	403	485	334	432
	320	544	519	278	446	386	401	158	33	0	383	136	327	400	136	249	410	442	277	469	492	534	653	356	276	267	343	371	497	301	446
	451	522	645	107	418	449	511	320	378	383	0	325	408	129	274	466	319	494	293	91	575	348	649	616	546	285	49	624	141	515	140
	426	625	635	223	311	479	508	241	107	136	325	0	419	301	184	371	277	537	338	415	597	404	743	489	409	326	297	504	410	426	349
	55	220	241	358	701	61	105	179	355	327	408	419	0	509	239	137	629	118	117	448	184	716	327	253	218	127	363	254	548	150	539
	546	644	750	155	300	557	614	387	384	400	129	301	509	0	326	542	199	606	393	184	685	221	772	689	614	383	158	700	115	595	48
	254	442	466	179	466	298	334	68	150	136	274	184	239	326	0	222	403	356	156	352	420	505	560	365	288	144	229	377	404	278	368
	96	340	271	389	677	177	164	157	282	249	466	371	137	542	222	0	621	223	194	525	252	727	427	151	90	196	418	160	605	57	580
	653	799	866	289	101	685	731	470	383	410	319	277	629	199	403	621	0	739	521	383	813	135	926	754	674	509	332	768	294	677	224
	129	119	160	460	814	58	74	297	472	442	494	537	118	606	356	223	739	0	219	518	83	818	211	284	282	231	452	279	629	207	630
	159	289	357	244	598	166	221	122	299	277	293	338	117	393	156	194	521	219	0	339	295	602	412	339	283	13	247	345	433	234	423
	497	526	675	196	484	481	547	390	466	469	91	415	448	184	352	525	383	518	339	0	601	384	650	674	610	334	126	681	128	571	170
	173	148	82	538	884	130	91	358	523	492	575	597	184	685	420	252	813	83	295	601	0	896	183	266	288	306	533	256	712	218	711
	746	863	956	359	185	767	820	571	508	534	348	404	716	221	505	727	135	818	602	384	896	0	991	866	787	591	378	879	267	782	216
	337	128	222	639	1008	267	264	505	681	653	649	743	327	772	560	427	926	211	412	650	183	991	0	447	470	424	615	436	773	399	789
	199	399	237	537	800	264	211	303	388	356	616	489	253	689	365	151	754	284	339	674	266	866	447	0	81	343	568	17	755	106	728
	169	401	281	463	720	247	212	229	308	276	546	409	218	614	288	90	674	282	283	610	288	787	470	81	0	284	499	96	684	76	654
	167	302	367	233	586	177	231	113	288	267	285	326	127	383	144	196	509	231	13	334	306	591	424	343	284	0	238	349	425	238	413
	405	487	601	75	427	406	466	273	341	343	49	297	363	158	229	418	332	452	247	126	533	378	615	568	499	238	0	576	188	467	179
	200	392	224	547	814	261	206	314	403	371	624	504	254	700	377	160	768	279	345	681	256	879	436	17	96	349	576	0	764	112	738
	592	648	783	226	393	587	650	456	485	497	141	410	548	115	404	605	294	629	433	128	712	267	773	755	684	425	188	764	0	655	73
	98	326	224	442	732	173	138	212	334	301	515	426	150	595	278	57	677	207	234	571	218	782	399	106	76	238	467	112	655	0	632
	578	662	778	192	324	584	643	426	432	446	140	349	539	48	368	580	224	630	423	170	711	216	789	728	654	413	179	738	73	632	0

coordXY = Coordinates (x,y): line zero => x line one => y column => customers
 	286	64	258	217	415	208	252	332	473	466	115	439	240	171	331	376	331	179	217	25	203	234	37	462	454	223	143	455	57	380	129
	748	850	959	362	41	770	823	566	452	484	331	351	719	215	499	716	97	820	605	326	899	4	975	839	759	594	370	854	203	772	192

d_pit = Demand of item p at customer i in period t
 	73	80	96	60	29	15	75	70	73	23	13	14
	39	87	87	25	15	32	90	73	82	15	76	82
	13	57	19	60	26	36	84	55	38	41	63	97
	14	91	18	89	93	77	91	89	94	38	32	91
	84	92	26	72	72	29	39	47	96	40	55	27
	94	85	16	49	33	56	73	70	51	26	78	13
	97	58	98	84	61	83	54	99	96	14	82	42
	97	75	94	85	28	42	96	38	62	29	22	79
	51	83	81	49	32	94	12	68	80	51	87	27
	51	57	45	14	59	86	70	38	49	36	84	97
	98	47	30	85	25	31	66	87	50	76	51	18
	35	12	80	90	93	81	82	20	90	85	64	82
	59	69	58	47	77	36	50	60	11	73	68	18
	33	75	74	80	32	93	31	77	46	63	15	75
	76	17	92	59	51	76	50	13	38	78	51	65
	100	90	59	87	38	50	87	55	87	57	64	88
	48	58	62	32	74	96	68	33	69	47	45	62
	64	53	89	84	28	39	43	18	68	59	51	76
	25	71	83	50	63	73	17	58	46	88	24	91
	12	68	15	45	91	82	27	96	52	43	77	94
	65	80	14	61	60	68	68	88	52	42	92	52
	17	20	48	37	17	38	45	55	63	68	72	73
	44	96	84	87	87	94	37	57	21	34	32	91
	44	51	60	32	23	69	60	71	69	15	57	29
	64	51	29	52	20	11	34	60	78	28	54	98
	64	35	92	19	98	46	19	97	23	35	68	96
	97	64	83	44	35	39	33	36	52	54	20	42
	94	68	61	56	92	71	41	76	14	70	17	74
	79	42	79	75	24	88	72	26	61	86	42	12
	69	45	15	50	87	86	45	67	61	41	34	93

	58	86	25	90	91	49	73	41	45	17	41	61
	14	22	42	48	71	83	79	42	74	95	89	51
	26	20	76	62	44	22	28	85	13	25	25	33
	31	15	58	72	31	82	12	98	26	17	10	16
	69	97	91	82	34	66	32	44	93	24	95	56
	64	78	81	22	70	13	18	83	81	58	98	14
	70	89	52	36	29	94	78	16	32	52	73	26
	89	96	69	14	77	57	99	39	61	59	71	88
	92	13	55	93	58	14	11	53	73	77	57	86
	10	65	81	10	64	93	16	59	18	71	27	91
	78	21	34	23	24	47	75	95	23	42	53	93
	50	75	59	40	93	28	14	38	70	43	93	38
	58	59	24	49	86	24	44	18	19	14	24	42
	61	27	22	98	55	59	43	86	60	86	81	90
	80	96	21	39	96	78	44	82	11	50	81	28
	17	24	42	78	85	81	81	81	35	27	96	45
	100	48	90	58	31	25	19	35	93	44	48	36
	90	79	93	45	97	28	28	73	77	83	28	63
	93	64	16	27	36	97	72	87	96	37	56	88
	79	58	96	75	98	56	91	53	60	37	16	23
	34	76	98	30	90	92	61	72	67	22	94	98
	61	46	37	90	65	53	13	40	18	80	23	96
	54	41	68	50	34	82	75	55	100	43	38	68
	21	40	59	65	16	43	94	27	85	99	41	75
	12	89	44	79	92	80	43	94	18	44	17	58
	90	27	98	79	97	25	49	83	37	84	84	71
	100	76	98	75	57	44	47	51	28	17	78	51
	94	86	88	75	96	38	41	81	52	15	20	93
	52	54	39	30	45	94	11	57	97	54	40	82
	99	29	88	48	52	52	96	44	50	45	57	79

	60	23	95	15	14	19	10	62	37	89	74	98
	70	40	36	97	61	47	97	72	13	24	72	84
	25	77	93	75	17	73	13	34	58	46	70	33
	85	79	63	32	12	18	35	86	24	32	33	15
	16	69	12	70	61	25	76	65	52	62	70	77
	91	19	52	92	95	68	75	19	55	28	76	87
	54	53	19	80	34	29	20	41	26	92	67	36
	71	21	22	66	61	64	37	77	69	40	95	83
	73	37	23	84	84	47	33	52	61	57	46	55
	76	13	96	59	26	83	93	81	83	59	11	94
	11	67	43	40	40	22	74	72	36	64	54	44
	58	76	35	41	26	72	52	49	77	20	48	32
	31	59	37	90	33	74	42	57	49	17	53	16
	97	20	38	37	71	94	69	74	46	49	78	24
	62	58	94	92	49	84	66	14	94	81	99	72
	88	90	34	22	40	72	22	20	72	89	22	24
	60	37	19	47	67	73	36	55	85	100	27	54
	54	38	26	88	25	86	80	96	17	98	43	46
	35	55	81	44	97	45	23	52	79	21	33	58
	50	84	25	68	64	10	19	75	18	56	66	55
	25	99	20	60	19	30	53	31	35	14	33	78
	31	62	89	38	10	33	19	72	93	59	77	59
	23	37	13	97	17	40	16	47	84	29	37	28
	49	40	62	52	48	82	29	68	64	28	73	18
	80	31	25	48	23	85	91	21	65	58	99	67
	43	23	99	88	39	11	16	48	61	78	96	73
	77	92	20	80	95	96	36	31	64	85	63	81
	57	77	95	74	53	63	21	57	67	61	50	26
	88	64	42	78	100	27	70	51	48	23	33	30
	30	87	44	19	50	84	65	30	47	66	65	88

	47	24	50	60	29	48	44	40	87	37	41	35
	47	53	28	61	17	18	18	73	96	87	79	29
	50	96	24	64	99	57	46	41	29	62	81	67
	36	99	32	78	24	24	72	36	30	61	51	80
	55	64	88	18	16	71	61	73	86	36	80	67
	37	89	21	41	18	95	10	82	34	54	95	47
	71	87	21	37	32	88	88	67	53	62	50	31
	92	96	74	96	26	72	82	49	74	51	73	15
	28	45	52	72	57	82	87	21	29	87	25	30
	75	80	90	68	94	82	44	95	61	63	70	65
	78	62	72	42	47	56	35	45	42	74	79	24
	33	54	35	21	56	84	25	92	60	56	68	65
	43	35	35	42	45	43	50	74	40	98	81	25
	40	28	52	95	22	26	70	29	69	13	13	90
	62	28	67	85	77	21	88	36	50	62	44	45
	82	84	88	24	19	80	20	35	33	36	94	41
	11	66	40	24	44	36	38	26	37	28	73	14
	24	82	21	32	90	67	45	62	40	40	15	47
	84	33	65	50	21	17	30	70	98	82	84	99
	24	35	84	45	31	86	93	49	55	52	28	12
	68	67	64	17	92	56	24	49	42	84	53	61
	74	58	80	32	36	91	75	21	78	20	25	17
	71	51	39	28	59	58	82	55	30	35	28	99
	48	85	44	88	37	18	89	82	48	79	38	68
	46	53	29	30	22	36	51	86	12	33	69	59
	65	98	55	56	46	28	90	88	54	49	26	54
	96	19	80	91	49	72	37	94	39	51	30	47
	84	24	24	39	36	31	94	70	39	66	90	76
	13	73	71	55	56	37	84	91	59	88	27	85
	12	96	84	29	19	52	90	71	71	70	32	59

	11	44	31	100	58	75	16	84	33	72	14	98
	98	62	21	51	69	23	54	64	28	18	68	36
	59	55	40	57	74	40	63	56	33	96	69	68
	65	75	34	81	87	90	28	95	99	31	43	54
	94	51	19	42	61	99	53	79	36	70	60	89
	39	57	58	99	96	35	71	24	92	42	85	68
	88	40	78	24	19	88	71	76	11	38	49	77
	46	58	62	34	13	38	72	33	70	88	80	62
	59	55	70	49	52	90	45	32	58	11	55	34
	34	89	45	98	79	83	98	57	10	59	59	94
	16	39	53	28	46	17	58	14	72	84	64	13
	12	77	32	50	43	90	58	86	32	81	91	18
	75	43	77	45	42	96	42	26	10	79	94	90
	54	93	87	89	48	88	26	60	31	31	24	53
	64	14	61	70	17	89	65	24	78	75	92	16
	94	33	74	74	84	70	45	19	54	47	36	18
	53	39	14	50	26	70	25	62	80	30	60	35
	91	13	25	92	16	30	75	71	82	22	64	80
	22	19	67	39	89	41	76	41	83	85	40	93
	13	65	89	88	71	51	56	78	98	90	99	52
	43	41	69	40	13	47	16	68	69	60	48	29
	81	12	61	28	54	25	49	28	21	51	83	54
	49	14	66	75	11	26	11	32	38	55	81	11
	32	33	36	47	12	54	27	30	90	33	100	75
	74	63	15	100	19	29	22	98	92	84	59	73
	72	40	68	24	32	99	55	62	55	61	92	95
	79	25	99	59	60	60	76	35	26	56	52	29
	51	64	64	88	45	56	14	61	50	42	17	15
	20	37	41	29	46	70	62	29	63	77	78	30
	39	74	82	66	67	47	13	95	30	37	73	67

	43	58	83	47	58	95	76	48	69	69	29	99
	48	30	78	73	90	65	73	64	54	49	74	28
	73	94	12	72	99	55	21	78	82	90	60	56
	40	87	13	38	90	77	74	72	60	51	79	32
	53	96	20	10	21	46	81	77	96	39	62	83
	21	80	49	24	48	48	41	70	87	55	45	60
	83	81	89	95	24	55	24	98	69	66	32	62
	22	54	86	13	35	15	16	35	31	14	11	79
	44	30	29	74	61	85	50	26	38	76	11	60
	13	24	26	68	48	24	64	57	81	33	10	11
	44	76	58	67	92	94	29	53	24	47	96	36
	45	50	63	22	45	88	89	20	83	78	70	13
	14	27	40	53	37	70	86	20	70	31	60	30
	75	37	86	28	74	100	36	93	17	94	72	26
	65	57	18	83	59	44	15	81	76	98	12	23
	81	21	79	77	37	19	28	68	50	13	84	37
	84	27	23	36	72	59	19	23	84	20	79	65
	62	34	74	45	79	32	63	36	51	68	66	31
	58	29	41	55	54	22	19	29	79	80	31	74
	45	99	90	39	15	48	49	57	68	54	54	50
	67	36	59	81	97	47	64	81	32	65	29	44
	76	100	87	36	28	88	98	12	57	62	43	24
	80	18	26	29	28	90	57	19	70	35	50	22
	25	54	37	86	84	78	20	12	48	95	97	98
	33	87	56	58	90	65	82	33	38	49	14	92
	18	31	38	94	72	88	65	16	94	82	25	71
	30	82	54	89	46	16	68	25	100	66	15	43
	36	95	49	53	60	47	74	50	40	72	11	84
	22	12	16	51	50	43	13	22	33	40	30	78
	71	31	43	84	11	96	57	96	39	91	73	53

	90	94	43	64	36	48	11	36	31	17	83	55
	54	83	19	82	29	29	20	85	13	49	20	91
	37	41	42	86	48	41	81	37	51	42	89	78
	97	65	74	97	58	19	31	20	29	20	95	31
	69	78	71	89	21	38	78	48	49	86	61	78
	25	17	39	48	58	36	28	72	70	61	67	45
	75	52	88	65	100	58	99	61	55	19	29	75
	65	95	78	90	93	40	25	83	82	50	44	87
	33	61	99	72	84	24	70	95	61	72	36	64
	69	95	14	41	43	86	10	96	73	94	20	92
	89	98	71	21	15	26	76	70	63	60	62	95
	19	58	72	25	30	54	49	23	86	31	31	59
	21	11	92	97	90	71	55	16	89	92	11	62
	24	57	46	64	57	69	14	15	80	11	39	31
	74	24	99	25	74	20	19	94	74	18	23	18
	88	97	80	15	18	28	60	83	23	66	37	15
	55	19	73	97	40	33	15	73	75	21	21	22
	83	15	97	65	32	56	31	21	87	73	65	18
	75	18	57	64	50	21	37	38	20	93	71	12
	35	74	52	59	64	78	51	96	41	61	63	86
	39	33	44	14	98	14	49	51	61	45	55	35
	62	99	54	91	19	35	86	40	40	37	90	46
	66	56	37	24	54	68	98	22	64	81	96	100
	17	68	65	53	100	33	42	66	37	73	66	40
	55	95	11	42	74	37	20	14	53	30	16	31
	19	59	62	55	66	23	33	52	71	31	93	64
	100	18	35	84	84	60	91	16	22	17	32	77
	79	62	57	26	17	71	15	47	69	81	63	18
	89	43	62	84	25	45	27	80	67	81	21	84
	48	38	95	68	32	35	64	55	84	99	45	48

	59	54	42	52	46	41	66	10	24	22	51	99
	42	68	31	21	68	26	12	81	24	13	16	27
	60	81	100	30	39	11	45	62	51	21	19	94
	77	23	61	36	20	72	28	49	22	76	17	77
	41	76	32	98	97	32	78	15	43	19	42	81
	23	80	54	21	46	37	93	56	99	87	73	41
	16	93	73	45	56	24	42	93	79	58	29	73
	99	29	48	83	14	68	11	27	30	24	93	96
	73	56	70	74	28	84	15	50	21	85	49	42
	84	11	11	51	14	52	92	68	10	70	46	44
	76	88	44	63	45	28	60	50	51	92	41	80
	43	39	17	59	51	22	74	80	27	11	30	36
	13	72	53	46	40	62	26	58	37	53	86	74
	56	87	49	67	79	40	46	87	89	15	51	44
	92	24	35	15	36	82	62	51	32	39	98	33
	85	38	95	60	57	97	95	48	85	88	62	78
	36	72	18	44	23	92	34	80	83	99	14	76
	41	56	61	20	92	51	62	30	27	10	33	26
	58	45	73	63	61	95	16	11	100	57	36	78
	56	91	40	28	15	92	19	11	35	60	26	99
	51	37	84	40	54	21	20	83	61	45	43	25
	80	28	38	61	22	84	45	35	53	50	88	62
	46	98	13	50	36	70	91	100	16	69	35	25
	96	46	25	95	86	48	33	59	50	86	69	81
	61	24	60	33	15	85	40	45	20	96	51	93
	57	31	88	18	66	68	39	66	17	89	28	86
	84	41	93	26	89	17	25	79	29	95	26	51
	53	99	60	96	72	53	75	91	17	84	40	49
	83	71	35	10	83	42	93	59	65	23	62	45
	35	35	71	17	88	17	62	78	20	50	19	12

	13	45	15	87	32	99	39	77	56	63	75	32
	29	92	94	97	74	98	75	55	66	50	22	78
	25	80	10	15	64	62	91	61	75	51	74	13
	95	42	61	97	50	29	18	54	24	85	97	46
	93	46	17	23	77	88	21	63	91	65	81	49
	40	19	23	91	63	28	67	45	55	86	75	17
	18	96	57	88	48	73	47	30	62	97	72	94
	73	13	72	62	53	87	90	61	17	82	41	92
	62	19	20	86	67	38	77	39	76	88	96	54
	98	79	14	80	97	92	44	30	46	85	48	76
	75	20	60	42	89	60	81	73	78	94	91	79
	68	36	67	54	97	82	49	84	59	61	12	65
	15	31	43	35	49	98	73	18	88	19	38	93
	35	57	17	44	75	51	48	66	92	16	42	64
	33	88	78	22	40	79	22	93	50	93	29	62
	24	68	40	89	83	77	23	70	75	69	15	23
	19	38	44	16	69	98	98	81	84	22	32	40
	22	38	39	28	57	58	93	49	21	52	38	21
	71	57	11	76	27	53	92	59	50	23	51	14
	90	97	26	47	85	67	93	99	67	78	43	32
	98	91	44	86	65	70	90	43	55	13	60	72
	23	98	61	23	31	98	45	42	67	44	88	47
	76	56	78	64	90	91	95	36	50	27	98	62
	58	51	89	69	38	88	10	45	75	98	35	30
	33	94	31	40	50	11	24	11	95	57	40	26
	27	67	88	53	55	24	62	58	56	81	30	83
	42	65	53	25	19	54	54	96	25	14	90	86
	21	48	59	57	70	76	69	99	13	16	58	61
	86	72	61	39	33	31	85	94	66	34	46	31
	29	59	11	70	38	52	91	53	70	53	39	56

	21	50	30	65	54	91	77	84	74	58	44	24
	24	24	63	24	65	81	30	41	67	25	43	44
	80	85	49	13	62	25	37	26	85	51	49	28
	74	13	66	34	68	42	12	89	21	24	70	68
	40	92	44	74	80	62	44	72	80	91	65	36
	31	66	73	98	42	54	19	15	73	45	94	17
	47	10	18	45	77	77	23	89	61	34	57	24
	36	74	18	84	24	52	12	91	77	52	42	55
	19	91	40	45	49	19	58	40	24	12	87	27
	65	34	77	18	47	72	11	58	76	98	90	91
	35	57	53	71	83	37	26	66	56	68	65	42
	14	84	23	88	95	46	72	32	90	17	96	19
	99	82	61	44	54	27	83	60	14	64	16	11
	16	62	81	86	48	53	26	41	51	43	39	60
	45	69	74	18	32	96	36	36	56	87	35	85
	98	88	32	78	35	52	48	70	53	64	54	96
	74	48	57	59	24	59	77	74	67	13	74	26
	91	84	88	85	57	82	83	81	10	69	80	83
	32	99	33	73	20	88	47	91	29	51	41	69
	29	40	69	78	58	16	33	53	11	66	30	29
	44	69	88	38	51	24	34	80	55	38	22	73
	21	62	12	94	81	54	59	12	62	25	69	31
	22	41	24	38	35	57	44	11	17	14	93	38
	34	86	37	96	100	30	54	32	95	52	75	93
	80	63	67	86	70	64	73	94	40	55	16	53
	79	40	21	89	29	15	25	48	56	37	77	76
	40	82	93	69	85	85	85	19	66	45	36	76
	19	26	38	40	89	60	47	60	18	26	64	79
	34	37	74	27	88	81	69	68	48	40	77	97
	59	90	79	85	75	85	29	57	81	55	18	44

