 Le nombre total de clients est : 100

 Le nombre total de périodes est : 20

 Le cout kilométrique est : 15

  1 :     85     77    164  322  374  224  101  336  191  149  298  237  112  117  294   78  128  358  191  389  137  341
  2 :      0     84    415  415  194  261  419  264  216  214  277  259  205   62  130  122  269  342  279  132  362  389
  3 :     35     25    467  322  262  471  171  266  325   57  279  119  288   87  255  283  358  252  383  332  254  219
  4 :     54     21    137  281  109  354  357  472  218   86  295   91  215   55  123  216  315  137  228  392  260  348
  5 :     43     62    219  331  486  236  106  235  344   77  254   77   68  258  213  110  229  232  194  267  371  135
  6 :     81     96    226  470  289  333  185  140  106   76  247  272  118  260  132  203  184  141  306  321  241  264
  7 :     38     12    184  278  250  325  320  311  474  116  103  257  262  178   71  146  113  139  304  327  392  235
  8 :     78     50    434  229  148  192  384  333  357   73  103   70  267  182  223  148  109  140  119  205  150  226
  9 :     77     19    477  104  253  289  213  381  209  122  100  205   89  230  180  272  359  291  134  339  184  164
 10 :      8     15    352  433  256  470  210  240  117  291  295  255  148  253  175  288  369  389  272  176  397  217
 11 :     45     56    249  184  485  218  140  201  321  169  130  287   56  279   57  101  223  273  134  141  116  249
 12 :     85     81    454  397  118  227  226  328  273   87  213  118  264   59  158  188  153  369  215  303  198  123
 13 :     90     90    449  185  410  345  266  150  186   84  209   63  269  112  161   97  102  244  244  374  343  264
 14 :      4      7    249  442  145  240  260  331  403  221  264   87   99  183   88   52  313  296  327  200  396  370
 15 :     89      2    111  322  130  415  110  485  247  134  255  147  171  133  187  288  382  139  188  308  328  182
 16 :     91      0    375  297  112  152  224  329  167  246  242  251  269   68  203   87  293  395  355  110  257  277
 17 :     36     65    483  104  189  160  471  222  348  177   60  172  198  248  123  230  140  160  148  356  296  281
 18 :     93     43    111  206  461  453  124  384  384  232  186  186  179  110  270  222  209  152  340  195  105  100
 19 :     80     81    309  108  200  285  160  496  212  128  120  253   72  276  277  193  306  257  366  132  386  320
 20 :     93     85    483  432  455  133  218  168  429  208  221  245  255  107  241  187  304  379  170  286  103  359
 21 :     73     65    451  213  362  134  431  317  323  137  119  102  193   57  296  167  213  150  111  351  312  217
 22 :     58     82    428  375  343  418  477  320  337  140   61  295  117   72   56  293  242  208  396  115  288  267
 23 :     65     98    276  220  156  364  431  274  489  292  180  153  243  235  152  190  259  176  126  311  214  321
 24 :     21     96    189  237  311  448  352  125  109  254  139  143  167  237  257   85  146  352  342  101  253  292
 25 :     23     22    303  365  361  349  498  386  329  223  232  268   63  171  237   96  397  184  146  114  238  181
 26 :     92     52    338  219  428  392  273  408  250  167  224  200  136  178  105   76  342  189  262  242  188  192
 27 :     80      7    189  191  189  191  346  341  206  337  151  335  189  296  237  277  248  226  239  201  345  316
 28 :     99     51    128  197   93   68  179  282  261  323  331  313  345  227  202  298  171  241  311  328  409  242
 29 :     23     59    134   36  142  185  269  301  244  241  253  233  312  312  292  180  336  268  314  330  350  400
 30 :     62     33    108   74  188   96  239  155  301  329  314  294  240  248  163  344  267  330  205  191  394  315
 31 :      5     96    124  183   48   55  185  150  165  224  173  328  191  256  211  225  170  214  208  307  158  145
 32 :     99      8     87  111   42  155  245  232  241  170  200  218  294  324  160  248  302  349  180  234  181  313
 33 :     90     73     91  106  163   85  294  275  205  257  267  224  188  227  175  220  190  317  282  183  300  356
 34 :     60     32    198  141  101   82  201  312  346  308  314  323  328  284  285  346  179  209  200  168  311  465
 35 :     27     66     53   49   48   76  235  319  173  340  332  225  164  217  208  186  161  250  234  270  272  281
 36 :     96     48    132  141  114  159  279  242  187  316  339  294  164  259  342  265  243  158  349  157  478  413
 37 :     67     16    190  153  115  118  215  232  167  297  217  221  205  177  166  173  330  286  178  275  341  140
 38 :     58     73     51  142   77   99  298  272  271  174  242  195  183  207  309  311  254  203  169  168  366  356
 39 :     90     17     87  156  167   90  257  308  277  338  248  258  324  306  204  180  200  287  332  326  324  446
 40 :     26     55     90   60  154  188  152  174  311  182  305  241  333  193  253  345  326  345  284  319  178  109
 41 :     87     76     60  163  109  134  292  167  175  300  177  327  164  223  187  290  182  161  229  327  232  403
 42 :     71     72     32  105   84   78  297  299  250  160  161  238  194  282  158  180  205  256  287  191  413  446
 43 :     53     21    133  122  182  191  253  265  342  332  320  256  151  343  303  153  278  223  210  198  386  159
 44 :     44     97     67  135  129   92  152  297  337  224  308  184  258  337  304  230  297  319  330  286  410  482
 45 :     26     60    110   48  112  141  284  337  312  331  223  253  171  296  233  170  293  243  287  183  464  439
 46 :      5     19    134   83   68  125  257  345  300  305  202  261  222  220  290  337  195  317  200  204  446  373
 47 :     47     10     39  123   50  176  338  266  236  250  210  230  163  341  163  302  318  153  164  228  231  247
 48 :     75     10    118  124  125   69  320  242  241  286  260  289  329  229  286  332  304  311  287  261  331  402
 49 :     59     70     39   45  184  160  297  165  239  181  295  322  270  256  262  291  293  279  324  194  242  262
 50 :     21     62     83  156   88  180  332  327  234  186  178  236  286  316  274  309  318  190  309  331  109  261
 51 :     31     56     69  155  167   80  217  279  325  309  210  236  249  215  189  161  300  165  256  175  248  133
 52 :     76     73     49  133   70   99  261  244  264  246  232  282  219  256  204  185  152  297  265  205  432  410
 53 :     18     90    181  122  111   91  308  334  161  320  327  162  152  300  175  178  179  162  259  278  492  301
 54 :     85     86    119   67   35  191  329  263  306  260  164  211  215  182  180  280  329  293  182  318  129  289
 55 :     48     49    141  130   50   31  158  332  204  348  204  249  189  229  229  244  262  277  227  339  422  296
 56 :     88     96     95   40  171  188  328  172  170  160  288  164  241  233  328  275  214  150  272  296  396  242
 57 :     46     66     94  185  109  148  252  224  207  255  311  197  274  246  324  278  242  291  277  276  377  290
 58 :     27     96     80  149  125   76  178  288  278  341  297  336  255  320  169  282  240  203  273  327  354  448
 59 :     82     85    113   40   69  116  176  233  161  210  309  261  339  345  160  261  229  170  250  247  247  260
 60 :     94     97    184  137  195  105  194  253  168  243  194  207  203  194  183  222  265  248  179  189  183  428
 61 :     56     83    177  102   65   50  204  267  267  183  285  151  277  241  170  251  265  233  276  164  424  411
 62 :     98     94    105  196   97   49  240  329  281  238  193  247  160  256  341  303  187  181  238  251  480  443
 63 :     12     37    141   53  172  174  347  318  290  306  300  285  239  243  214  197  222  183  185  177  155  293
 64 :     76     88     76  110  146  117   37  115  238   64  175  189  380  413  332  287  237  296  182  180  344  262
 65 :     84     53     98  109   30   99   26   32  181  164   66  144  408  413  231  365  319  311  246  152  423  303
 66 :     25     67    209  189   48  105  166  167   72   31  183   50  253  448  215  178  220  303  387  338  197  357
 67 :     71     47    194  127  107  185  211  125  122  167  160   22  369  336  170  391  319  157  251  398  168  179
 68 :     70     48    113  119  192   55   72  115  149  169  243  235  177  336  158  182  299  319  438  437  189  192
 69 :     48     91     33  144  148   66  218  183   78  249   82  190  165  425  276  305  237  172  417  408  243  345
 70 :     66     63    159   82   95  140  139  138   36  142  169  112  431  436  326  178  331  212  200  320  427  187
 71 :      1      1     28  155  138  222  142  137   74  109   91  249  298  191  184  255  359  323  375  346  253  238
 72 :     24     13     57   75  184  247  249  222  163  194   45  143  298  340  217  356  389  434  350  372  335  244
 73 :      3     98     28  165  204   43   51  249  238  156  228  159  150  221  260  211  373  395  185  344  334  246
 74 :     71     72    203  204  209  102   64  152   84  228  100   83  189  351  288  303  356  322  165  251  298  168
 75 :      9     10     99  179  175  232  164  139  155  124   46  108  438  263  256  377  177  317  356  387  404  310
 76 :     49     51    232  244  211   90   89   64  166   89  228  100  280  379  275  326  197  250  428  256  363  262
 77 :     97     43    108  148  101   75  145   96  163  131   39  221  352  289  249  323  245  326  449  215  382  215
 78 :     32     13    110   39  227   60  136   42  216  214   85  181  195  415  379  334  291  241  329  281  356  391
 79 :     24     95    123   42   95  222  166  204  166   77  213  144  221  157  343  178  400  315  284  406  281  285
 80 :     83     48    215   93  162  210  153  130  128   49   50  207  401  430  222  306  307  248  381  269  193  418
 81 :     29     42     49  193   73   84  131   56   99   94  158  153  187  339  406  262  283  354  189  409  281  291
 82 :     43      8     44   91   91   23  111  220  158  220  170  116  240  266  446  296  420  369  333  252  397  340
 83 :     53     66     47  181  167  233  132  163  159   62   76   70  249  224  212  178  375  323  188  268  391  240
 84 :     42     86    140  111  227  115  123  211   53   95  115  177  191  198  346  302  235  292  366  256  272  371
 85 :      2     44    116  112   68   78  105   84  210  196  127   29  151  222  351  422  318  170  398  190  299  316
 86 :     56     68     93   62   27   48  214   56  102   53   92   39  341  173  437  179  304  254  305  389  398  250
 87 :     35      1    165   50  195   34  126  102   50  142  199  228  391  152  241  250  152  297  332  401  284  179
 88 :     78     25     67  246  147   90  108   75  164   71  109  151  180  418  428  190  274  175  245  313  421  195
 89 :     83      6     87   88   94  105  244   52  157  130  120  197  153  153  234  446  417  318  242  189  365  272
 90 :     37     73     63  178  121  171   98  130  139   26   79  235  323  338  375  281  292  435  345  358  286  350
 91 :      2     34    169  233   94  105   44   45  195  169  168  152  159  298  195  208  411  293  165  220  218  241
 92 :     34     84    206  107   60  120  246  183   39  216   64   58  226  291  196  422  174  287  157  162  374  253
 93 :     57     78    183   34   61   59  148  125  240  230  235  144  401  189  310  395  164  179  166  421  286  236
 94 :     22     53     77   66   34  225  135  229  121   27  228  213  204  337  356  230  214  219  234  393  202  377
 95 :     32     27    246  149  204  173  220  237  163  200  167  226  324  163  386  448  350  376  257  400  226  247
 96 :      3     24    242  189  108  209   83  247  149  141  248  198  164  273  331  243  435  164  157  247  413  288
 97 :     82     85     38  240  160  149  227   58  118  181   57   64  426  271  201  212  292  157  263  424  262  208
 98 :     72     69    169  115  235  154   78  218  187   91   40  170  219  329  286  285  393  282  278  362  213  162
 99 :      5     60    194   71  170  197  200  114  214  200  231  204  354  248  346  426  411  417  298  332  376  282
100 :     79     26    245  114  196  168  169   87   69  131   50  193  279  196  354  209  232  234  349  425  280  430
