 Le nombre total de clients est : 50

 Le nombre total de périodes est : 20

 Le cout kilométrique est : 15

  1 :     33     48    368  279  238  392  329  322  326  397  317  393  176  153  195  123   73  105   53  214  160  124
  2 :     50     48    155  245  105  342  213  223  156  227  277  321  339  229  229  137  129  198  110  188   93  147
  3 :     24     61    114  171  232  390  122  215  113  289  312  386  360  117  140   53  109   61  109  223  237  128
  4 :     73     86    394  181  363  292  312  397  394  179  256  310  272  334  174  185  236  129  227  131  214   64
  5 :     33     37    147  297  190  138  245  112  395  160  384  180  155  214   64   94   84  229  182   63  243  164
  6 :     96      5    273  160  173  152  278  310  323  290  226  355  371  163  226  221  199  138  175  164  123  241
  7 :     94     93    109  360  360  276  162  372  342  293  142  253  131  299  241  169  139  234   94   55  104  147
  8 :     47     42    140  102  172   42  164  140  160  196  177   72  182   69  237  280   68  150  340  122  352  347
  9 :     61     35    171  196   91  148  104   20   84   49  269  183   66  136  240  232   83  338  255  234  357  270
 10 :     85     77    120   91  196  144   32  142   67  141   98  287  115  133  292  232  233  258  399  211  301  173
 11 :     24     62     89  163  183   95   31  165   51  107  328  274   97  255   82  117  105  322  267  394  115  361
 12 :     12     22    101   42   75   99   81   50   47   65   87  231   64  186  258  287  295  316  315  333  119  368
 13 :     32     51     65  197   62   53  177  153   41  112  340  256  267   91   63  216  314  147  311  222  165  264
 14 :      0     19    117  192  183   77  185  111  193  172   91  281  307  256  158  137  255  246  124  164  334  162
 15 :      5     57    150   53   28  166  100   78  188  103  305  309  282  346  311  118  279  359  195  246  272  255
 16 :      2     33     90   59   68   46   91  193   94  136  227  107  154  334  163  105  179  296  228  387  211  344
 17 :     61      3     36  182  194   51   81   49   84   41  143  159  139  321   52  149  244  387  253  282  323  142
 18 :     76     45     21   55   58  171  170   51  183  197  200  237   86  148  280  187  221  174  326  386  148  307
 19 :     28     75    184  125  169  107  116  134   76  192  266  224  132  219  184  132   66  161  117  358  319  278
 20 :      2     44    199  150   98   51  107  105   51   72  285  166  237   67   58  130  325  266  343  285  225  135
 21 :     66     16    182  158   32  157   43  191  163   56  335  323  307  164  342  212  345  207  261  239  183  230
 22 :      0     25     66  107  138  118   61   48   81  186  228  324   75  134  245  122  241  260  310  275  231  178
 23 :     86     19    175  195  138   20   93  103   49  179  168  118   90  155  155  229  339  114  251  274  214  107
 24 :     50     78    154   95  140   33   42   96  169  116  194  168  224  223  144  283   76  332  157  379  367  183
 25 :     66     22    100   52  149   39   93  182  153   86   63  226  275  235   50  128  201  312  128  143  332  265
 26 :     10     87     70  128   41  120  107  124  104  105   71  311  270   80   52  299  248  327  226  268  373  188
 27 :     74      1    184  140  143   97  135   87  100  101  211   83  113  136  102  346   86  168  351  370  190  369
 28 :     35     19    277  325  200  330  215  290  229  450  246  476  225  162  109  188  159  266  193  116   81   38
 29 :     82     62    195  298  193  445  421  230  388  170  345  306  166  228  263  215  243  183  284  236   88  172
 30 :     96     19    192  424  318  409  192  441  415  355  192  494  241  213  184  158  299  111  157  118   83   90
 31 :     89     40    199  283  486  333  229  426  228  445  231  301  167  199  124  192  223  227  182  166  174  191
 32 :     98      6    358  499  471  185  185  186  434  307  294  249  156  254  218  223  281  252  176  161  119  180
 33 :     36     85    221  381  476  191  395  343  183  443  368  357  286  197  142  116  145  272  193  117   81   33
 34 :     99     64    322  473  298  229  480  214  383  470  427  337  279  221  184  239  225  224  248  220   52  182
 35 :     28     64    388  464  392  190  482  247  172  273  199  327  121  161  112  215  193  138  124  290   37  151
 36 :     30     38    284  171  333  164  409  191  211  350  236  177  181  263  137  249  124  296  136  191  153  139
 37 :     52     48    360  379  247  289  474  241  385  322  396  415  225  159  290  260  172  171  104  178  157  123
 38 :     12     25    395  444  387  395  295  477  361  340  168  414  277  224  248  224  226  202  137  253   40  158
 39 :     92      9    152  374  155  366  422  497  171  280  308  483  132  163  163  160  283  288  166  212  142  144
 40 :     76     70    234  281  391  373  442  443  386  286  252  283  163  212  273  256  258  206  146  263  118   76
 41 :     54     14    249  175  117  148  207  298  270  147  136  113  178  280  144  110  175  128  136  116  266  228
 42 :     80     61    196  149  293  113  177  215  200  133  141  100  181  106  217  273  246  175  286  165  293  174
 43 :     81     17    286  279  223  121  259  120  117  111  230  100  182  290  273  176  277  299  197  127  137  251
 44 :     30     17    258  106  156  232  273  275  206  261  162  120  179  131  262  283  218  237  119  140  216  275
 45 :     71     55    155  202  269  148  259  159  210  189  180  213  116  173  228  211  139  209  254  116  214  219
 46 :     98     89    271  227  113  276  186  121  211  123  160  240  251  232  272  196  287  155  136  283  226  293
 47 :     98     39    278  101  113  248  297  111  283  298  236  224  264  179  162  187  103  251  157  188  148  121
 48 :     40     50    222  217  116  220  197  116  124  104  204  297  163  168  205  184  276  227  105  185  152  298
 49 :     30     51    283  229  127  183  241  280  131  112  107  294  247  124  153  260  248  298  295  284  250  271
 50 :     15     87    287  263  241  241  199  117  226  241  106  282  112  275  223  270  116  221  142  137  154  216
