 Le nombre total de clients est : 50

 Le nombre total de périodes est : 20

 Le cout kilométrique est : 15

  1 :     29     97    316  251  167  206  297  195  222  322  240  352  175  129  125  183  197  115  245  116  152   87
  2 :     41     20    223  310  289  206  116  397  271  128  371  198  336  323   88  240  160   64  192  131  229  111
  3 :     70     97    123  331  213  172  250  201  238  314  286  126  247  146   98   78   97   88   53  244   85  124
  4 :     25     68    218  196  357  166  245  316  348  373  210  343  219  149  124   96  133  173  158   75  162  239
  5 :     18     15    263  332  168  132  189  135  208  213  134  263  356  238   92  114  117  232  207   85  215  232
  6 :     10     95    313  301  337  356  244  206  341  354  208  204  105  230  165  198  100  160   51  106  176   69
  7 :     36     77    294  329  365  393  379  290  338  309  368  178  317  293  132   58  225   66   97   87  237  169
  8 :     21     93     55  197  194  124   37  135   56   27   89  346  295  260  151  328  287  189  202  216  194  109
  9 :     63     85    191  111   39   96   99  140   55   95  143  285  152  241  232  349  205  146  392  391  363  352
 10 :      9     67    142   71   98  123  119   23  105  171  254  322  182   57  284  145  308  124  109  192  370  145
 11 :      6     87     83   26  127   95  171  178   29  162  120  157  320  134   82  305  245  171  208  161  358  231
 12 :     37      2     57   33   21  140  150   89   54  134  296  278  324  268  262  327  112  317  215  123  302  351
 13 :     35     48    112   56  111  106   92   71   90  156  323  260  122  234   61  325  236  382  178  163  327  204
 14 :     80     33    171   91  188   77  133   66   60   52  201   64  121  154   61  175  134  175  307  328  129  217
 15 :     78     16     21   43   20   76  154   65   37   39  227  347  336  230  218  303  234  231  193  128  116  221
 16 :     17     12    165  147  167   42  188   38   50  119  262  302  132  260   53  227  303  373  309  345  275  302
 17 :     13     89     63  179  190  103  100   84   64   61  133  179  148  257  308  264  341  370  145  263  142  135
 18 :     24     79     73  139   55   83   24   36  170  197  347  134  165  313  299  177  217  292  215  290  355  265
 19 :     61     89    169  174  171  112  131  177  119   35  223  136  210  309  220   75  258  303  221  103  316  210
 20 :     67     28     90   55  167   91   87  156  101   98   96  300  301  330  236   61   61  243  183  319  280  262
 21 :     84     28    151   86   64  152  126  192   30  174  173  134  119  143  332  277  267  318  132  110  272  199
 22 :     98     80     70  120   30   47   46  150  100  164  105  295  246  161  157   85  125  304  191  296  274  177
 23 :     71     75     75  148   94  145   22   26  154  106  197  115  219  210  129  248  243  380  285  217  367  337
 24 :     47     46    136  155   62  122  149  116  138  163  320  136  220  229  201  165  196  334  189  345  105  332
 25 :     42     26     44  134   91  125  132  111   97  119   93  309  142  334  142  295  228  319  281  116  361  255
 26 :     17      1     74   89  176   49  134   22  154   34   66  177   58  347  130  313  222  231  151  335  239  311
 27 :     32     76     23   34   83  104   81   93   69   66  144  333  127  133  133  221  327  375  377  323  371  385
 28 :     76     49    438  470  156  190  435  353  178  352  223  405  205  230  160  103  229  128  259  114  192   86
 29 :     90     83    408  220  329  249  293  229  454  194  316  418  263  137  244  134  268  172  194  215   70   43
 30 :     54     94    459  486  369  161  401  448  473  269  435  447  200  145  138  133  145  202  127  220   23  160
 31 :     73     38    199  299  171  375  441  160  151  445  450  409  216  289  109  209  123  194  182  188  139   81
 32 :     32      8    345  345  371  337  208  472  410  153  336  241  167  299  158  298  261  117  272  135   67  107
 33 :     38     37    250  199  256  285  162  223  292  477  344  271  227  240  159  194  250  203  205  257  115   70
 34 :     41      2    300  323  316  480  451  229  249  439  322  217  203  233  208  231  123  297  222  176  144   67
 35 :     36     44    175  371  312  243  248  266  204  486  198  462  241  217  240  218  214  215  163  121   45   52
 36 :     50     88    199  151  484  204  189  397  467  491  180  173  233  291  285  140  134  263  106  257  168  161
 37 :      5     66    199  412  291  196  178  287  338  269  395  443  216  278  126  129  153  184  178  233   80  146
 38 :     65     55    426  481  420  287  211  359  253  446  309  166  222  130  294  251  256  157  125  299  189  105
 39 :     66     16    278  348  170  205  353  481  170  368  295  355  262  276  128  150  258  165  185  237  129   95
 40 :     21     37    236  285  180  490  367  426  472  357  311  279  229  201  131  297  246  176  257  217   29   27
 41 :     15     87    133  270  202  134  192  297  103  278  260  127  297  298  111  239  137  243  109  127  264  224
 42 :     74     75    142  214  230  207  233  276  299  111  212  163  138  146  236  220  208  244  129  246  125  238
 43 :     19     16    227  207  161  144  173  170  181  241  274  103  278  167  114  159  171  126  274  180  244  257
 44 :     97     96    248  118  253  148  267  185  264  206  157  278  154  197  145  123  284  236  194  190  253  292
 45 :      4     56    246  285  106  264  226  125  212  151  276  203  271  289  149  137  230  290  257  234  171  117
 46 :     72     71    175  258  142  147  213  201  215  294  175  198  274  108  252  249  134  250  164  253  287  117
 47 :     92     52    226  209  171  124  151  183  222  236  141  280  122  223  293  159  263  196  148  172  132  123
 48 :     11     97    274  201  231  293  292  166  272  268  123  107  139  289  283  200  226  197  195  105  196  216
 49 :     59     51    298  133  299  295  133  140  299  216  290  174  165  249  101  240  175  174  292  299  226  133
 50 :     67      4    272  216  153  153  285  251  261  188  189  291  198  259  140  282  148  264  289  149  132  203
