 Le nombre total de clients est : 100

 Le nombre total de périodes est : 20

 Le cout kilométrique est : 15

  1 :     70     16    305  218  401  360  349  160  222   52  249  188  207  121  285   99  146  244  354  254  370  306
  2 :      5     93    189  415  186  304  414  493  394  181  190  114  154  217  121  187  164  338  176  146  314  239
  3 :     32     32    229  149  481  374  310  421  228  168  228  235  160  299   79   91  221  225  374  235  394  289
  4 :     45     32    259  181  334  432  468  380  303  106   85   79  249  118   77  213  224  186  175  139  197  238
  5 :      2     17    284  270  394  363  316  261  398  157  242  274  167  210  287   84  196  114  111  158  377  117
  6 :     55     58    210  182  359  103  176  418  373   66  246   76  126  128  163  281  135  127  219  250  228  337
  7 :     41     50    294  170  175  421  411  181  287  114  140  120   97  274  267  212  258  372  112  136  118  304
  8 :     84     37    140  454  493  490  470  404  257   69  290  186  283   86   76  114  375  113  106  276  114  337
  9 :     77     10    166  151  145  327  222  468  361  160  156  282  207  176  117   61  206  219  384  303  146  136
 10 :     19     13    121  370  319  376  381  302  231  264  102   57  170  240  287  290  249  135  369  193  249  196
 11 :     34     43    421  138  338  444  101  369  275   74  260  292  239   88  208   60  192  236  379  304  338  109
 12 :      8     23    475  381  111  212  324  223  216  195  235  293  138  249   55  139  157  240  169  104  270  177
 13 :     97     81    223  257  228  151  465  485  269  239  103   70  131  150  178  120  237  212  366  174  244  331
 14 :     18     72    113  355  201  469  451  364  167  179  203  286  139   78   86  231  210  264  156  384  356  194
 15 :      8     18    140  397  445  198  274  450  135  266  161   70  267  125  240   71  198  260  347  189  332  314
 16 :     19     63    364  298  138  166  469  380  309  100  195  161   53  298  233  111  294  149  203  275  124  305
 17 :     91     51    269  102  499  340  440  426  389  252  296  108   64  195  287  177  300  349  384  282  357  364
 18 :      3     89    275  221  147  254  272  451  189  137  290   84  239   89   61  234  333  117  142  300  249  136
 19 :     13     60    297  415  441  453  445  299  226  155   82  275  292  122  118  286  284  145  352  284  193  230
 20 :     30     70    324  367  158  412  388  406  277   95  213  146  271  234  210  269  329  111  338  335  126  160
 21 :     71     64    272  404  259  276  127  266  375  209   65  229  247  206  232  183  138  248  318  349  186  254
 22 :     11     53    294  297  367  365  364  485  132  202  280  220  283  216  189   76  299  195  278  145  192  143
 23 :     14     15    261  479  162  261  250  244  169  200  147  239   63   60  184  116  180  132  174  365  284  197
 24 :     17     73    125  171  135  448  293  160  229  267   77  133  100  116   59  276  272  257  287  249  169  346
 25 :     93     64    354  361  285  498  389  182  249  135   98  250   80  184  100  141  389  310  204  127  320  286
 26 :     21     58    208  475  420  146  281  162  233   60  278  266  292  208  230  126  364  343  387  196  349  334
 27 :     44     71     88   96   67  160  239  214  155  163  308  274  213  228  349  182  246  337  233  172  203  485
 28 :     75      2    136   71  157  163  311  246  205  206  180  236  178  199  305  291  279  199  347  153  342  201
 29 :      5     80    144  197  127   76  182  190  248  152  174  247  273  339  274  202  286  163  237  244  132  189
 30 :     10     90    145   85   67   47  279  269  337  337  277  260  332  179  190  221  160  247  225  151  187  348
 31 :     59     41    180   62   64   95  307  254  319  239  269  186  210  305  280  178  275  279  273  240  139  254
 32 :     76     71    132  133   59  143  233  275  316  176  327  286  313  277  306  264  340  188  202  155  486  117
 33 :     11      2    181  155   40  175  269  238  283  261  264  294  301  171  243  157  194  291  245  250  243  289
 34 :      9      7     72   33  185   59  191  190  287  248  192  189  317  208  201  263  238  222  316  307  261  109
 35 :     98     42     48   35  171  172  330  294  249  208  295  189  164  264  194  299  220  226  211  185  442  351
 36 :     26     54     83   51  193  189  197  226  264  221  246  217  154  181  302  305  306  231  311  172  182  412
 37 :     24     69    115   84  108   78  331  320  319  283  206  333  173  302  264  204  264  179  206  326  105  105
 38 :     60     20     81  136   98  133  296  278  153  150  267  209  296  342  205  254  201  223  287  291  442  118
 39 :     35     76    124  117   80  152  340  218  246  262  215  250  177  324  338  237  259  346  259  291  401  190
 40 :     18     68    189  135  104   67  165  308  336  295  326  153  199  277  218  253  185  208  275  240  473  200
 41 :     19     44    124   88   49  164  170  168  231  331  295  187  319  286  201  192  248  329  218  205  498  283
 42 :     73     76    180  140   35   44  284  321  222  222  178  268  327  320  336  152  319  322  321  340  222  475
 43 :     40     13     93  160   86  153  304  298  318  226  310  205  154  269  299  243  327  298  200  262  474  198
 44 :     89     58    191  170  121  189  236  259  338  159  282  246  241  333  263  291  254  180  300  169  190  216
 45 :     98     99    190   69  100   52  285  211  305  227  178  277  275  315  216  341  187  217  318  152  124  384
 46 :     78     36    163  135   48   87  239  172  237  180  174  315  167  208  298  210  291  294  291  347  165  309
 47 :     31     73    144  100  184   44  293  155  263  275  155  162  172  185  323  223  306  272  349  338  290  217
 48 :     80     73    120   61  126  166  263  239  214  238  245  347  317  247  259  274  159  159  262  180  363  210
 49 :     36     95     97  181   89   62  259  336  162  341  166  271  189  237  228  187  284  302  278  194  246  193
 50 :     87     58    152  146  141  127  235  331  151  204  155  192  299  255  231  285  332  301  244  200  314  196
 51 :     32      4    131  153  135  139  265  247  321  343  330  201  152  290  235  170  191  264  268  180  151  435
 52 :     88     50     34  162  169  111  299  190  312  310  347  308  241  299  198  152  160  246  329  195  391  217
 53 :     44     63     33   59   58  174  287  342  294  181  249  188  332  346  204  325  325  321  235  327  186  370
 54 :     48     79     89   74   91  188  224  320  276  166  242  271  218  194  302  163  328  305  162  229  101  495
 55 :     30     65    181   90  133  121  258  349  185  232  243  297  260  280  348  268  190  329  187  243  389  303
 56 :     23     97    180  177   91  154  303  332  180  187  237  259  234  263  269  284  161  210  291  263  181  137
 57 :     24     86     39   53  179  110  231  185  338  261  202  184  167  344  320  320  185  341  313  164  436  131
 58 :     99     95    106  156  101  118  339  308  225  256  232  313  270  237  245  208  226  213  281  195  347  159
 59 :     30      8    147  140   81  175  335  286  187  236  237  230  287  285  329  311  254  306  335  283  100  460
 60 :     67     68    127   92   67   96  229  258  194  178  251  189  193  256  281  282  300  179  236  223  214  425
 61 :     24     81     55  189   62  185  196  310  252  172  283  291  200  337  276  327  326  342  291  190  407  362
 62 :     27     43     58  123  164  188  248  166  298  251  244  278  159  220  207  245  337  299  292  306  126  188
 63 :     11     59     62  167  121  199  260  197  262  276  174  202  187  159  300  194  188  194  246  325  469  383
 64 :     26     53     56  204  224  121   21  217  172   48  167  168  232  283  284  416  234  157  257  322  278  405
 65 :     94     77    161   60   33  199   61  218   62  211  141   96  444  167  444  229  282  443  311  444  229  345
 66 :     24     81    183   76  151  167   31  178  135  106  230  245  241  248  445  278  314  172  200  309  150  213
 67 :     85     97    212   71  135  195  247   29  246  156   64  160  155  435  405  372  317  217  228  236  336  408
 68 :     69     34    167  214  166  105  233  234  164  171  164  100  157  238  419  153  321  231  282  373  332  260
 69 :     63     35    153  235  174  202  100   53   89   50   23   90  179  414  399  402  353  415  410  383  156  201
 70 :     10     68     28  100  132  249   71   72  213  188  229  168  275  233  286  388  431  177  326  322  281  430
 71 :     93     75    239  129   75   85  168  168   53  162   88  140  333  325  342  364  345  330  201  378  440  257
 72 :     20     45    166  208  203  237   58  189  169  149  166   64  284  231  414  281  179  150  417  233  402  347
 73 :     64     67     39  131  194   37  173  220  169  148  121   91  375  228  280  356  266  366  211  237  211  264
 74 :     73     62    128  133   56   86  205  210  121  186  158  170  413  233  208  421  427  335  353  382  157  195
 75 :     15     37     86  128   57  159  133  198   53  124  129  215  364  421  153  279  167  257  208  412  352  229
 76 :     21     65    141  143   95  114   42   42  236  117  128   61  283  269  295  214  358  374  220  177  185  309
 77 :     32     75    209   76  150  176   95  137  166  144  135   90  180  310  298  215  155  401  176  264  289  220
 78 :     77      6    109  169   63  149  146   56  211  145  188  231  204  340  418  194  438  256  194  169  190  172
 79 :     36     71     85  247  240  232   64  198  227  181  122  132  399  192  259  317  303  349  231  407  349  167
 80 :     58     13    193  198  204   42  139  177  152   36   69   84  389  330  309  193  224  158  449  318  291  222
 81 :     48     67    189  189   48  161  133  149  144  175  201  227  414  348  213  399  181  352  186  293  234  316
 82 :     27     60    151   69  175  217  221  161  219  218  190  161  192  367  194  427  306  382  278  377  407  260
 83 :     46      0    171   45  218  248  192  117  203  249  175  127  164  243  206  371  204  265  210  226  333  155
 84 :      5     47    126  106  208   22   69  224   89  163  117   49  386  303  248  167  415  316  380  292  247  383
 85 :     92     64    176  147  172   60   38  208  157  131  218  128  365  401  340  369  444  443  409  336  444  358
 86 :     68     88    202  167  160  182  151  194   88   50   96  206  351  208  181  254  441  300  258  385  306  221
 87 :     44     73    106   26  146   40   20   99  199  100  220   65  336  387  245  183  193  187  289  334  423  419
 88 :     29     97    142  176   87  193   60  234   94  229  168  210  385  308  253  250  438  172  300  388  267  376
 89 :     53     27     67   89  166  210  229  165   75  199  158  191  333  275  278  153  342  429  358  151  281  403
 90 :     92     91    245  177  125  160   71   27   22   97  216   56  388  305  296  152  359  328  191  274  360  226
 91 :     37     95     31   57   23   24  194   29  181  245  134   98  393  367  416  429  305  271  299  413  364  163
 92 :     99     93    175  191   41  128  185   94  213  163   30   69  361  260  317  312  342  396  384  253  151  193
 93 :     37     90    237  174  230  115  110   29  157   52  113  137  249  221  424  439  298  370  353  167  435  219
 94 :     46     39     74  132  199  219   39  127  197  205   80   46  429  165  282  170  356  406  250  377  234  172
 95 :     52     62    141   55  145  117  117  178  223  156  169  155  186  174  363  284  308  363  444  317  178  420
 96 :     90      0     90  227  101  147  150  170  187  243  151   97  302  351  425  322  257  207  180  364  248  434
 97 :     66     91    175   91  236  240   37  111   57  171  230   62  336  325  314  169  157  322  325  249  170  171
 98 :     34      1    215  225  242  197   21   77  236   90   47  113  231  295  213  222  349  200  158  211  280  407
 99 :     39     87    156  245  186   31   32  108   33  233  174  216  193  377  241  375  240  291  327  177  247  153
100 :     91     50     38  225   72   73   25  118  243  213  125   22  294  243  302  275  297  418  172  245  386  253
