 Le nombre total de clients est : 50

 Le nombre total de périodes est : 20

 Le cout kilométrique est : 15

  1 :     13     70    329  321  235  317  356  157  170  217  242  272  390  367  171  127   70   89  216  147  109  161
  2 :     13     21    153  235  286  206  199  219  286  215  293  376  213  123  150  187   63  119  181  235  131  192
  3 :     92      4    387  187  388  324  196  273  192  154  119  156  279  131  133   78  246  139  149   58  232  203
  4 :     92     85    214  221  376  199  395  188  317  175  388  254  275  104  168  114  152   63  148   51  117  126
  5 :     15     70    390  112  119  149  264  247  348  127  393  214  270  220  200  179   50   68  235  221  197  228
  6 :     90     29    151  381  255  350  202  281  141  165  200  374  193  138  204  178   56   76  206  132   87   68
  7 :     22     34    190  179  304  230  322  111  284  374  394  126  217  387  199  199  247  239   97  111  211  170
  8 :     15     95     49   80  159   91   69  183  119  176  260  152  201  285  249  245  275  257  198  357  287  341
  9 :     84      8    146  195  160  164   89   98  155  129  181  206  118  180  293  160  260  220  201  386  240  109
 10 :     48      6     33  151  156  179  189  153   70   57   64  263  159  208   87  194  349  244  269  332  367  281
 11 :     94     17     24  182   74  108  175   71   92  110  288  218  182   81  349  114  275  163  171  283  121  245
 12 :     40     29     83  197  117  158  193   70  151   57   95  285   86  142  184  179  118  304  331  155  289  234
 13 :     60     63    174  139   97  144   90  190   89   46  119  221  310  239  152  217   55  169  251  107  192  399
 14 :      5     47    165   38  101   37   92   31   36  137   55  307  173  342   85  179  329  378  205  235  322  362
 15 :      0      1    133  187  141  119  124  119  150  172  310  293  254   94  337  293   68  379  386  240  297  305
 16 :     16     26     61   94  185  137   52  118  141  157  204  127   71  161  320  251  130  268  293  161  184  382
 17 :     37      1    117  195  196   90  119   68   84   56  209   98  184  253  321   83   96  310  117  245  389  178
 18 :     93     84    159   60  193   24   62   93   21   92  289  278  182  198  225  285   83  149  394  144  275  210
 19 :     89     22     90  188   93  161   83  110   39   68  127  255   80  292  176  304  182  242  271  260  173  360
 20 :      3     62    178  173   32   99  108  114   68   70  100  338  107  185  302  226  154  257  164  154  283  299
 21 :     69     77     67  125   68  147  149  169   61  128  201  345  247  302  240  227  257  126  106  133  294  286
 22 :     48     89     48   29  155  143  136  146  176   35  270  304  259   89  247  112  265  160  292  399  309  144
 23 :     70      4    148  117  133   80  109  190   35  133  206  110   67  312  168  190  118  163  345  341  381  227
 24 :     64     53    167  171  184   59  195  123  127  119  259  121  324  155  296  140   69  142  146  243  171  126
 25 :     67     35    112  111  158   55   24   40   39  164  182  297  301  339  320  239  341  238  165  123  189  138
 26 :     14     71     67  126  195  147   93  175  105   27   91   53  148  344  321  251  231  203  322  143  196  215
 27 :      7     63    138  101   97   97   54   69   23   81  110  327  134  267  223  225  281  222  241  108  224  115
 28 :     75     55    205  150  273  412  233  298  335  400  176  346  183  106  201  259  264  278  200  246  115  151
 29 :      2     10    325  468  291  322  428  196  355  480  238  390  197  220  153  162  285  140  179  282  151  160
 30 :     43     82    307  325  291  400  441  411  189  377  444  244  229  247  103  218  291  108  241  180  124   28
 31 :     24      0    418  387  286  198  224  313  236  245  442  220  268  164  153  129  240  179  144  268  194   92
 32 :     17     62    381  469  306  417  301  172  464  184  489  301  243  134  242  233  239  201  214  149   73   57
 33 :     99     24    445  257  184  379  262  343  387  431  420  291  271  111  274  193  128  251  105  185  184  178
 34 :     97      9    399  229  164  370  482  161  403  164  447  490  216  169  262  246  115  164  295  127  167  133
 35 :      1      9    372  431  222  445  310  319  174  390  175  215  279  118  299  290  255  228  159  158   66  134
 36 :      4     65    293  197  385  166  249  333  383  185  373  204  192  108  175  133  149  201  102  107   49  121
 37 :     43     22    189  365  421  168  320  369  315  230  449  277  144  130  142  160  223  233  154  106  156  180
 38 :     78     43    445  378  252  368  381  251  446  293  306  490  139  190  201  204  168  133  247  111  142   78
 39 :     40     44    417  300  285  297  493  395  314  361  285  341  291  160  279  197  143  255  164  273  109  106
 40 :     57      2    243  347  274  267  311  437  221  440  420  328  178  135  202  129  250  295  126  148  187  184
 41 :     81      4    191  263  174  101  258  207  263  169  214  259  217  204  247  248  200  113  104  192  105  188
 42 :     51     49    295  263  117  132  220  286  159  156  237  141  162  139  197  181  246  157  195  253  290  138
 43 :     82     10    150  208  150  288  203  146  276  268  103  149  193  118  224  251  115  183  195  258  101  220
 44 :     95     48    118  248  278  228  184  167  155  233  162  164  194  226  267  126  262  198  219  189  225  224
 45 :     64     85    295  277  279  132  279  113  107  243  123  205  242  110  232  138  183  109  161  171  191  257
 46 :      4     34    133  105  176  254  239  258  153  195  277  203  274  134  273  241  159  222  291  178  278  123
 47 :     91     83    268  173  171  167  234  170  138  202  108  228  150  214  140  219  132  289  262  140  121  288
 48 :      8     37    174  175  213  280  193  228  112  171  182  109  259  253  156  277  270  222  201  199  133  232
 49 :     22     13    207  173  154  161  282  141  250  234  187  110  142  259  164  265  185  245  286  226  266  235
 50 :      0     96    130  126  178  154  186  288  196  269  235  152  225  290  266  127  252  292  205  147  250  249
