 Le nombre total de clients est : 50

 Le nombre total de périodes est : 20

 Le cout kilométrique est : 15

  1 :     73     31    315  300  343  161  291  166  170  264  252  261  352  175  169  215  119   92  188  237   61  196
  2 :      1     25    159  150  165  268  125  119  245  372  122  388  345  156  225  107  217  189  179  145  192  191
  3 :     23     52    211  327  279  357  336  257  289  260  360  165  241  284  139   55  210  108   73  220  199  234
  4 :     95     28    216  229  210  221  265  239  159  191  306  249  216  318   90  113   96  177  120   67  193   69
  5 :     35     92    266  317  144  209  173  381  321  185  335  255  321  159  126  181   64  195  191  134  127   97
  6 :     73     87    158  148  377  346  178  289  107  388  356  391  135  241  117  170  119  218  167  217  246  167
  7 :     92     44    393  169  136  209  223  128  129  233  110  300  132  150  195  102  126  197  224   86  126  170
  8 :     44     78     35   55  165   42  115  191   88  161   93  132  253  101  225  120  287  267  296  164  149  251
  9 :     52     86     40   88   70   80   60  181   54  111  114   97  138  241  183  225   71  382  191  280  365  358
 10 :     90     49    104  178   92   46   78   25   28  182  270  259  174   95  212   96   92  316  255  398  365  353
 11 :     22     53    143   66  110  194  192   57  123   25  198  281  186  228  233  163  175  347  270  368  175  245
 12 :     87     93    195   75   90  166   62   90  144   27  143  340  144  195  135  261  147  180  181  215  399  377
 13 :     76     87     81   51  138  163   49   21   86  183  308  242   81  101   70  197   54  159  382  330  129  380
 14 :     22     72    131  147   46  137   70   39  126  122  143  329  237  174  197   53  348  182  163  178  325  208
 15 :     49     18    164  128  198   88   45  167  176  190   95  250  134  335  154  335  184  386  279  331  105  347
 16 :     85      0    140   61  197   61  177   92   47  159  173  203  253  277  119   89  202  326  368  243  107  341
 17 :      8     21    167  123  153  178   50   22  174   78   96  270  156  267  345  134   53  205  318  156  179  124
 18 :     21     98    140   28   89   93  148  190   45  103   60  108  202  236  103  116  223  245  254  155  215  118
 19 :     62     96    146  115   91  172  186  197   79  113  246  116  207  227  262  168  172  191  399  288  313  317
 20 :     40     25    111  179   54   21  165   81   33  139  227  266  261  118   78  276  310  381  211  287  131  140
 21 :     10     87     75   34  145   60  126  176  193  190  251  284  328  256  117  295  313  359  341  319  309  133
 22 :     67     88    175   27  105   99   31  166  145   96  276  219  333  218   83  149  314  384  240  298  357  190
 23 :     84     99    111  112  192  142  196  137  127   80  277  107  300   86  172  160  176  364  369  106  156  149
 24 :     76     72    139  129  163  113   34  157   67   67  255  301  127   81  156  274  158  207  151  156  115  391
 25 :     93     20    104   79  113  163   76  106  128  199  147  238  343  293  318  307   58  336  153  248  215  192
 26 :     44     47    196  139  138  182  197   89  154   51  233  147   63  210   50  168  208  341  327  273  314  385
 27 :     62     37     99  102  168   46  111   95   80  199  182  326  317  341  209  256  172  141  209  235  327  293
 28 :     87     97    322  311  349  332  284  260  178  324  157  466  191  126  274  260  158  181  281  249  191  195
 29 :     86     58    262  328  210  296  309  366  444  461  475  448  119  238  201  217  286  296  148  187  102   97
 30 :      7     32    421  384  381  476  284  429  197  463  454  319  273  215  244  204  167  153  233  252  108  100
 31 :     61     26    370  278  425  463  338  269  246  394  152  444  178  298  109  281  145  241  154  230  157  197
 32 :     36      9    218  394  278  471  496  494  253  303  332  293  146  259  180  194  239  240  213  229   34  111
 33 :     39     41    196  190  240  469  164  238  243  444  367  464  207  270  134  297  133  253  149  273  129   65
 34 :     79     52    419  156  339  330  226  353  386  464  296  401  217  202  259  181  229  130  218  231  138  167
 35 :     66     79    496  183  187  174  204  457  224  417  470  442  248  188  259  252  169  241  119  211   92   80
 36 :     57     67    300  374  342  342  294  364  194  415  399  199  221  113  135  127  188  205  286  299  181   85
 37 :     24     10    321  266  231  190  422  291  398  179  362  152  263  146  166  212  228  120  159  270  189   55
 38 :     54     66    313  344  187  349  276  447  443  463  392  414  155  179  188  193  169  269  155  267  157  109
 39 :     82     15    225  471  370  438  309  332  354  287  466  404  269  143  257  116  173  103  144  139  198  161
 40 :     56     81    482  256  401  339  179  439  189  261  190  165  117  178  225  160  241  209  272  296   77  167
 41 :     32      7    281  145  128  124  251  178  177  226  202  196  154  291  226  112  297  264  170  183  132  136
 42 :     99     86    205  114  152  279  286  139  141  132  234  272  163  134  174  251  138  156  174  146  275  105
 43 :     37     50    257  265  267  261  284  105  144  170  238  132  220  250  202  266  264  260  132  132  135  271
 44 :      8     14    187  198  154  269  142  151  245  248  101  205  167  247  173  121  129  233  132  231  207  292
 45 :     73     76    145  143  122  285  260  118  131  280  257  256  286  100  162  214  136  218  257  197  265  202
 46 :     47     75    260  103  100  217  161  232  207  123  169  180  269  288  205  109  117  167  171  227  299  135
 47 :     76      5    198  201  145  112  288  246  172  237  122  221  207  254  128  285  211  152  231  251  193  129
 48 :     57     79    273  168  280  225  293  152  285  251  155  170  213  168  208  123  294  103  294  198  274  121
 49 :     80     63    277  137  191  242  150  219  287  194  135  113  168  109  295  218  168  271  242  277  102  219
 50 :      4     49    139  158  142  127  108  165  220  166  169  184  231  115  114  195  119  116  114  280  280  201
