 Le nombre total de clients est : 100

 Le nombre total de périodes est : 20

 Le cout kilométrique est : 15

  1 :     55     87    431  306  149  277  425  363  380  173  152  120  185  165  267  153  377  382  164  240  395  295
  2 :     37     57    440  394  141  461  398  168  172  145  234  222  225  116   68  177  273  231  167  286  101  135
  3 :      9     68    304  406  310  411  418  368  441  122   86  133  226  263   72   56  118  377  257  275  327  136
  4 :     53     74    209  259  399  414  205  445  317  293  148  230  154  199  187   92  168  118  219  233  122  271
  5 :     11     10    261  384  266  485  381  384  383  108  158  291  240  192   57  152  197  282  303  151  285  353
  6 :     53     81    423  413  325  349  261  215  275  175  206  281  147   98  131   84  305  291  313  229  391  357
  7 :     96     90    245  315  176  429  438  313  117  129  293  187  290  102  109  190  203  387  185  248  166  364
  8 :     84     46    450  131  381  485  436  287  181  134  153  207  241  264  133  168  287  178  235  257  131  109
  9 :     15     92    260  466  479  303  305  282  465  100  152  247  225   99  198  297  268  318  222  331  246  108
 10 :     49     61    428  165  189  389  452  396  492  205   57  131  181  103  245  215  183  358  331  314  249  143
 11 :     40     39    291  331  115  454  420  168  357  270  161  227  292   63  202  270  177  275  234  211  143  231
 12 :     83     99    418  304  282  343  270  265  108   66  277  291  233  201  121  185  286  358  123  136  185  313
 13 :     54     31    458  115  174  232  486  295  368  230  100   98  210  271  212  158  325  151  146  321  198  346
 14 :      4     83    469  166  418  456  253  306  461  285  278  191  257  272  119  108  245  289  323  324  229  272
 15 :     16     92    283  213  344  113  426  364  422  131  296  138  291  133  160  176  354  292  253  145  165  149
 16 :     48     60    374  112  468  231  395  241  189  207   87  127  193  202  202  190  110  117  315  290  273  149
 17 :     14     19    268  132  370  209  441  331  154  145  278  199  116   63  216  245  227  125  141  218  101  395
 18 :     85     76    280  277  447  423  294  188  211  226  238  116  288   57  172  236  150  195  186  220  317  155
 19 :     97     39    299  145  465  271  205  226  121  222  151  152  246  241  255  136  150  302  311  394  111  126
 20 :     16     63    499  121  354  479  163  388  271   89  227  299  209  211  156  257  220  289  321  250  327  216
 21 :     86     73    213  284  218  326  299  335  420  157   58  198  120  174  266  121  380  251  219  112  131  177
 22 :     54     35    225  468  146  169  165  218  428   79  161  163  218  268  237   88  137  337  380  233  299  206
 23 :     68      8    400  261  208  275  321  199  386  107  267  282  204  278  209  271  275  270  119  144  195  236
 24 :     76     79    217  247  255  460  191  489  409  174  241   99  196  212  124  159  264  395  181  331  166  195
 25 :     72     68    338  302  448  114  396  413  342  247  243   79  226  275  145  149  240  236  264  133  330  134
 26 :     73     62    470  372  381  365  409  494  387  142  246   68  251  186  244  107  355  305  140  210  248  206
 27 :     25      2    191   79  168   86  220  261  164  167  346  332  292  157  346  205  153  211  266  254  388  371
 28 :     66     44    183  195   69  196  344  312  344  344  288  323  262  200  298  349  236  313  151  309  467  235
 29 :     91     67     48  142   65  175  156  187  320  239  340  170  227  277  220  251  206  195  208  218  207  446
 30 :     11     91    142   53   87  124  271  183  193  240  215  255  247  195  200  256  275  337  338  302  324  358
 31 :     88     28     34   67  103  181  238  218  255  305  165  284  342  227  214  250  346  324  287  285  257  243
 32 :     86     98    121  198  113  124  314  252  316  162  257  310  197  184  177  320  293  287  191  339  182  440
 33 :     88     54    199  122  193  121  269  321  156  298  234  326  314  251  330  320  305  188  206  289  202  352
 34 :     51     20    141   97  107  163  290  196  259  248  298  257  230  192  163  194  248  196  297  306  495  260
 35 :      1     29    198  171   54   37  338  260  216  342  323  172  251  208  334  337  276  226  211  283  339  169
 36 :      1      7    159   48  156  141  217  205  256  338  271  250  215  312  345  176  243  210  279  323  156  327
 37 :     36     62    101  108   93   61  207  160  214  169  159  294  301  344  207  256  185  157  180  190  346  269
 38 :     93     45    157  179  180  141  263  243  257  216  297  214  296  199  167  212  223  172  272  342  293  349
 39 :     44     12    151  170  172  133  329  324  237  204  185  294  329  183  260  227  271  211  232  170  166  223
 40 :     51      3    165  137  129  109  238  208  205  225  246  317  290  165  321  320  168  346  169  177  236  258
 41 :     46      7    139   43  190   64  309  314  308  169  323  296  276  307  284  208  163  219  249  171  198  173
 42 :     64     88    138  141   66   41  262  291  263  321  197  162  347  193  153  319  271  232  339  164  325  293
 43 :     35     83     31   78   71  150  219  183  164  222  210  151  219  229  283  181  173  193  215  239  142  240
 44 :     52      7    192   43   60   79  199  342  317  199  337  158  154  270  174  306  209  204  245  162  373  318
 45 :     70     18     62   45  147  195  243  265  189  254  253  200  167  312  156  166  333  192  288  195  423  347
 46 :     22     30    147  109  132  100  272  265  193  340  339  200  220  256  175  204  229  253  247  315  433  448
 47 :     39     78    106  150  112   91  241  234  296  324  268  304  280  229  287  301  260  287  250  251  384  203
 48 :      5     67     57  199   89  188  338  202  262  337  155  320  199  202  346  320  310  158  215  226  469  272
 49 :     11     69    178   77  186   76  236  248  193  246  182  298  203  182  183  271  296  293  255  302  471  460
 50 :     65     43    192   67  162   77  215  332  327  194  244  298  233  257  285  170  345  286  174  238  418  493
 51 :     71     92     32  124   48   56  256  217  266  222  281  307  320  272  199  319  332  330  154  349  142  380
 52 :      3     86    119   57  157   79  255  288  292  307  220  158  157  278  306  281  317  168  203  320  248  344
 53 :     26     10     46  130  148  154  255  291  217  150  183  188  179  211  256  201  209  250  274  285  364  423
 54 :     32     19    129   85   39  185  224  270  243  174  233  251  190  222  225  162  237  250  348  222  408  437
 55 :      6     13    122   82   97  106  175  322  207  221  157  162  189  323  263  221  334  187  163  309  186  261
 56 :     37     55    146  154  110  161  232  285  315  154  168  225  210  340  174  197  340  176  217  298  442  164
 57 :     34     98     66  164  108   75  258  202  166  321  275  292  346  168  197  213  322  321  160  347  269  275
 58 :     15      3     57  117  173  153  311  256  171  295  183  242  159  190  288  267  294  260  236  346  259  223
 59 :     84     49     39  179   67  125  275  170  195  189  193  195  275  312  155  171  233  330  158  324  121  125
 60 :      0     79     43   45   45   61  301  343  153  297  337  337  227  227  303  198  220  152  169  318  324  450
 61 :     20     28     34   42  175   79  164  207  264  175  155  215  183  174  166  263  274  238  160  158  250  288
 62 :     62     23     39  125   49   57  237  317  336  209  188  292  340  249  262  164  218  346  209  167  424  212
 63 :     14     65    118  193  129  163  167  195  162  263  238  287  328  151  293  201  304  151  169  327  179  207
 64 :     96     17     54   51   24  213   42   22  142  175  233  135  383  402  202  263  406  396  402  349  430  251
 65 :     45     64     97  169   63   54   81  215   21   56  167   85  261  362  310  298  270  375  427  240  326  333
 66 :     83     22     20  216  185  182  114  143  168  184  148  202  340  404  297  404  166  431  215  447  395  228
 67 :     83      9     73  232   63  244  203  233  169  145   61   92  304  405  331  253  406  172  259  393  267  377
 68 :     44      7    149  245  199  100   67  157  121  228  212  214  205  448  369  356  352  350  315  323  415  205
 69 :     49     74    229  227  139  101  177   23   67   74  171  224  285  257  270  363  261  204  353  196  314  357
 70 :     59     91    119  228  210  120  166  150  225   48  176  131  264  193  198  330  445  196  211  287  278  165
 71 :     61     47    130  109  120   85  165  148   29   71   80  138  260  155  390  280  411  419  301  380  338  225
 72 :     86     97    195  151  161   50   84  208  106  249  203   27  345  447  343  319  321  150  310  250  203  328
 73 :     59     54     82  148  133   37   59  215   75  193  104  206  396  421  369  155  381  235  244  313  447  157
 74 :     46     97    249  234   69  103   49  218  125  117   79  129  322  267  291  368  364  238  336  248  274  268
 75 :      9     92    118   86  151  183  224   85  198   58  134  242  247  177  236  368  166  190  353  151  181  331
 76 :     94     80    183   68   77  202  236   51  222  149   37  211  333  190  171  208  244  324  335  405  433  183
 77 :     94     67     59   81  238   49  229  237   23   71  245  147  191  361  303  364  399  389  323  177  217  188
 78 :     79     15     46   46  134  110   54   58  130   93   56  238  238  354  221  288  419  281  424  232  445  235
 79 :     82     37     75  153   67  146   61  123  219   97  176  102  411  285  379  287  194  226  261  417  170  265
 80 :     73     23    180  132  144   40  211  112  127  167  146   62  272  357  325  401  230  262  257  213  430  227
 81 :     74     67    120  104   68   38  181   88   58  158   80   37  407  390  390  247  401  295  201  332  306  395
 82 :     86     61    186   40  238  234  235  166  107   51  103   91  195  256  352  347  266  258  297  188  417  332
 83 :     38     83    213   67   81  128   73  151  198   63  249  127  189  371  182  158  429  374  405  262  356  394
 84 :     69     99    199  230   73  105  186   48  100  197   99  198  267  216  359  160  268  215  388  272  217  431
 85 :     20     37     72  129  247   45  184  220   90  134  165  191  322  199  304  175  355  181  409  410  371  334
 86 :     86     21    108   62  182   71   41  114   21  234   70  158  346  293  425  395  211  293  269  223  358  435
 87 :     42     75     96   29  101   99  104  105   59   45  159  249  345  367  384  412  364  209  253  287  358  373
 88 :     76     16     55  116  102   42  137  205  124  191  114  213  361  442  194  230  338  297  371  285  229  273
 89 :     69     15    124   82  124   45   41  151  186  109  245  114  417  260  421  352  185  229  402  256  381  240
 90 :     98     86    238  132  203  118  164   97   77  110  105   36  287  313  328  271  221  380  374  226  447  210
 91 :     75     29    216   91   68  202   38  208  207  181  218  116  344  294  307  153  152  354  370  229  427  385
 92 :     43     53     74  157  129   92   98   70  225   57   76  161  403  320  414  377  255  282  339  163  385  352
 93 :     73     30     45   55  204   41  195  230   51   86   39  193  157  379  222  379  272  306  292  205  263  203
 94 :     49     78    199  127  171   93  219  232  231  162  173   59  394  197  210  423  285  352  323  307  186  341
 95 :     39     67    100  183  102  231   63  218  113  231   32  128  180  350  314  218  150  372  370  242  348  250
 96 :     76     85    102  171  131  203  122   85  212   33  135  144  220  412  340  198  417  260  246  293  382  410
 97 :      8     27    169   62  171  219   29  167  154   91  191   54  406  347  393  179  168  395  382  330  226  391
 98 :     79     86    103  145  220  204  221   90  212  175   24  244  178  280  366  291  194  349  162  178  444  339
 99 :     61     44    101  118  112  209   47  143  178   29   67  198  166  309  434  430  281  249  228  366  346  440
100 :     50     19     60   40   70  169  172   36   25  139  200  142  401  352  408  232  376  304  207  198  208  262
